*********************  Core Excitation Data  ********************
****************  A.P. Hitchcock & D.C. Mancini  ****************
*
* Formula: (C6H5)2CO
* Name: Benzophenone
* Edge: C1s
* Alpha Formula: C13H10O
* Data Source:Hitchcock
* Filename:ph-1cckk.os
* Ref. Code: HH13
* Write Date: 17 / 06 / 2013
* Reference: Hitchcock (unpublished)
* Source and Purity: unknown (Brook Group)
* Acquisition Mode:EELS, 2 deg, 2500 eV CRE mode, 0.7 eV fwhm
*--------------------------------------------------------------
* No. of Spectra: 2 files         0phc      0phc.os
*   E (eV)        Raw data             Osc. Str. per atom (E-2)
*--------------------------------------------------------------
 2.7511E+02 6.4178E+03 -5.6155E-04
 2.7541E+02 6.3931E+03 -5.4736E-04
 2.7571E+02 6.3203E+03 -1.3869E-03
 2.7601E+02 6.3062E+03 -1.1914E-03
 2.7631E+02 6.3528E+03 7.8553E-05
 2.7661E+02 6.4442E+03 2.1417E-03
 2.7691E+02 6.2968E+03 -2.9892E-05
 2.7721E+02 6.3309E+03 1.0177E-03
 2.7751E+02 6.2620E+03 2.3003E-04
 2.7781E+02 6.2061E+03 -3.2983E-04
 2.7811E+02 6.2711E+03 1.2700E-03
 2.7841E+02 6.0343E+03 -2.5352E-03
 2.7871E+02 6.1996E+03 8.5963E-04
 2.7901E+02 6.0091E+03 -2.1294E-03
 2.7931E+02 6.0696E+03 -6.1236E-04
 2.7961E+02 6.0919E+03 2.1833E-04
 2.7990E+02 6.2018E+03 2.6304E-03
 2.8020E+02 6.1502E+03 2.1299E-03
 2.8050E+02 6.2025E+03 3.5067E-03
 2.8080E+02 6.1642E+03 3.2416E-03
 2.8108E+02 5.9950E+03 5.6229E-04
 2.8128E+02 5.8230E+03 -2.2838E-03
 2.8148E+02 5.9850E+03 9.4450E-04
 2.8168E+02 5.7760E+03 -2.5834E-03
 2.8188E+02 5.6480E+03 -4.6430E-03
 2.8208E+02 5.9280E+03 7.4582E-04
 2.8228E+02 5.7460E+03 -2.3026E-03
 2.8248E+02 6.1290E+03 4.9835E-03
 2.8268E+02 5.9270E+03 1.5639E-03
 2.8288E+02 6.1050E+03 5.1073E-03
 2.8308E+02 6.4260E+03 1.1283E-02
 2.8328E+02 6.6960E+03 1.6534E-02
 2.8348E+02 7.4170E+03 3.0092E-02
 2.8368E+02 8.4510E+03 4.9444E-02
 2.8378E+02 1.0087E+04 7.9756E-02
 2.8388E+02 1.1967E+04 1.1460E-01
 2.8393E+02 1.3877E+04 1.4993E-01
 2.8403E+02 1.7766E+04 2.2191E-01
 2.8408E+02 2.2988E+04 3.1842E-01
 2.8418E+02 2.8396E+04 4.1860E-01
 2.8428E+02 3.8170E+04 5.9955E-01
 2.8433E+02 5.4811E+04 9.0734E-01
 2.8443E+02 7.0648E+04 1.2008E+00
 2.8448E+02 8.1122E+04 1.3949E+00
 2.8458E+02 9.8286E+04 1.7135E+00
 2.8468E+02 1.1428E+05 2.0106E+00
 2.8473E+02 1.3343E+05 2.3660E+00
 2.8483E+02 1.4167E+05 2.5200E+00
 2.8488E+02 1.4944E+05 2.6647E+00
 2.8497E+02 1.5013E+05 2.6791E+00
 2.8507E+02 1.4231E+05 2.5356E+00
 2.8512E+02 1.3725E+05 2.4424E+00
 2.8522E+02 1.2810E+05 2.2738E+00
 2.8527E+02 1.1646E+05 2.0583E+00
 2.8537E+02 1.0226E+05 1.7956E+00
 2.8547E+02 9.0001E+04 1.5687E+00
 2.8552E+02 7.9360E+04 1.3713E+00
 2.8562E+02 6.9931E+04 1.1967E+00
 2.8567E+02 6.1737E+04 1.0445E+00
 2.8577E+02 5.8377E+04 9.8263E-01
 2.8587E+02 5.2917E+04 8.8154E-01
 2.8592E+02 4.9931E+04 8.2618E-01
 2.8602E+02 4.7599E+04 7.8326E-01
 2.8607E+02 4.6413E+04 7.6141E-01
 2.8617E+02 4.4818E+04 7.3218E-01
 2.8627E+02 4.3939E+04 7.1628E-01
 2.8632E+02 4.2824E+04 6.9571E-01
 2.8642E+02 4.1714E+04 6.7546E-01
 2.8647E+02 4.0125E+04 6.4601E-01
 2.8657E+02 3.8031E+04 6.0732E-01
 2.8667E+02 3.6307E+04 5.7550E-01
 2.8672E+02 3.5243E+04 5.5581E-01
 2.8682E+02 3.5430E+04 5.5973E-01
 2.8687E+02 3.5509E+04 5.6142E-01
 2.8697E+02 3.6300E+04 5.7667E-01
 2.8707E+02 3.6965E+04 5.8957E-01
 2.8712E+02 3.7925E+04 6.0780E-01
 2.8722E+02 3.8705E+04 6.2288E-01
 2.8727E+02 3.9438E+04 6.3687E-01
 2.8737E+02 3.9252E+04 6.3384E-01
 2.8747E+02 3.8123E+04 6.1308E-01
 2.8752E+02 3.7818E+04 6.0758E-01
 2.8762E+02 3.6662E+04 5.8629E-01
 2.8767E+02 3.5804E+04 5.7037E-01
 2.8777E+02 3.5593E+04 5.6683E-01
 2.8787E+02 3.5344E+04 5.6256E-01
 2.8792E+02 3.5253E+04 5.6106E-01
 2.8802E+02 3.6120E+04 5.7782E-01
 2.8812E+02 3.7466E+04 6.0363E-01
 2.8817E+02 3.9273E+04 6.3792E-01
 2.8827E+02 3.9615E+04 6.4483E-01
 2.8832E+02 4.0935E+04 6.6998E-01
 2.8842E+02 4.1804E+04 6.8686E-01
 2.8852E+02 4.3015E+04 7.1023E-01
 2.8857E+02 4.4441E+04 7.3742E-01
 2.8867E+02 4.5583E+04 7.5952E-01
 2.8872E+02 4.6820E+04 7.8318E-01
 2.8882E+02 4.7245E+04 7.9176E-01
 2.8892E+02 4.8409E+04 8.1433E-01
 2.8897E+02 4.8895E+04 8.2381E-01
 2.8907E+02 4.8491E+04 8.1671E-01
 2.8912E+02 4.9608E+04 8.3815E-01
 2.8922E+02 4.9341E+04 8.3365E-01
 2.8932E+02 4.9252E+04 8.3252E-01
 2.8937E+02 4.8740E+04 8.2309E-01
 2.8947E+02 4.8448E+04 8.1810E-01
 2.8952E+02 4.7642E+04 8.0307E-01
 2.8962E+02 4.7340E+04 7.9788E-01
 2.8972E+02 4.6845E+04 7.8901E-01
 2.8977E+02 4.6247E+04 7.7791E-01
 2.8987E+02 4.6312E+04 7.7967E-01
 2.8992E+02 4.6522E+04 7.8393E-01
 2.9002E+02 4.6889E+04 7.9145E-01
 2.9012E+02 4.7007E+04 7.9423E-01
 2.9017E+02 4.6930E+04 7.9304E-01
 2.9027E+02 4.8318E+04 8.2003E-01
 2.9032E+02 4.9058E+04 8.3442E-01
 2.9042E+02 4.9276E+04 8.3913E-01
 2.9052E+02 5.0085E+04 8.5514E-01
 2.9057E+02 5.1077E+04 8.7436E-01
 2.9067E+02 5.1840E+04 8.8951E-01
 2.9072E+02 5.2494E+04 9.0230E-01
 2.9082E+02 5.2893E+04 9.1052E-01
 2.9092E+02 5.3466E+04 9.2207E-01
 2.9113E+02 5.5797E+04 9.6797E-01
 2.9133E+02 5.7771E+04 1.0071E+00
 2.9153E+02 5.9487E+04 1.0413E+00
 2.9173E+02 6.2550E+04 1.1014E+00
 2.9193E+02 6.5336E+04 1.1564E+00
 2.9206E+02 6.7402E+04 1.1971E+00
 2.9221E+02 7.0146E+04 1.2510E+00
 2.9251E+02 7.8528E+04 1.4149E+00
 2.9281E+02 8.3419E+04 1.5119E+00
 2.9311E+02 8.5594E+04 1.5567E+00
 2.9341E+02 8.5533E+04 1.5583E+00
 2.9371E+02 8.4163E+04 1.5345E+00
 2.9401E+02 8.2328E+04 1.5015E+00
 2.9431E+02 7.9412E+04 1.4474E+00
 2.9461E+02 7.7932E+04 1.4212E+00
 2.9491E+02 7.6075E+04 1.3875E+00
 2.9521E+02 7.4085E+04 1.3510E+00
 2.9551E+02 7.3069E+04 1.3336E+00
 2.9581E+02 7.2440E+04 1.3236E+00
 2.9610E+02 7.1811E+04 1.3137E+00
 2.9640E+02 7.1211E+04 1.3042E+00
 2.9670E+02 7.0968E+04 1.3018E+00
 2.9700E+02 7.1349E+04 1.3116E+00
 2.9730E+02 7.1734E+04 1.3216E+00
 2.9760E+02 7.1861E+04 1.3264E+00
 2.9790E+02 7.2079E+04 1.3331E+00
 2.9820E+02 7.2651E+04 1.3468E+00
 2.9850E+02 7.3184E+04 1.3598E+00
 2.9880E+02 7.3416E+04 1.3669E+00
 2.9910E+02 7.3571E+04 1.3724E+00
 2.9940E+02 7.4504E+04 1.3934E+00
 2.9970E+02 7.4223E+04 1.3902E+00
 3.0000E+02 7.4113E+04 1.3905E+00
 3.0030E+02 7.4155E+04 1.3938E+00
 3.0060E+02 7.3873E+04 1.3905E+00
 3.0090E+02 7.4124E+04 1.3980E+00
 3.0120E+02 7.3945E+04 1.3968E+00
 3.0150E+02 7.3975E+04 1.3999E+00
 3.0180E+02 7.2973E+04 1.3821E+00
 3.0210E+02 7.2964E+04 1.3843E+00
 3.0240E+02 7.2062E+04 1.3684E+00
 3.0270E+02 7.1369E+04 1.3567E+00
 3.0300E+02 7.0706E+04 1.3456E+00
 3.0330E+02 7.0326E+04 1.3402E+00
 3.0360E+02 6.9050E+04 1.3165E+00
 3.0390E+02 6.8624E+04 1.3101E+00
 3.0420E+02 6.7007E+04 1.2793E+00
 3.0449E+02 6.6041E+04 1.2618E+00
 3.0479E+02 6.5280E+04 1.2484E+00
 3.0509E+02 6.3823E+04 1.2206E+00
 3.0539E+02 6.2596E+04 1.1975E+00
 3.0569E+02 6.1153E+04 1.1699E+00
 3.0599E+02 6.0373E+04 1.1558E+00
 3.0672E+02 5.7952E+04 1.1107E+00
 3.0732E+02 5.5236E+04 1.0582E+00
 3.0792E+02 5.3388E+04 1.0234E+00
 3.0852E+02 5.2177E+04 1.0018E+00
 3.0912E+02 5.0702E+04 9.7446E-01
 3.0972E+02 4.9274E+04 9.4793E-01
 3.1032E+02 4.7989E+04 9.2425E-01
 3.1092E+02 4.6822E+04 9.0292E-01
 3.1152E+02 4.5727E+04 8.8297E-01
 3.1212E+02 4.5058E+04 8.7191E-01
 3.1271E+02 4.4537E+04 8.6396E-01
 3.1331E+02 4.3519E+04 8.4531E-01
 3.1391E+02 4.2567E+04 8.2796E-01
 3.1451E+02 4.2105E+04 8.2101E-01
 3.1511E+02 4.1581E+04 8.1268E-01
 3.1571E+02 4.1491E+04 8.1368E-01
 3.1631E+02 4.0828E+04 8.0222E-01
 3.1691E+02 4.0633E+04 8.0088E-01
 3.1751E+02 4.0120E+04 7.9256E-01
 3.1811E+02 3.9781E+04 7.8800E-01
 3.1871E+02 3.9485E+04 7.8433E-01
 3.1931E+02 3.9440E+04 7.8617E-01
 3.1991E+02 3.9322E+04 7.8638E-01
 3.2118E+02 3.8552E+04 7.7525E-01
 3.2208E+02 3.8121E+04 7.6979E-01
 3.2298E+02 3.7969E+04 7.7047E-01
 3.2388E+02 3.7665E+04 7.6772E-01
 3.2478E+02 3.7093E+04 7.5889E-01
 3.2567E+02 3.6933E+04 7.5927E-01
 3.2657E+02 3.6888E+04 7.6224E-01
 3.2747E+02 3.6836E+04 7.6505E-01
 3.2837E+02 3.5771E+04 7.4460E-01
 3.2927E+02 3.5246E+04 7.3637E-01
 3.3017E+02 3.4816E+04 7.3027E-01
 3.3107E+02 3.4387E+04 7.2409E-01
 3.3197E+02 3.3986E+04 7.1852E-01
 3.3287E+02 3.3020E+04 6.9958E-01
 3.3376E+02 3.2463E+04 6.9011E-01
 3.3466E+02 3.2402E+04 6.9227E-01
 3.3556E+02 3.1718E+04 6.7960E-01
 3.3646E+02 3.1189E+04 6.7053E-01