*********************  Core Excitation Data  ********************
****************  A.P. Hitchcock & D.C. Mancini  ****************
*
* Formula: (C6H5)2CO
* Name: Benzophenone
* Edge: O1s
* Alpha Formula: C13H10O
* Data Source:Hitchcock
* Filename:ph-1ookk.os
* Ref. Code: HH13
* Write Date: 17 / 06 / 2013
* Reference: Hitchcock (unpublished)
* Source and Purity: unknown (Brook Group)
* Acquisition Mode:EELS, 2 deg, 2500 eV CRE mode, 0.7 eV fwhm
*--------------------------------------------------------------
* No. of Spectra: 2 files         0pho      0pho.os
*   E (eV)        Raw data             Osc. Str. per atom (E-2)
*--------------------------------------------------------------
 5.2227E+02 1.2997E+05 -7.8152E-03
 5.2262E+02 1.3081E+05 3.3957E-02
 5.2297E+02 1.2965E+05 7.6840E-04
 5.2332E+02 1.2933E+05 -6.7293E-04
 5.2367E+02 1.2889E+05 -6.8393E-03
 5.2402E+02 1.2794E+05 -3.2464E-02
 5.2437E+02 1.2786E+05 -2.5148E-02
 5.2472E+02 1.2850E+05 8.9526E-03
 5.2507E+02 1.2793E+05 -2.2871E-03
 5.2542E+02 1.2735E+05 -1.4010E-02
 5.2577E+02 1.2800E+05 2.0901E-02
 5.2612E+02 1.2809E+05 3.4313E-02
 5.2647E+02 1.2724E+05 1.2424E-02
 5.2682E+02 1.2595E+05 -2.6296E-02
 5.2717E+02 1.2601E+05 -1.4094E-02
 5.2752E+02 1.2580E+05 -1.2096E-02
 5.2787E+02 1.2620E+05 1.3240E-02
 5.2822E+02 1.2540E+05 -7.0926E-03
 5.2857E+02 1.2594E+05 2.3471E-02
 5.2891E+02 1.2488E+05 -6.9833E-03
 5.2926E+02 1.2521E+05 1.5828E-02
 5.2961E+02 1.2759E+05 1.1650E-01
 5.3015E+02 1.4317E+05 7.2697E-01
 5.3030E+02 1.4969E+05 9.8077E-01
 5.3045E+02 1.6122E+05 1.4263E+00
 5.3060E+02 1.6944E+05 1.7457E+00
 5.3075E+02 1.7030E+05 1.7837E+00
 5.3090E+02 1.6861E+05 1.7240E+00
 5.3105E+02 1.6415E+05 1.5581E+00
 5.3120E+02 1.5842E+05 1.3435E+00
 5.3135E+02 1.5182E+05 1.0951E+00
 5.3150E+02 1.4563E+05 8.6253E-01
 5.3165E+02 1.3877E+05 6.0386E-01
 5.3180E+02 1.3485E+05 4.5790E-01
 5.3195E+02 1.3186E+05 3.4763E-01
 5.3210E+02 1.2865E+05 2.2851E-01
 5.3225E+02 1.2727E+05 1.7977E-01
 5.3240E+02 1.2659E+05 1.5780E-01
 5.3255E+02 1.2498E+05 1.0005E-01
 5.3270E+02 1.2347E+05 4.6476E-02
 5.3285E+02 1.2432E+05 8.3288E-02
 5.3300E+02 1.2387E+05 7.0396E-02
 5.3315E+02 1.2487E+05 1.1307E-01
 5.3330E+02 1.2600E+05 1.6066E-01
 5.3345E+02 1.2772E+05 2.3141E-01
 5.3360E+02 1.2940E+05 3.0058E-01
 5.3375E+02 1.3029E+05 3.3920E-01
 5.3390E+02 1.2892E+05 2.9064E-01
 5.3405E+02 1.2855E+05 2.8066E-01
 5.3420E+02 1.2915E+05 3.0804E-01
 5.3435E+02 1.2785E+05 2.6194E-01
 5.3450E+02 1.2663E+05 2.1913E-01
 5.3465E+02 1.2644E+05 2.1602E-01
 5.3479E+02 1.2586E+05 1.9796E-01
 5.3494E+02 1.2532E+05 1.8107E-01
 5.3509E+02 1.2503E+05 1.7420E-01
 5.3524E+02 1.2630E+05 2.2751E-01
 5.3539E+02 1.2628E+05 2.3107E-01
 5.3554E+02 1.2695E+05 2.6137E-01
 5.3569E+02 1.2825E+05 3.1599E-01
 5.3584E+02 1.2786E+05 3.0528E-01
 5.3599E+02 1.2913E+05 3.5871E-01
 5.3614E+02 1.2846E+05 3.3684E-01
 5.3629E+02 1.2729E+05 2.9576E-01
 5.3644E+02 1.2652E+05 2.6985E-01
 5.3659E+02 1.2707E+05 2.9570E-01
 5.3674E+02 1.2653E+05 2.7881E-01
 5.3689E+02 1.2650E+05 2.8199E-01
 5.3704E+02 1.2723E+05 3.1465E-01
 5.3719E+02 1.2705E+05 3.1172E-01
 5.3749E+02 1.2707E+05 3.2095E-01
 5.3764E+02 1.2706E+05 3.2484E-01
 5.3779E+02 1.2745E+05 3.4425E-01
 5.3794E+02 1.2718E+05 3.3814E-01
 5.3809E+02 1.2746E+05 3.5326E-01
 5.3824E+02 1.2837E+05 3.9306E-01
 5.3839E+02 1.2885E+05 4.1623E-01
 5.3897E+02 1.3063E+05 5.0231E-01
 5.3937E+02 1.3185E+05 5.6163E-01
 5.3977E+02 1.3241E+05 5.9504E-01
 5.4017E+02 1.3318E+05 6.3672E-01
 5.4057E+02 1.3506E+05 7.2238E-01
 5.4097E+02 1.3345E+05 6.7039E-01
 5.4137E+02 1.3420E+05 7.1130E-01
 5.4177E+02 1.3403E+05 7.1633E-01
 5.4217E+02 1.3301E+05 6.8755E-01
 5.4257E+02 1.3245E+05 6.7684E-01
 5.4297E+02 1.3181E+05 6.6277E-01
 5.4337E+02 1.3133E+05 6.5519E-01
 5.4377E+02 1.3024E+05 6.2308E-01
 5.4417E+02 1.3050E+05 6.4498E-01
 5.4457E+02 1.3106E+05 6.7851E-01
 5.4497E+02 1.3008E+05 6.5079E-01
 5.4536E+02 1.3035E+05 6.7261E-01
 5.4576E+02 1.2959E+05 6.5358E-01
 5.4616E+02 1.2969E+05 6.6867E-01
 5.4656E+02 1.3080E+05 7.2430E-01
 5.4696E+02 1.3040E+05 7.1950E-01
 5.4736E+02 1.2849E+05 6.5404E-01
 5.4776E+02 1.2926E+05 6.9615E-01
 5.4816E+02 1.2921E+05 7.0535E-01
 5.4856E+02 1.2918E+05 7.1529E-01
 5.4896E+02 1.2788E+05 6.7427E-01
 5.4936E+02 1.2795E+05 6.8783E-01
 5.4976E+02 1.2692E+05 6.5749E-01
 5.5016E+02 1.2603E+05 6.3229E-01
 5.5056E+02 1.2486E+05 5.9611E-01
 5.5147E+02 1.2459E+05 6.0989E-01
 5.5227E+02 1.2259E+05 5.5048E-01
 5.5307E+02 1.2306E+05 5.9113E-01
 5.5387E+02 1.2195E+05 5.6707E-01
 5.5467E+02 1.1930E+05 4.7996E-01
 5.5547E+02 1.1929E+05 5.0100E-01
 5.5626E+02 1.1842E+05 4.8616E-01
 5.5706E+02 1.1753E+05 4.7045E-01
 5.5786E+02 1.1676E+05 4.5946E-01
 5.5866E+02 1.1495E+05 4.0549E-01
 5.5946E+02 1.1455E+05 4.0930E-01
 5.6026E+02 1.1512E+05 4.5328E-01
 5.6106E+02 1.1484E+05 4.6216E-01
 5.6186E+02 1.1398E+05 4.4703E-01
 5.6266E+02 1.1318E+05 4.3381E-01
 5.6346E+02 1.1257E+05 4.2838E-01
 5.6425E+02 1.1336E+05 4.8193E-01
 5.6505E+02 1.1198E+05 4.4381E-01
 5.6585E+02 1.1216E+05 4.7139E-01
 5.6665E+02 1.1092E+05 4.3892E-01
 5.6745E+02 1.0989E+05 4.1540E-01
 5.6825E+02 1.1055E+05 4.6324E-01
 5.6905E+02 1.0945E+05 4.3594E-01
 5.6985E+02 1.0845E+05 4.1288E-01
 5.7065E+02 1.0768E+05 3.9979E-01