*********************  Core Excitation Data  ********************
****************  A.P. Hitchcock & D.C. Mancini  ****************
*
* Formula: (C2H5)2O
* Name: Diethylether
* Edge: O 1s
* Alpha Formula: C4H10O
* Data Source: Hitchcock
* Filename:  de-0ookk.os
* Ref. Code: UH&95b
* Write Date: 98/08/07
* Reference: J. Pol. Sci. B. Pol. Phys. 33 (1995) 1603.
* Source and Purity: Aldrich
* Acquisition Mode: EELS, 2 deg, 2500eV CRE mode, 0.7eV fwhm
*--------------------------------------------------------------
* No. of Spectra: 3    name1- 0deos1    name2- 0deos1-o    name3- 0deo.os
*   E (eV)        Raw data             Osc. Str. per atom (E-2)
*--------------------------------------------------------------
  5.227435E+02	  3.730448E+04	  3.730485E+04	 -2.058096E-02	
  5.228430E+02	  3.737433E+04	  3.737507E+04	 -1.002221E-02	
  5.229424E+02	  3.738639E+04	  3.738750E+04	 -6.594901E-03	
  5.230418E+02	  3.749399E+04	  3.749546E+04	  8.630882E-03	
  5.231412E+02	  3.760642E+04	  3.760829E+04	  2.446471E-02	
  5.232407E+02	  3.707116E+04	  3.707345E+04	 -3.973257E-02	
  5.233401E+02	  3.719001E+04	  3.719271E+04	 -2.311213E-02	
  5.234395E+02	  3.731480E+04	  3.731790E+04	 -5.749662E-03	
  5.235389E+02	  3.747138E+04	  3.747486E+04	  1.554947E-02	
  5.236384E+02	  3.755295E+04	  3.755679E+04	  2.757623E-02	
  5.237378E+02	  3.769491E+04	  3.769911E+04	  4.708255E-02	
  5.238372E+02	  3.737090E+04	  3.737545E+04	  8.912011E-03	
  5.239366E+02	  3.721283E+04	  3.721769E+04	 -8.739055E-03	
  5.240361E+02	  3.711161E+04	  3.711675E+04	 -1.936412E-02	
  5.241355E+02	  3.717194E+04	  3.717737E+04	 -9.980438E-03	
  5.242349E+02	  3.722223E+04	  3.722794E+04	 -1.837873E-03	
  5.243344E+02	  3.703713E+04	  3.704306E+04	 -2.288208E-02	
  5.244338E+02	  3.724393E+04	  3.725006E+04	  4.656312E-03	
  5.245332E+02	  3.754834E+04	  3.755466E+04	  4.431668E-02	
  5.246326E+02	  3.749254E+04	  3.749905E+04	  3.930218E-02	
  5.247321E+02	  3.729641E+04	  3.730304E+04	  1.685564E-02	
  5.248315E+02	  3.698396E+04	  3.699068E+04	 -2.005102E-02	
  5.249309E+02	  3.691940E+04	  3.692620E+04	 -2.619625E-02	
  5.250303E+02	  3.695283E+04	  3.695973E+04	 -2.017248E-02	
  5.251298E+02	  3.709236E+04	  3.709927E+04	 -9.730256E-04	
  5.252292E+02	  3.697677E+04	  3.698364E+04	 -1.348029E-02	
  5.253286E+02	  3.739950E+04	  3.740636E+04	  4.093753E-02	
  5.254280E+02	  3.705702E+04	  3.706386E+04	  2.132758E-04	
  5.255275E+02	  3.722814E+04	  3.723486E+04	  2.334822E-02	
  5.256269E+02	  3.701857E+04	  3.702517E+04	 -8.821073E-04	
  5.257263E+02	  3.739085E+04	  3.739731E+04	  4.730004E-02	
  5.258257E+02	  3.666086E+04	  3.666718E+04	 -4.174391E-02	
  5.259252E+02	  3.705094E+04	  3.705704E+04	  8.657113E-03	
  5.260246E+02	  3.671141E+04	  3.671727E+04	 -3.181906E-02	
  5.261240E+02	  3.668594E+04	  3.669155E+04	 -3.318111E-02	
  5.262234E+02	  3.646846E+04	  3.647382E+04	 -5.848198E-02	
  5.263229E+02	  3.669841E+04	  3.670345E+04	 -2.801514E-02	
  5.264223E+02	  3.710472E+04	  3.710942E+04	  2.446332E-02	
  5.265217E+02	  3.692079E+04	  3.692514E+04	  3.324808E-03	
  5.266212E+02	  3.668163E+04	  3.668563E+04	 -2.472049E-02	
  5.267206E+02	  3.672621E+04	  3.672980E+04	 -1.736910E-02	
  5.268200E+02	  3.680821E+04	  3.681137E+04	 -5.345223E-03	
  5.269194E+02	  3.664318E+04	  3.664591E+04	 -2.417379E-02	
  5.270189E+02	  3.678433E+04	  3.678663E+04	 -4.757466E-03	
  5.271183E+02	  3.692309E+04	  3.692491E+04	  1.436350E-02	
  5.272177E+02	  3.689666E+04	  3.689798E+04	  1.283833E-02	
  5.273171E+02	  3.661526E+04	  3.661608E+04	 -2.057608E-02	
  5.274166E+02	  3.681963E+04	  3.681995E+04	  6.756841E-03	
  5.275160E+02	  3.660539E+04	  3.660108E+04	 -1.879507E-02	
  5.276154E+02	  3.678204E+04	  3.677113E+04	  4.316851E-03	
  5.277148E+02	  3.669620E+04	  3.667885E+04	 -5.404873E-03	
  5.278143E+02	  3.665034E+04	  3.662700E+04	 -1.007119E-02	
  5.279137E+02	  3.645582E+04	  3.642703E+04	 -3.329700E-02	
  5.280131E+02	  3.657920E+04	  3.654537E+04	 -1.664969E-02	
  5.281125E+02	  3.663998E+04	  3.660132E+04	 -7.815591E-03	
  5.282120E+02	  3.652936E+04	  3.648586E+04	 -2.047099E-02	
  5.283114E+02	  3.665384E+04	  3.660530E+04	 -3.673488E-03	
  5.284108E+02	  3.676621E+04	  3.671235E+04	  1.157765E-02	
  5.285103E+02	  3.688896E+04	  3.682951E+04	  2.810483E-02	
  5.286097E+02	  3.686672E+04	  3.680141E+04	  2.640421E-02	
  5.287091E+02	  3.629842E+04	  3.622679E+04	 -4.392399E-02	
  5.288085E+02	  3.601137E+04	  3.593238E+04	 -7.909803E-02	
  5.289080E+02	  3.630543E+04	  3.621698E+04	 -4.154889E-02	
  5.290074E+02	  3.643341E+04	  3.633153E+04	 -2.535096E-02	
  5.291068E+02	  3.649784E+04	  3.637567E+04	 -1.799675E-02	
  5.292062E+02	  3.680603E+04	  3.665213E+04	  1.857343E-02	
  5.293057E+02	  3.663652E+04	  3.643288E+04	 -7.188962E-03	
  5.294051E+02	  3.645466E+04	  3.617509E+04	 -3.781814E-02	
  5.295045E+02	  3.685523E+04	  3.646232E+04	  1.285469E-04	
  5.296039E+02	  3.703394E+04	  3.647659E+04	  3.730540E-03	
  5.297034E+02	  3.729677E+04	  3.650863E+04	  9.571441E-03	
  5.298028E+02	  3.774321E+04	  3.664244E+04	  2.823330E-02	
  5.299022E+02	  3.826102E+04	  3.675093E+04	  4.371348E-02	
  5.300016E+02	  3.861849E+04	  3.659743E+04	  2.618045E-02	
  5.301011E+02	  3.930971E+04	  3.668202E+04	  3.865126E-02	
  5.302005E+02	  3.980353E+04	  3.649280E+04	  1.659815E-02	
  5.302999E+02	  4.058887E+04	  3.655222E+04	  2.589575E-02	
  5.303994E+02	  4.122454E+04	  3.646361E+04	  1.651672E-02	
  5.304988E+02	  4.183697E+04	  3.640694E+04	  1.116319E-02	
  5.305982E+02	  4.227172E+04	  3.628696E+04	 -2.188541E-03	
  5.306976E+02	  4.303439E+04	  3.666121E+04	  4.686676E-02	
  5.307971E+02	  4.257665E+04	  3.601188E+04	 -3.335811E-02	
  5.308965E+02	  4.247736E+04	  3.593260E+04	 -4.159618E-02	
  5.309959E+02	  4.196347E+04	  3.564393E+04	 -7.630869E-02	
  5.310953E+02	  4.173024E+04	  3.581520E+04	 -5.289042E-02	
  5.311948E+02	  4.102528E+04	  3.565466E+04	 -7.142460E-02	
  5.312942E+02	  4.125007E+04	  3.651486E+04	  3.916341E-02	
  5.313936E+02	  4.013911E+04	  3.607940E+04	 -1.414772E-02	
  5.314930E+02	  3.952856E+04	  3.613558E+04	 -5.259546E-03	
  5.315925E+02	  3.893944E+04	  3.617082E+04	  9.807507E-04	
  5.316919E+02	  3.790332E+04	  3.569340E+04	 -5.770779E-02	
  5.317913E+02	  3.789583E+04	  3.616530E+04	  3.838579E-03	
  5.318907E+02	  3.748021E+04	  3.614687E+04	  3.280096E-03	
  5.319902E+02	  3.708893E+04	  3.607288E+04	 -4.323419E-03	
  5.320896E+02	  3.716300E+04	  3.639354E+04	  3.810899E-02	
  5.321890E+02	  3.701556E+04	  3.643485E+04	  4.513166E-02	
  5.322885E+02	  3.666217E+04	  3.622331E+04	  2.007740E-02	
  5.323879E+02	  3.651689E+04	  3.618310E+04	  1.674939E-02	
  5.324873E+02	  3.647571E+04	  3.621921E+04	  2.310608E-02	
  5.325867E+02	  3.654638E+04	  3.634639E+04	  4.102949E-02	
  5.326862E+02	  3.646228E+04	  3.630347E+04	  3.735578E-02	
  5.327856E+02	  3.659638E+04	  3.646793E+04	  6.002577E-02	
  5.328850E+02	  3.669871E+04	  3.659325E+04	  7.773350E-02	
  5.329844E+02	  3.676842E+04	  3.668086E+04	  9.065533E-02	
  5.330839E+02	  3.692465E+04	  3.685146E+04	  1.141372E-01	
  5.331833E+02	  3.685602E+04	  3.679472E+04	  1.087109E-01	
  5.332827E+02	  3.683937E+04	  3.678808E+04	  1.096554E-01	
  5.333821E+02	  3.682952E+04	  3.678667E+04	  1.112642E-01	
  5.334816E+02	  3.704969E+04	  3.701387E+04	  1.419759E-01	
  5.335810E+02	  3.747057E+04	  3.744058E+04	  1.981113E-01	
  5.336804E+02	  3.746837E+04	  3.744320E+04	  2.002550E-01	
  5.337798E+02	  3.809129E+04	  3.807019E+04	  2.819540E-01	
  5.338793E+02	  3.792880E+04	  3.791129E+04	  2.635320E-01	
  5.339787E+02	  3.805449E+04	  3.804031E+04	  2.818052E-01	
  5.340781E+02	  3.808198E+04	  3.807106E+04	  2.875555E-01	
  5.341776E+02	  3.815523E+04	  3.814755E+04	  2.991415E-01	
  5.342770E+02	  3.866250E+04	  3.865799E+04	  3.661050E-01	
  5.343764E+02	  3.862229E+04	  3.862075E+04	  3.632006E-01	
  5.344758E+02	  3.888200E+04	  3.888312E+04	  3.985436E-01	
  5.345753E+02	  3.930049E+04	  3.930383E+04	  4.541288E-01	
  5.346747E+02	  3.968663E+04	  3.969169E+04	  5.055459E-01	
  5.347741E+02	  4.028525E+04	  4.029150E+04	  5.840743E-01	
  5.348735E+02	  4.095923E+04	  4.096607E+04	  6.722029E-01	
  5.349730E+02	  4.120696E+04	  4.121376E+04	  7.057986E-01	
  5.350724E+02	  4.232627E+04	  4.233223E+04	  8.507792E-01	
  5.351718E+02	  4.277330E+04	  4.277748E+04	  9.097156E-01	
  5.352712E+02	  4.369892E+04	  4.370025E+04	  1.029790E+00	
  5.353707E+02	  4.407931E+04	  4.407672E+04	  1.080003E+00	
  5.354701E+02	  4.421439E+04	  4.420705E+04	  1.098728E+00	
  5.355695E+02	  4.505525E+04	  4.504279E+04	  1.207807E+00	
  5.356689E+02	  4.484977E+04	  4.483239E+04	  1.182923E+00	
  5.357684E+02	  4.532093E+04	  4.529932E+04	  1.244822E+00	
  5.358678E+02	  4.554961E+04	  4.552468E+04	  1.275788E+00	
  5.359672E+02	  4.586024E+04	  4.583278E+04	  1.317381E+00	
  5.360667E+02	  4.614835E+04	  4.611873E+04	  1.308053E+00	
  5.361661E+02	  4.568679E+04	  4.565467E+04	  1.298724E+00	
  5.362655E+02	  4.588929E+04	  4.585358E+04	  1.326339E+00	
  5.363649E+02	  4.587402E+04	  4.583302E+04	  1.325795E+00	
  5.364644E+02	  4.591819E+04	  4.586975E+04	  1.332606E+00	
  5.365638E+02	  4.594241E+04	  4.588415E+04	  1.336550E+00	
  5.366632E+02	  4.579848E+04	  4.572777E+04	  1.318553E+00	
  5.367626E+02	  4.639620E+04	  4.631021E+04	  1.395493E+00	
  5.368621E+02	  4.626343E+04	  4.615904E+04	  1.378167E+00	
  5.369615E+02	  4.624984E+04	  4.612326E+04	  1.375670E+00	
  5.370609E+02	  4.638868E+04	  4.623567E+04	  1.392228E+00	
  5.371603E+02	  4.630805E+04	  4.612376E+04	  1.379933E+00	
  5.372598E+02	  4.669684E+04	  4.647589E+04	  1.427351E+00	
  5.373592E+02	  4.677635E+04	  4.651311E+04	  1.434252E+00	
  5.374586E+02	  4.659182E+04	  4.628051E+04	  1.406412E+00	
  5.375580E+02	  4.641345E+04	  4.604839E+04	  1.378616E+00	
  5.376575E+02	  4.691248E+04	  4.648805E+04	  1.437357E+00	
  5.377569E+02	  4.726209E+04	  4.677278E+04	  1.476159E+00	
  5.378563E+02	  4.784328E+04	  4.728339E+04	  1.461990E+00	
  5.379557E+02	  4.715657E+04	  4.652016E+04	  1.447820E+00	
  5.380552E+02	  4.719375E+04	  4.647458E+04	  1.444047E+00	
  5.381546E+02	  4.699649E+04	  4.618825E+04	  1.409209E+00	
  5.382540E+02	  4.723955E+04	  4.633625E+04	  1.430404E+00	
  5.383535E+02	  4.770730E+04	  4.670393E+04	  1.479969E+00	
  5.384529E+02	  4.719300E+04	  4.608629E+04	  1.402323E+00	
  5.385523E+02	  4.771522E+04	  4.650407E+04	  1.458375E+00	
  5.386517E+02	  4.766534E+04	  4.635111E+04	  1.440714E+00	
  5.387512E+02	  4.770863E+04	  4.629532E+04	  1.435600E+00	
  5.388506E+02	  4.669887E+04	  4.519358E+04	  1.295260E+00	
  5.389500E+02	  4.726582E+04	  4.567884E+04	  1.360064E+00	
  5.390494E+02	  4.714107E+04	  4.548609E+04	  1.337201E+00	
  5.391489E+02	  4.694925E+04	  4.524233E+04	  1.307723E+00	
  5.392483E+02	  4.708065E+04	  4.533993E+04	  1.322407E+00	
  5.393477E+02	  4.661556E+04	  4.486032E+04	  1.262370E+00	
  5.394471E+02	  4.634225E+04	  4.459200E+04	  1.229661E+00	
  5.395466E+02	  4.692227E+04	  4.519566E+04	  1.309880E+00	
  5.396460E+02	  4.639524E+04	  4.470888E+04	  1.248856E+00	
  5.397454E+02	  4.660034E+04	  4.496804E+04	  1.284474E+00	
  5.398448E+02	  4.600087E+04	  4.443178E+04	  1.216988E+00	
  5.399443E+02	  4.620793E+04	  4.470628E+04	  1.254601E+00	
  5.400437E+02	  4.536699E+04	  4.393170E+04	  1.156152E+00	
  5.401431E+02	  4.549402E+04	  4.411883E+04	  1.182430E+00	
  5.402426E+02	  4.484369E+04	  4.351753E+04	  1.106390E+00	
  5.403420E+02	  4.503306E+04	  4.374095E+04	  1.137377E+00	
  5.404414E+02	  4.514159E+04	  4.386534E+04	  1.155519E+00	
  5.405408E+02	  4.423707E+04	  4.295855E+04	  1.039717E+00	
  5.406403E+02	  4.437631E+04	  4.307850E+04	  1.057261E+00	
  5.407397E+02	  4.445301E+04	  4.312143E+04	  1.064804E+00	
  5.408391E+02	  4.412033E+04	  4.274412E+04	  1.017711E+00	
  5.409385E+02	  4.419573E+04	  4.276818E+04	  1.022788E+00	
  5.410380E+02	  4.425341E+04	  4.277183E+04	  1.025211E+00	
  5.411374E+02	  4.438133E+04	  4.284698E+04	  1.036937E+00	
  5.412368E+02	  4.374124E+04	  4.215856E+04	  9.492838E-01	
  5.413362E+02	  4.354653E+04	  4.192215E+04	  9.204285E-01	
  5.414357E+02	  4.383834E+04	  4.218045E+04	  9.559798E-01	
  5.415351E+02	  4.341427E+04	  4.173190E+04	  8.994726E-01	
  5.416345E+02	  4.329484E+04	  4.159741E+04	  8.838530E-01	
  5.417339E+02	  4.353662E+04	  4.183342E+04	  9.165156E-01	
  5.418334E+02	  4.300769E+04	  4.130784E+04	  8.498999E-01	
  5.419328E+02	  4.307427E+04	  4.138570E+04	  8.619415E-01	
  5.420322E+02	  4.286266E+04	  4.119219E+04	  8.385876E-01	
  5.421317E+02	  4.317913E+04	  4.153238E+04	  8.848605E-01	
  5.422311E+02	  4.315241E+04	  4.153369E+04	  8.869258E-01	
  5.423305E+02	  4.262736E+04	  4.103975E+04	  8.243310E-01	
  5.424299E+02	  4.271501E+04	  4.116046E+04	  8.419700E-01	
  5.425294E+02	  4.268944E+04	  4.116889E+04	  8.449477E-01	
  5.426288E+02	  4.214337E+04	  4.065684E+04	  7.799162E-01	
  5.427282E+02	  4.227710E+04	  4.082415E+04	  8.036438E-01	
  5.428276E+02	  4.225147E+04	  4.083134E+04	  8.064461E-01	
  5.429271E+02	  4.166489E+04	  4.027663E+04	  7.357644E-01	
  5.430265E+02	  4.200173E+04	  4.064455E+04	  7.857374E-01	
  5.431259E+02	  4.197972E+04	  4.065296E+04	  7.886922E-01	
  5.432253E+02	  4.166386E+04	  4.036698E+04	  7.531140E-01	
  5.433248E+02	  4.131630E+04	  4.004893E+04	  7.133158E-01	
  5.434242E+02	  4.172624E+04	  4.048809E+04	  7.726606E-01	
  5.435236E+02	  4.194577E+04	  4.073660E+04	  8.070614E-01	
  5.436230E+02	  4.153533E+04	  4.035498E+04	  7.589101E-01	
  5.437225E+02	  4.142624E+04	  4.027461E+04	  7.502146E-01	
  5.438219E+02	  4.137139E+04	  4.024852E+04	  7.486301E-01	
  5.439213E+02	  4.130234E+04	  4.020839E+04	  7.452018E-01	
  5.440208E+02	  4.123278E+04	  4.016786E+04	  7.417167E-01	
  5.441202E+02	  4.106017E+04	  4.002423E+04	  7.247006E-01	
  5.442196E+02	  4.115410E+04	  4.014680E+04	  7.426122E-01	
  5.443190E+02	  4.147185E+04	  4.049250E+04	  7.898283E-01	
  5.444185E+02	  4.088607E+04	  3.993358E+04	  7.182640E-01	
  5.445179E+02	  4.114795E+04	  4.022089E+04	  7.578260E-01	
  5.446173E+02	  4.146129E+04	  4.055789E+04	  8.039367E-01	
  5.447167E+02	  4.086741E+04	  3.998579E+04	  7.305790E-01	
  5.448162E+02	  4.070770E+04	  3.984586E+04	  7.139997E-01	
  5.449156E+02	  4.085502E+04	  4.001091E+04	  7.375191E-01	
  5.450150E+02	  4.060781E+04	  3.977944E+04	  7.088852E-01	
  5.451144E+02	  4.109350E+04	  4.027891E+04	  7.764187E-01	
  5.452139E+02	  4.103698E+04	  4.023445E+04	  7.723920E-01	
  5.453133E+02	  4.043468E+04	  3.964274E+04	  6.963099E-01	
  5.454127E+02	  4.037993E+04	  3.959751E+04	  6.921545E-01	
  5.455121E+02	  4.052762E+04	  3.975399E+04	  7.145674E-01	
  5.456116E+02	  4.049007E+04	  3.972476E+04	  7.125183E-01	
  5.457110E+02	  4.031705E+04	  3.955965E+04	  6.925578E-01	
  5.458104E+02	  4.048600E+04	  3.973609E+04	  7.176154E-01	
  5.459099E+02	  4.028241E+04	  3.953945E+04	  6.934832E-01	
  5.460093E+02	  4.045334E+04	  3.971669E+04	  7.186575E-01	
  5.461087E+02	  4.018027E+04	  3.944926E+04	  6.851667E-01	
  5.462081E+02	  3.986350E+04	  3.913755E+04	  6.458112E-01	
  5.463076E+02	  4.000069E+04	  3.927938E+04	  6.663121E-01	
  5.464070E+02	  3.989173E+04	  3.917474E+04	  6.542733E-01	
  5.465064E+02	  4.000725E+04	  3.929433E+04	  6.718473E-01	
  5.466058E+02	  4.012441E+04	  3.941522E+04	  6.896012E-01	
  5.467053E+02	  4.035025E+04	  3.964428E+04	  7.216611E-01	
  5.468047E+02	  4.037520E+04	  3.967171E+04	  7.270782E-01	
  5.469041E+02	  3.992973E+04	  3.922789E+04	  6.701744E-01	
  5.470035E+02	  3.970963E+04	  3.900862E+04	  6.429412E-01	
  5.471030E+02	  3.985174E+04	  3.915084E+04	  6.635247E-01	
  5.472024E+02	  3.961494E+04	  3.891358E+04	  6.338916E-01	
  5.473018E+02	  3.968740E+04	  3.898518E+04	  6.451309E-01	
  5.474012E+02	  3.965004E+04	  3.894658E+04	  6.417815E-01	
  5.475007E+02	  3.991668E+04	  3.921157E+04	  6.786454E-01	
  5.476001E+02	  3.959034E+04	  3.888310E+04	  6.368889E-01	
  5.476995E+02	  3.931492E+04	  3.860505E+04	  6.017912E-01	
  5.477990E+02	  3.931462E+04	  3.860175E+04	  6.030983E-01	
  5.478984E+02	  3.941820E+04	  3.870219E+04	  6.181637E-01	
  5.479978E+02	  3.975345E+04	  3.903456E+04	  6.640007E-01	
  5.480972E+02	  3.934191E+04	  3.862079E+04	  6.108563E-01	
  5.481967E+02	  3.932321E+04	  3.860083E+04	  6.099495E-01	
  5.482961E+02	  3.961965E+04	  3.889703E+04	  6.510161E-01	
  5.483955E+02	  3.917927E+04	  3.845732E+04	  5.943730E-01	
  5.484949E+02	  3.908658E+04	  3.836595E+04	  5.839701E-01	
  5.485944E+02	  3.919492E+04	  3.847596E+04	  6.003186E-01	
  5.486938E+02	  3.941353E+04	  3.869639E+04	  6.313499E-01	
  5.487932E+02	  3.916060E+04	  3.844531E+04	  5.997099E-01	
  5.488926E+02	  3.903329E+04	  3.831989E+04	  5.847626E-01	
  5.489921E+02	  3.927902E+04	  3.856760E+04	  6.194394E-01	
  5.490915E+02	  3.902348E+04	  3.831414E+04	  5.874479E-01	
  5.491909E+02	  3.879379E+04	  3.808652E+04	  5.588768E-01	
  5.492903E+02	  3.885656E+04	  3.815125E+04	  5.692104E-01	
  5.493898E+02	  3.907554E+04	  3.837191E+04	  6.003116E-01	
  5.494892E+02	  3.915731E+04	  3.845498E+04	  6.131017E-01	
  5.495886E+02	  3.846788E+04	  3.776646E+04	  5.230867E-01	
  5.496880E+02	  3.881042E+04	  3.810965E+04	  5.705274E-01	
  5.497875E+02	  3.934922E+04	  3.864901E+04	  6.441476E-01	
  5.498869E+02	  3.922480E+04	  3.852527E+04	  6.293769E-01	
  5.499863E+02	  3.849871E+04	  3.780013E+04	  5.343751E-01	
  5.500858E+02	  3.857878E+04	  3.788151E+04	  5.469325E-01	
  5.501852E+02	  3.809130E+04	  3.739571E+04	  4.837956E-01	
  5.502846E+02	  3.903950E+04	  3.834584E+04	  6.123223E-01	
  5.503840E+02	  3.891420E+04	  3.822254E+04	  5.975732E-01	
  5.504835E+02	  3.901090E+04	  3.832118E+04	  6.124611E-01	
  5.505829E+02	  3.917866E+04	  3.849079E+04	  6.368374E-01	
  5.506823E+02	  3.861550E+04	  3.792948E+04	  5.635380E-01	
  5.507817E+02	  3.848060E+04	  3.779667E+04	  5.474812E-01	
  5.508812E+02	  3.838369E+04	  3.770178E+04	  5.364838E-01	
  5.509806E+02	  3.867129E+04	  3.799059E+04	  5.768051E-01	
  5.510800E+02	  3.824898E+04	  3.756887E+04	  5.220775E-01	
  5.511794E+02	  3.860920E+04	  3.792968E+04	  5.720485E-01	
  5.512789E+02	  3.823644E+04	  3.755750E+04	  5.239183E-01	
  5.513783E+02	  3.856644E+04	  3.788809E+04	  5.698678E-01	
  5.514777E+02	  3.838469E+04	  3.770692E+04	  5.472929E-01	
  5.515771E+02	  3.825352E+04	  3.757633E+04	  5.314801E-01	
  5.516766E+02	  3.844139E+04	  3.776479E+04	  5.584157E-01	
  5.517760E+02	  3.826934E+04	  3.759334E+04	  5.371168E-01	
  5.518754E+02	  3.835441E+04	  3.767904E+04	  5.502868E-01	
  5.519749E+02	  3.782777E+04	  3.715304E+04	  4.814130E-01	
  5.520743E+02	  3.800798E+04	  3.733386E+04	  5.073349E-01	
  5.521737E+02	  3.781256E+04	  3.713908E+04	  4.828598E-01	
  5.522731E+02	  3.807680E+04	  3.740395E+04	  5.200747E-01	
  5.523726E+02	  3.790784E+04	  3.723562E+04	  4.991387E-01	
  5.524720E+02	  3.835976E+04	  3.768816E+04	  5.615825E-01	
  5.525714E+02	  3.772291E+04	  3.705196E+04	  4.777832E-01	
  5.526708E+02	  3.818535E+04	  3.751508E+04	  5.416741E-01	
  5.527703E+02	  3.774275E+04	  3.707315E+04	  4.839357E-01	
  5.528697E+02	  3.788365E+04	  3.721473E+04	  5.046242E-01	
  5.529691E+02	  3.811414E+04	  3.744590E+04	  5.373728E-01	
  5.530685E+02	  3.830196E+04	  3.763440E+04	  5.643970E-01	
  5.531680E+02	  3.843371E+04	  3.776682E+04	  5.838879E-01	
  5.532674E+02	  3.778051E+04	  3.711430E+04	  4.977241E-01	
  5.533668E+02	  3.737840E+04	  3.671289E+04	  4.453248E-01	
  5.534662E+02	  3.766524E+04	  3.700046E+04	  4.856898E-01	
  5.535657E+02	  3.770893E+04	  3.704488E+04	  4.933178E-01	
  5.536651E+02	  3.746303E+04	  3.679971E+04	  4.619233E-01	
  5.537645E+02	  3.800804E+04	  3.734545E+04	  5.371224E-01	
  5.538640E+02	  3.812136E+04	  3.745950E+04	  5.541539E-01	
  5.539634E+02	  3.746914E+04	  3.680801E+04	  4.679448E-01	
  5.540628E+02	  3.732296E+04	  3.666257E+04	  4.499561E-01	
  5.541622E+02	  3.775557E+04	  3.709594E+04	  5.100645E-01	
  5.542617E+02	  3.729836E+04	  3.663952E+04	  4.500973E-01	
  5.543611E+02	  3.777298E+04	  3.711492E+04	  5.159104E-01	
  5.544605E+02	  3.770691E+04	  3.704963E+04	  5.087344E-01	
  5.545599E+02	  3.791316E+04	  3.725667E+04	  5.383420E-01	
  5.546594E+02	  3.749781E+04	  3.684211E+04	  4.839674E-01	
  5.547588E+02	  3.770065E+04	  3.704573E+04	  5.131202E-01	
  5.548582E+02	  3.780593E+04	  3.715180E+04	  5.290967E-01	
  5.549576E+02	  3.736588E+04	  3.671258E+04	  4.713345E-01	
  5.550571E+02	  3.772243E+04	  3.706998E+04	  5.213047E-01	
  5.551565E+02	  3.765900E+04	  3.700738E+04	  5.144696E-01	
  5.552559E+02	  3.761104E+04	  3.696027E+04	  5.097242E-01	
  5.553553E+02	  3.735096E+04	  3.670104E+04	  4.762564E-01	
  5.554548E+02	  3.743544E+04	  3.678636E+04	  4.894302E-01	
  5.555542E+02	  3.774058E+04	  3.709234E+04	  5.325008E-01	
  5.556536E+02	  3.727639E+04	  3.662900E+04	  4.713490E-01	
  5.557531E+02	  3.719200E+04	  3.654549E+04	  4.616444E-01	
  5.558525E+02	  3.738046E+04	  3.673486E+04	  4.889287E-01	
  5.559519E+02	  3.758343E+04	  3.693874E+04	  5.181922E-01	
  5.560513E+02	  3.742350E+04	  3.677971E+04	  4.982439E-01	
  5.561508E+02	  3.723725E+04	  3.659436E+04	  4.747111E-01	
  5.562502E+02	  3.710459E+04	  3.646261E+04	  4.584383E-01	
  5.563496E+02	  3.749944E+04	  3.685836E+04	  5.137695E-01	
  5.564490E+02	  3.757123E+04	  3.693105E+04	  5.252581E-01	
  5.565485E+02	  3.752061E+04	  3.688138E+04	  5.201302E-01	
  5.566479E+02	  3.743957E+04	  3.680131E+04	  5.108675E-01	
  5.567473E+02	  3.720136E+04	  3.656406E+04	  4.802365E-01	
  5.568467E+02	  3.693981E+04	  3.630347E+04	  4.464141E-01	
  5.569462E+02	  3.711176E+04	  3.647638E+04	  4.715198E-01	
  5.570456E+02	  3.718356E+04	  3.654914E+04	  4.830160E-01	
  5.571450E+02	  3.736983E+04	  3.673638E+04	  5.100916E-01	
  5.572444E+02	  3.686039E+04	  3.622790E+04	  4.424977E-01	
  5.573439E+02	  3.726346E+04	  3.663198E+04	  4.990930E-01	
  5.574433E+02	  3.733886E+04	  3.670839E+04	  5.110996E-01	
  5.575427E+02	  3.717288E+04	  3.654344E+04	  4.902361E-01	
  5.576422E+02	  3.724190E+04	  3.661347E+04	  5.013753E-01	
  5.577416E+02	  3.695536E+04	  3.632795E+04	  4.640632E-01	
  5.578410E+02	  3.718180E+04	  3.655541E+04	  4.966577E-01	
  5.579404E+02	  3.725604E+04	  3.663068E+04	  5.085152E-01	
  5.580399E+02	  3.707600E+04	  3.645166E+04	  4.856959E-01	
  5.581393E+02	  3.726728E+04	  3.664400E+04	  5.135270E-01	
  5.582387E+02	  3.737515E+04	  3.675294E+04	  5.299909E-01	
  5.583381E+02	  3.734622E+04	  3.672508E+04	  5.277877E-01	
  5.584376E+02	  3.690199E+04	  3.628193E+04	  4.688773E-01	
  5.585370E+02	  3.679942E+04	  3.618043E+04	  4.565968E-01	
  5.586364E+02	  3.679879E+04	  3.618088E+04	  4.582341E-01	
  5.587358E+02	  3.677415E+04	  3.615732E+04	  4.565895E-01	
  5.588353E+02	  3.680019E+04	  3.618443E+04	  4.618700E-01	
  5.589347E+02	  3.682436E+04	  3.620972E+04	  4.669022E-01	
  5.590341E+02	  3.637225E+04	  3.575873E+04	  4.067987E-01	
  5.591335E+02	  3.642069E+04	  3.580830E+04	  4.151364E-01	
  5.592330E+02	  3.694235E+04	  3.633109E+04	  4.882318E-01	
  5.593324E+02	  3.701679E+04	  3.640665E+04	  5.001514E-01	
  5.594318E+02	  3.691556E+04	  3.630655E+04	  4.880257E-01	
  5.595313E+02	  3.674691E+04	  3.613903E+04	  4.666577E-01	
  5.596307E+02	  3.655861E+04	  3.595186E+04	  4.425865E-01	
  5.597301E+02	  3.699650E+04	  3.639092E+04	  5.043082E-01	
  5.598295E+02	  3.648427E+04	  3.587987E+04	  4.358388E-01	
  5.599290E+02	  3.693622E+04	  3.633299E+04	  4.995171E-01	
  5.600284E+02	  3.672303E+04	  3.612098E+04	  4.720148E-01	
  5.601278E+02	  3.623463E+04	  3.563375E+04	  4.067444E-01	
  5.602272E+02	  3.667702E+04	  3.607733E+04	  4.691512E-01	
  5.603267E+02	  3.689968E+04	  3.630116E+04	  5.014319E-01	
  5.604261E+02	  3.637140E+04	  3.577406E+04	  4.306375E-01	
  5.605255E+02	  3.640841E+04	  3.581229E+04	  4.374354E-01	
  5.606249E+02	  3.670639E+04	  3.611150E+04	  4.800819E-01	
  5.607244E+02	  3.656575E+04	  3.597207E+04	  4.624841E-01	
  5.608238E+02	  3.674107E+04	  3.614862E+04	  4.883005E-01	
  5.609232E+02	  3.672138E+04	  3.613015E+04	  4.873210E-01	
  5.610226E+02	  3.652391E+04	  3.593391E+04	  4.618931E-01	
  5.611221E+02	  3.629621E+04	  3.570743E+04	  4.322915E-01	
  5.612215E+02	  3.636728E+04	  3.577971E+04	  4.437775E-01	
  5.613209E+02	  3.632805E+04	  3.574176E+04	  4.400960E-01	
  5.614203E+02	  3.641459E+04	  3.582956E+04	  4.537229E-01	
  5.615198E+02	  3.670318E+04	  3.611941E+04	  4.951760E-01	
  5.616192E+02	  3.588839E+04	  3.530589E+04	  3.846817E-01	
  5.617186E+02	  3.638400E+04	  3.580277E+04	  4.546568E-01	
  5.618181E+02	  3.653290E+04	  3.595293E+04	  4.768895E-01	
  5.619175E+02	  3.668051E+04	  3.610180E+04	  4.989551E-01	
  5.620169E+02	  3.617599E+04	  3.559855E+04	  4.311162E-01	
  5.621163E+02	  3.634968E+04	  3.577355E+04	  4.567808E-01	
  5.622158E+02	  3.643741E+04	  3.586258E+04	  4.705993E-01	
  5.623152E+02	  3.634473E+04	  3.577121E+04	  4.595283E-01	
  5.624146E+02	  3.634257E+04	  3.577034E+04	  4.609429E-01	
  5.625140E+02	  3.645790E+04	  3.588698E+04	  4.785797E-01	
  5.626135E+02	  3.633528E+04	  3.576566E+04	  4.633621E-01	
  5.627129E+02	  3.592459E+04	  3.535627E+04	  4.083410E-01	
  5.628123E+02	  3.646025E+04	  3.589324E+04	  4.840538E-01	
  5.629117E+02	  3.628059E+04	  3.571491E+04	  4.609416E-01	
  5.630112E+02	  3.622526E+04	  3.566092E+04	  4.550053E-01	
  5.631106E+02	  3.611641E+04	  3.555341E+04	  4.416614E-01	
  5.632100E+02	  3.595440E+04	  3.539273E+04	  4.209564E-01	
  5.633094E+02	  3.599797E+04	  3.543764E+04	  4.286835E-01	
  5.634089E+02	  3.616118E+04	  3.560218E+04	  4.529709E-01	
  5.635083E+02	  3.588311E+04	  3.532545E+04	  4.161812E-01	
  5.636077E+02	  3.624716E+04	  3.569085E+04	  4.682880E-01	
  5.637072E+02	  3.620505E+04	  3.565009E+04	  4.641649E-01	
  5.638066E+02	  3.582192E+04	  3.526833E+04	  4.127910E-01	
  5.639060E+02	  3.648680E+04	  3.593457E+04	  5.066288E-01	
  5.640054E+02	  3.643462E+04	  3.588376E+04	  5.011138E-01	
  5.641049E+02	  3.612635E+04	  3.557685E+04	  4.600829E-01	
  5.642043E+02	  3.586655E+04	  3.531842E+04	  4.257530E-01	
  5.643037E+02	  3.564584E+04	  3.509907E+04	  3.968246E-01	
  5.644031E+02	  3.605565E+04	  3.551025E+04	  4.553809E-01	
  5.645026E+02	  3.582984E+04	  3.528582E+04	  4.257374E-01	
  5.646020E+02	  3.599827E+04	  3.545563E+04	  4.508157E-01	
  5.647014E+02	  3.596247E+04	  3.542123E+04	  4.475431E-01	
  5.648008E+02	  3.604977E+04	  3.550991E+04	  4.613672E-01	
  5.649003E+02	  3.598682E+04	  3.544835E+04	  4.543197E-01	
  5.649997E+02	  3.601604E+04	  3.547895E+04	  4.600766E-01	
  5.650991E+02	  3.566100E+04	  3.512530E+04	  4.124109E-01	
  5.651985E+02	  3.573781E+04	  3.520350E+04	  4.247762E-01	
  5.652980E+02	  3.577971E+04	  3.524680E+04	  4.322926E-01	
  5.653974E+02	  3.554677E+04	  3.501526E+04	  4.015673E-01	
  5.654968E+02	  3.583084E+04	  3.530074E+04	  4.427852E-01	
  5.655963E+02	  3.619420E+04	  3.566550E+04	  4.950621E-01	
  5.656957E+02	  3.571395E+04	  3.518665E+04	  4.298841E-01	
  5.657951E+02	  3.617752E+04	  3.565162E+04	  4.961417E-01	
  5.658945E+02	  3.541180E+04	  3.488730E+04	  3.911509E-01	
  5.659940E+02	  3.583033E+04	  3.530724E+04	  4.511540E-01	
  5.660934E+02	  3.591230E+04	  3.539063E+04	  4.642685E-01	
  5.661928E+02	  3.553661E+04	  3.501635E+04	  4.135700E-01	
  5.662922E+02	  3.556072E+04	  3.504187E+04	  4.186077E-01	
  5.663917E+02	  3.590350E+04	  3.538605E+04	  4.681083E-01	
  5.664911E+02	  3.584754E+04	  3.533151E+04	  4.619866E-01	
  5.665905E+02	  3.572208E+04	  3.520746E+04	  4.461584E-01	
  5.666899E+02	  3.519853E+04	  3.468533E+04	  3.747329E-01	
  5.667894E+02	  3.592468E+04	  3.541289E+04	  4.778144E-01	
  5.668888E+02	  3.564158E+04	  3.513121E+04	  4.399506E-01	
  5.669882E+02	  3.556927E+04	  3.506032E+04	  4.315216E-01	
  5.670876E+02	  3.548207E+04	  3.497453E+04	  4.210039E-01	
  5.671871E+02	  3.554085E+04	  3.503473E+04	  4.308919E-01	
  5.672865E+02	  3.580882E+04	  3.530412E+04	  4.700402E-01	
  5.673859E+02	  3.594066E+04	  3.543738E+04	  4.901631E-01	
  5.674854E+02	  3.556451E+04	  3.506264E+04	  4.392114E-01	
  5.675848E+02	  3.558956E+04	  3.508911E+04	  4.443871E-01	
  5.676842E+02	  3.532721E+04	  3.482818E+04	  4.093252E-01	
  5.677836E+02	  3.510779E+04	  3.461017E+04	  3.802548E-01	
  5.678831E+02	  3.537493E+04	  3.487873E+04	  4.193274E-01	
  5.679825E+02	  3.552892E+04	  3.503414E+04	  4.425645E-01	
  5.680819E+02	  3.570473E+04	  3.521137E+04	  4.688708E-01	
  5.681813E+02	  3.559668E+04	  3.510473E+04	  4.553929E-01	
  5.682808E+02	  3.547118E+04	  3.498064E+04	  4.394596E-01	
  5.683802E+02	  3.569004E+04	  3.520092E+04	  4.718204E-01	
  5.684796E+02	  3.556993E+04	  3.508222E+04	  4.566360E-01	
  5.685790E+02	  3.565152E+04	  3.516523E+04	  4.697502E-01	