*********************  Core Excitation Data  ********************
****************  A.P. Hitchcock & D.C. Mancini  ****************
*
* Formula: (C2H5)2O
* Name: Diethylether
* Edge: C 1s
* Alpha Formula: C4H10O
* Data Source: Hitchcock
* Filename:  de-0cckk.os
* Ref. Code: UH&95b
* Write Date: 98/08/07
* Reference: J. Pol. Sci. B. Pol. Phys. 33 (1995) 1603.
* Source and Purity: Aldrich
* Acquisition Mode: EELS, 2 deg, 2500eV CRE mode, 0.7eV fwhm
*--------------------------------------------------------------
* No. of Spectra: 2	name1- 0decs2	name2- 0dec.os
*   E (eV)        Raw data             Osc. Str. per atom (E-2)
*--------------------------------------------------------------
  2.777902E+02,  5.189073E+03, -1.241776E-02,
  2.779348E+02,  5.386677E+03,  8.705021E-03,
  2.780794E+02,  5.299282E+03, -1.181847E-04,
  2.782241E+02,  5.238787E+03, -6.122007E-03,
  2.783687E+02,  5.177910E+03, -1.217408E-02,
  2.785133E+02,  5.339079E+03,  5.177537E-03,
  2.786579E+02,  5.334780E+03,  5.097248E-03,
  2.788026E+02,  5.405899E+03,  1.298213E-02,
  2.789472E+02,  5.325433E+03,  4.860578E-03,
  2.790918E+02,  5.264917E+03, -1.162264E-03,
  2.792364E+02,  5.287771E+03,  1.630838E-03,
  2.793810E+02,  5.299207E+03,  3.219968E-03,
  2.795257E+02,  5.173552E+03, -9.719976E-03,
  2.796703E+02,  5.278604E+03,  1.796636E-03,
  2.798149E+02,  5.228759E+03, -3.113273E-03,
  2.799595E+02,  5.273938E+03,  2.066756E-03,
  2.801042E+02,  5.232137E+03, -1.993041E-03,
  2.802488E+02,  5.225949E+03, -2.268303E-03,
  2.803934E+02,  5.307639E+03,  6.815896E-03,
  2.805380E+02,  5.231213E+03, -9.366933E-04,
  2.806826E+02,  5.333121E+03,  1.032102E-02,
  2.808273E+02,  5.291187E+03,  6.242913E-03,
  2.809719E+02,  5.198943E+03, -3.214633E-03,
  2.811165E+02,  5.133012E+03, -9.872799E-03,
  2.812611E+02,  5.153271E+03, -7.318785E-03,
  2.814058E+02,  5.199103E+03, -2.021669E-03,
  2.815504E+02,  5.302801E+03,  9.484990E-03,
  2.816950E+02,  5.190275E+03, -2.176402E-03,
  2.818396E+02,  5.244137E+03,  4.001433E-03,
  2.819843E+02,  5.258905E+03,  5.991069E-03,
  2.821289E+02,  5.176132E+03, -2.499058E-03,
  2.822735E+02,  5.115521E+03, -8.617516E-03,
  2.824181E+02,  5.164731E+03, -2.922610E-03,
  2.825627E+02,  5.168711E+03, -2.090563E-03,
  2.827074E+02,  4.966058E+03, -2.353331E-02,
  2.828520E+02,  5.301150E+03,  1.301010E-02,
  2.829966E+02,  5.306089E+03,  1.396246E-02,
  2.831412E+02,  5.319893E+03,  1.587497E-02,
  2.832859E+02,  5.021627E+03, -1.595533E-02,
  2.834305E+02,  5.096943E+03, -7.404091E-03,
  2.835751E+02,  5.160720E+03, -8.867449E-05,
  2.837197E+02,  5.198433E+03,  4.413785E-03,
  2.838643E+02,  5.173174E+03,  2.093610E-03,
  2.840090E+02,  5.197386E+03,  5.140670E-03,
  2.841536E+02,  5.221646E+03,  8.198489E-03,
  2.842982E+02,  5.373857E+03,  2.517194E-02,
  2.844428E+02,  5.227757E+03,  9.716427E-03,
  2.845875E+02,  5.222862E+03,  9.612732E-03,
  2.847321E+02,  5.249960E+03,  1.299560E-02,
  2.848767E+02,  5.177227E+03,  5.498363E-03,
  2.850213E+02,  5.127508E+03,  5.020041E-04,
  2.851660E+02,  5.179335E+03,  6.588691E-03,
  2.853106E+02,  5.367102E+03,  2.754253E-02,
  2.854552E+02,  5.340891E+03,  2.512499E-02,
  2.855998E+02,  5.244673E+03,  1.504158E-02,
  2.857444E+02,  5.407362E+03,  3.330463E-02,
  2.858891E+02,  5.649687E+03,  6.032603E-02,
  2.860337E+02,  5.936841E+03,  9.230702E-02,
  2.861783E+02,  6.532449E+03,  1.582019E-01,
  2.863229E+02,  7.281615E+03,  2.410688E-01,
  2.864676E+02,  8.375431E+03,  3.619573E-01,
  2.866122E+02,  9.173245E+03,  4.504571E-01,
  2.867568E+02,  9.714975E+03,  5.108904E-01,
  2.869014E+02,  1.019268E+04,  5.643592E-01,
  2.870461E+02,  1.046515E+04,  5.952744E-01,
  2.871907E+02,  1.057170E+04,  6.079230E-01,
  2.873353E+02,  1.075133E+04,  6.286626E-01,
  2.874799E+02,  1.175750E+04,  7.407972E-01,
  2.876245E+02,  1.344780E+04,  9.287776E-01,
  2.877692E+02,  1.504483E+04,  1.106716E+00,
  2.879138E+02,  1.711538E+04,  1.337380E+00,
  2.880584E+02,  1.814125E+04,  1.452568E+00,
  2.882030E+02,  1.899119E+04,  1.548409E+00,
  2.883477E+02,  1.989516E+04,  1.650393E+00,
  2.884923E+02,  2.007941E+04,  1.672553E+00,
  2.886369E+02,  2.027334E+04,  1.695824E+00,
  2.887815E+02,  2.004972E+04,  1.672659E+00,
  2.889261E+02,  2.064901E+04,  1.741107E+00,
  2.890708E+02,  2.181563E+04,  1.872886E+00,
  2.892154E+02,  2.259239E+04,  1.961378E+00,
  2.893600E+02,  2.262437E+04,  1.966870E+00,
  2.895046E+02,  2.162694E+04,  1.857382E+00,
  2.896493E+02,  2.094315E+04,  1.782789E+00,
  2.897939E+02,  2.014102E+04,  1.694844E+00,
  2.899385E+02,  1.998441E+04,  1.679035E+00,
  2.900831E+02,  2.023082E+04,  1.708355E+00,
  2.902278E+02,  2.062024E+04,  1.753752E+00,
  2.903724E+02,  2.108254E+04,  1.807393E+00,
  2.905170E+02,  2.126777E+04,  1.830001E+00,
  2.906616E+02,  2.127575E+04,  1.832725E+00,
  2.908062E+02,  2.132372E+04,  1.839949E+00,
  2.909509E+02,  2.133190E+04,  1.842703E+00,
  2.910955E+02,  2.118354E+04,  1.827831E+00,
  2.912401E+02,  2.103300E+04,  1.812691E+00,
  2.913847E+02,  2.135583E+04,  1.850918E+00,
  2.915294E+02,  2.141240E+04,  1.859147E+00,
  2.916740E+02,  2.139404E+04,  1.858922E+00,
  2.918186E+02,  2.165642E+04,  1.890433E+00,
  2.919632E+02,  2.162189E+04,  1.888400E+00,
  2.921078E+02,  2.175963E+04,  1.905866E+00,
  2.922525E+02,  2.185074E+04,  1.918074E+00,
  2.923971E+02,  2.184140E+04,  1.918909E+00,
  2.925417E+02,  2.218517E+04,  1.959810E+00,
  2.926863E+02,  2.209705E+04,  1.951730E+00,
  2.928310E+02,  2.212093E+04,  1.956363E+00,
  2.929756E+02,  2.213102E+04,  1.959435E+00,
  2.931202E+02,  2.173647E+04,  1.916462E+00,
  2.932648E+02,  2.171772E+04,  1.916221E+00,
  2.934095E+02,  2.190536E+04,  1.939500E+00,
  2.935541E+02,  2.174061E+04,  1.922622E+00,
  2.936987E+02,  2.125148E+04,  1.868695E+00,
  2.938433E+02,  2.132317E+04,  1.878742E+00,
  2.939879E+02,  2.114682E+04,  1.860453E+00,
  2.941326E+02,  2.075254E+04,  1.817205E+00,
  2.942772E+02,  2.082650E+04,  1.827494E+00,
  2.944218E+02,  2.049551E+04,  1.791406E+00,
  2.945664E+02,  2.011238E+04,  1.749287E+00,
  2.947111E+02,  2.016952E+04,  1.757615E+00,
  2.948557E+02,  1.969498E+04,  1.704913E+00,
  2.950003E+02,  1.965492E+04,  1.702050E+00,
  2.951449E+02,  1.945604E+04,  1.680921E+00,
  2.952896E+02,  1.896943E+04,  1.626653E+00,
  2.954342E+02,  1.901754E+04,  1.633876E+00,
  2.955788E+02,  1.894869E+04,  1.627631E+00,
  2.957234E+02,  1.875435E+04,  1.606903E+00,
  2.958680E+02,  1.874783E+04,  1.607821E+00,
  2.960127E+02,  1.836999E+04,  1.565854E+00,
  2.961573E+02,  1.842814E+04,  1.574214E+00,
  2.963019E+02,  1.819829E+04,  1.549276E+00,
  2.964465E+02,  1.808465E+04,  1.537750E+00,
  2.965912E+02,  1.775951E+04,  1.501711E+00,
  2.967358E+02,  1.761443E+04,  1.486487E+00,
  2.968804E+02,  1.749345E+04,  1.474036E+00,
  2.970250E+02,  1.758463E+04,  1.486193E+00,
  2.971696E+02,  1.747348E+04,  1.474864E+00,
  2.973143E+02,  1.720869E+04,  1.445655E+00,
  2.974589E+02,  1.690487E+04,  1.411863E+00,
  2.976035E+02,  1.674214E+04,  1.394446E+00,
  2.977481E+02,  1.695942E+04,  1.421276E+00,
  2.978928E+02,  1.669523E+04,  1.392010E+00,
  2.980374E+02,  1.663831E+04,  1.386882E+00,
  2.981820E+02,  1.656916E+04,  1.380318E+00,
  2.983266E+02,  1.602120E+04,  1.317798E+00,
  2.984713E+02,  1.617709E+04,  1.337486E+00,
  2.986159E+02,  1.601574E+04,  1.320081E+00,
  2.987605E+02,  1.623601E+04,  1.347338E+00,
  2.989051E+02,  1.615553E+04,  1.339389E+00,
  2.990497E+02,  1.606969E+04,  1.330799E+00,
  2.991944E+02,  1.612480E+04,  1.338737E+00,
  2.993390E+02,  1.597307E+04,  1.322394E+00,
  2.994836E+02,  1.564660E+04,  1.285489E+00,
  2.996282E+02,  1.554914E+04,  1.275466E+00,
  2.997729E+02,  1.525505E+04,  1.242282E+00,
  2.999175E+02,  1.533300E+04,  1.252872E+00,
  3.000621E+02,  1.527020E+04,  1.246884E+00,
  3.002067E+02,  1.534317E+04,  1.256902E+00,
  3.003513E+02,  1.539776E+04,  1.264764E+00,
  3.004960E+02,  1.529129E+04,  1.253611E+00,
  3.006406E+02,  1.515342E+04,  1.238729E+00,
  3.007852E+02,  1.495773E+04,  1.216986E+00,
  3.009298E+02,  1.480065E+04,  1.199779E+00,
  3.010745E+02,  1.470789E+04,  1.190168E+00,
  3.012191E+02,  1.483746E+04,  1.206900E+00,
  3.013637E+02,  1.477150E+04,  1.200458E+00,
  3.015083E+02,  1.490749E+04,  1.217981E+00,
  3.016530E+02,  1.468587E+04,  1.193041E+00,
  3.017976E+02,  1.462212E+04,  1.186835E+00,
  3.019422E+02,  1.451309E+04,  1.175231E+00,
  3.020868E+02,  1.452297E+04,  1.177768E+00,
  3.022314E+02,  1.465844E+04,  1.195273E+00,
  3.023761E+02,  1.458589E+04,  1.187997E+00,
  3.025207E+02,  1.416700E+04,  1.139383E+00,
  3.026653E+02,  1.427494E+04,  1.153607E+00,
  3.028099E+02,  1.402121E+04,  1.124634E+00,
  3.029546E+02,  1.400329E+04,  1.123814E+00,
  3.030992E+02,  1.411121E+04,  1.138054E+00,
  3.032438E+02,  1.413876E+04,  1.142688E+00,
  3.033884E+02,  1.402804E+04,  1.130758E+00,
  3.035331E+02,  1.390988E+04,  1.117916E+00,
  3.036777E+02,  1.370061E+04,  1.094121E+00,
  3.038223E+02,  1.381989E+04,  1.109751E+00,
  3.039669E+02,  1.373191E+04,  1.100491E+00,
  3.041115E+02,  1.371784E+04,  1.100107E+00,
  3.042562E+02,  1.355341E+04,  1.081625E+00,
  3.044008E+02,  1.364718E+04,  1.094214E+00,
  3.045454E+02,  1.349123E+04,  1.076721E+00,
  3.046900E+02,  1.353686E+04,  1.083516E+00,
  3.048347E+02,  1.348127E+04,  1.078103E+00,
  3.049793E+02,  1.331099E+04,  1.058827E+00,
  3.051239E+02,  1.317179E+04,  1.043280E+00,
  3.052685E+02,  1.319794E+04,  1.047712E+00,
  3.054131E+02,  1.315439E+04,  1.043711E+00,
  3.055578E+02,  1.314243E+04,  1.043531E+00,
  3.057024E+02,  1.300666E+04,  1.028341E+00,
  3.058470E+02,  1.298978E+04,  1.027551E+00,
  3.059916E+02,  1.300759E+04,  1.030971E+00,
  3.061363E+02,  1.307391E+04,  1.040286E+00,
  3.062809E+02,  1.288365E+04,  1.018424E+00,
  3.064255E+02,  1.290002E+04,  1.021666E+00,
  3.065701E+02,  1.305001E+04,  1.041179E+00,
  3.067148E+02,  1.279826E+04,  1.011776E+00,
  3.068594E+02,  1.285788E+04,  1.020291E+00,
  3.070040E+02,  1.263685E+04,  9.945767E-01,
  3.071486E+02,  1.272589E+04,  1.006681E+00,
  3.072932E+02,  1.256554E+04,  9.883336E-01,
  3.074379E+02,  1.279628E+04,  1.017774E+00,
  3.075825E+02,  1.264939E+04,  1.001053E+00,
  3.077271E+02,  1.236213E+04,  9.671217E-01,
  3.078717E+02,  1.239514E+04,  9.723811E-01,
  3.080164E+02,  1.238488E+04,  9.723412E-01,
  3.081610E+02,  1.224413E+04,  9.562908E-01,
  3.083056E+02,  1.223373E+04,  9.562206E-01,
  3.084502E+02,  1.216459E+04,  9.489335E-01,
  3.085948E+02,  1.223916E+04,  9.593036E-01,
  3.087395E+02,  1.212209E+04,  9.461085E-01,
  3.088841E+02,  1.223941E+04,  9.617554E-01,
  3.090287E+02,  1.214146E+04,  9.508975E-01,
  3.091733E+02,  1.214892E+04,  9.530210E-01,
  3.093180E+02,  1.195422E+04,  9.302016E-01,
  3.094626E+02,  1.202669E+04,  9.403394E-01,
  3.096072E+02,  1.187435E+04,  9.227114E-01,
  3.097518E+02,  1.177387E+04,  9.114709E-01,
  3.098965E+02,  1.187510E+04,  9.251733E-01,
  3.100411E+02,  1.186977E+04,  9.256981E-01,
  3.101857E+02,  1.185865E+04,  9.255065E-01,
  3.103303E+02,  1.170900E+04,  9.081355E-01,
  3.104749E+02,  1.170824E+04,  9.092152E-01,
  3.106196E+02,  1.191191E+04,  9.356810E-01,
  3.107642E+02,  1.181199E+04,  9.244571E-01,
  3.109088E+02,  1.160566E+04,  8.999843E-01,
  3.110534E+02,  1.171014E+04,  9.141539E-01,
  3.111981E+02,  1.161919E+04,  9.040067E-01,
  3.113427E+02,  1.167131E+04,  9.116718E-01,
  3.114873E+02,  1.171858E+04,  9.187436E-01,
  3.116319E+02,  1.160809E+04,  9.061359E-01,
  3.117766E+02,  1.171646E+04,  9.208410E-01,
  3.119212E+02,  1.149713E+04,  8.946159E-01,
  3.120658E+02,  1.135625E+04,  8.781617E-01,
  3.122104E+02,  1.126125E+04,  8.674269E-01,
  3.123550E+02,  1.140029E+04,  8.859829E-01,
  3.124997E+02,  1.165245E+04,  9.187413E-01,
  3.126443E+02,  1.139855E+04,  8.880820E-01,
  3.127889E+02,  1.133066E+04,  8.807221E-01,
  3.129335E+02,  1.142386E+04,  8.935810E-01,
  3.130782E+02,  1.116279E+04,  8.619360E-01,
  3.132228E+02,  1.129754E+04,  8.800222E-01,
  3.133674E+02,  1.138421E+04,  8.920830E-01,
  3.135120E+02,  1.121746E+04,  8.722470E-01,
  3.136566E+02,  1.120552E+04,  8.718904E-01,
  3.138013E+02,  1.136426E+04,  8.930562E-01,
  3.139459E+02,  1.112896E+04,  8.645265E-01,
  3.140905E+02,  1.119102E+04,  8.735061E-01,
  3.142351E+02,  1.120925E+04,  8.769589E-01,
  3.143798E+02,  1.112020E+04,  8.668485E-01,
  3.145244E+02,  1.103325E+04,  8.569907E-01,
  3.146690E+02,  1.091051E+04,  8.425846E-01,
  3.148136E+02,  1.080355E+04,  8.301578E-01,
  3.149583E+02,  1.086671E+04,  8.392851E-01,
  3.151029E+02,  1.091902E+04,  8.470488E-01,
  3.152475E+02,  1.091900E+04,  8.481772E-01,
  3.153921E+02,  1.089922E+04,  8.467939E-01,
  3.155367E+02,  1.089071E+04,  8.468418E-01,
  3.156814E+02,  1.095627E+04,  8.563144E-01,
  3.158260E+02,  1.094141E+04,  8.555596E-01,
  3.159706E+02,  1.095679E+04,  8.586547E-01,
  3.161152E+02,  1.099095E+04,  8.641491E-01,
  3.162599E+02,  1.086990E+04,  8.498439E-01,
  3.164045E+02,  1.089097E+04,  8.536671E-01,
  3.165491E+02,  1.090096E+04,  8.560776E-01,
  3.166937E+02,  1.067161E+04,  8.278869E-01,
  3.168383E+02,  1.073539E+04,  8.371643E-01,
  3.169830E+02,  1.074597E+04,  8.396414E-01,
  3.171276E+02,  1.037564E+04,  7.933140E-01,
  3.172722E+02,  1.043064E+04,  8.014584E-01,
  3.174168E+02,  1.050902E+04,  8.126136E-01,
  3.175615E+02,  1.055327E+04,  8.194002E-01,
  3.177061E+02,  1.069103E+04,  8.382117E-01,
  3.178507E+02,  1.068470E+04,  8.385206E-01,
  3.179953E+02,  1.056521E+04,  8.242687E-01,
  3.181400E+02,  1.055846E+04,  8.245136E-01,
  3.182846E+02,  1.046838E+04,  8.140199E-01,
  3.184292E+02,  1.038654E+04,  8.045739E-01,
  3.185738E+02,  1.011576E+04,  7.707373E-01,
  3.187184E+02,  1.054496E+04,  8.272278E-01,
  3.188631E+02,  1.050817E+04,  8.235888E-01,
  3.190077E+02,  1.054007E+04,  8.288263E-01,
  3.191523E+02,  1.032778E+04,  8.024760E-01,
  3.192969E+02,  1.033850E+04,  8.049617E-01,
  3.194416E+02,  1.038018E+04,  8.114604E-01,
  3.195862E+02,  1.016133E+04,  7.841916E-01,
  3.197308E+02,  1.010649E+04,  7.781615E-01,
  3.198754E+02,  1.010676E+04,  7.792767E-01,
  3.200201E+02,  1.001528E+04,  7.684743E-01,
  3.201647E+02,  1.008734E+04,  7.789155E-01,
  3.203093E+02,  1.004110E+04,  7.739805E-01,
  3.204539E+02,  1.027801E+04,  8.058988E-01,
  3.205985E+02,  1.034105E+04,  8.152092E-01,
  3.207432E+02,  1.027569E+04,  8.077943E-01,
  3.208878E+02,  1.020170E+04,  7.992433E-01,
  3.210324E+02,  1.025013E+04,  8.066586E-01,
  3.211770E+02,  1.008986E+04,  7.868232E-01,
  3.213217E+02,  9.986002E+03,  7.743323E-01,
  3.214663E+02,  9.995979E+03,  7.767140E-01,
  3.216109E+02,  9.912829E+03,  7.669085E-01,
  3.217555E+02,  9.887257E+03,  7.646304E-01,
  3.219001E+02,  1.000451E+04,  7.810693E-01,
  3.220448E+02,  9.906407E+03,  7.692823E-01,
  3.221894E+02,  9.801083E+03,  7.565310E-01,
  3.223340E+02,  9.982914E+03,  7.814766E-01,
  3.224786E+02,  9.786164E+03,  7.566986E-01,
  3.226233E+02,  9.730354E+03,  7.504222E-01,
  3.227679E+02,  9.847737E+03,  7.669303E-01,
  3.229125E+02,  1.010774E+04,  8.022429E-01,
  3.230571E+02,  9.965963E+03,  7.846526E-01,
  3.232018E+02,  9.846249E+03,  7.699472E-01,
  3.233464E+02,  9.854795E+03,  7.721471E-01,
  3.234910E+02,  9.705771E+03,  7.535411E-01,
  3.236356E+02,  9.730501E+03,  7.578697E-01,
  3.237802E+02,  9.921473E+03,  7.841865E-01,
  3.239249E+02,  9.851095E+03,  7.759550E-01,
  3.240695E+02,  9.853945E+03,  7.774079E-01,
  3.242141E+02,  9.853281E+03,  7.783962E-01,
  3.243587E+02,  9.481893E+03,  7.302288E-01,
  3.245034E+02,  9.588444E+03,  7.454109E-01,
  3.246480E+02,  9.772098E+03,  7.708496E-01,
  3.247926E+02,  9.841873E+03,  7.811914E-01,
  3.249372E+02,  9.655514E+03,  7.574924E-01,
  3.250818E+02,  9.563299E+03,  7.462856E-01,
  3.252265E+02,  9.589306E+03,  7.508023E-01,
  3.253711E+02,  9.518055E+03,  7.423671E-01,
  3.255157E+02,  9.491538E+03,  7.398833E-01,
  3.256603E+02,  9.369248E+03,  7.246189E-01,
  3.258050E+02,  9.567723E+03,  7.521532E-01,
  3.259496E+02,  9.632667E+03,  7.618861E-01,
  3.260942E+02,  9.508196E+03,  7.463114E-01,
  3.262388E+02,  9.486322E+03,  7.444386E-01,
  3.263835E+02,  9.583730E+03,  7.585288E-01,
  3.265281E+02,  9.506851E+03,  7.492923E-01,
  3.266727E+02,  9.324747E+03,  7.259388E-01,
  3.268173E+02,  9.288617E+03,  7.221317E-01,
  3.269619E+02,  9.434068E+03,  7.426896E-01,
  3.271066E+02,  9.234811E+03,  7.169778E-01,
  3.272512E+02,  9.103747E+03,  7.003958E-01,
  3.273958E+02,  9.415142E+03,  7.432952E-01,
  3.275404E+02,  9.391744E+03,  7.411961E-01,
  3.276851E+02,  9.267250E+03,  7.254789E-01,
  3.278297E+02,  9.334886E+03,  7.356308E-01,
  3.279743E+02,  9.235963E+03,  7.233351E-01,
  3.281189E+02,  9.203479E+03,  7.199874E-01,
  3.282635E+02,  9.091421E+03,  7.058895E-01,
  3.284082E+02,  9.351946E+03,  7.421151E-01,
  3.285528E+02,  9.211938E+03,  7.242324E-01,
  3.286974E+02,  9.122946E+03,  7.132271E-01,
  3.288420E+02,  9.329812E+03,  7.422628E-01,
  3.289867E+02,  8.961962E+03,  6.934732E-01,
  3.291313E+02,  9.047866E+03,  7.061337E-01,
  3.292759E+02,  9.049412E+03,  7.073662E-01,
  3.294205E+02,  9.405046E+03,  7.566682E-01,
  3.295652E+02,  9.114305E+03,  7.182288E-01,
  3.297098E+02,  9.264724E+03,  7.397060E-01,
  3.298544E+02,  9.048198E+03,  7.112975E-01,
  3.299990E+02,  8.992407E+03,  7.047287E-01,
  3.301436E+02,  8.981764E+03,  7.042995E-01,
  3.302883E+02,  8.906002E+03,  6.949936E-01,
  3.304329E+02,  8.894449E+03,  6.944317E-01,
  3.305775E+02,  8.940126E+03,  7.016789E-01,
  3.307221E+02,  9.023714E+03,  7.141125E-01,
  3.308668E+02,  8.629577E+03,  6.612750E-01,
  3.310114E+02,  8.839315E+03,  6.909479E-01,
  3.311560E+02,  9.036002E+03,  7.188734E-01,
  3.313006E+02,  8.987753E+03,  7.132950E-01,
  3.314453E+02,  9.001423E+03,  7.161928E-01,
  3.315899E+02,  8.798796E+03,  6.894357E-01,
  3.317345E+02,  8.733114E+03,  6.814319E-01,
  3.318791E+02,  8.746590E+03,  6.842851E-01,
  3.320237E+02,  8.945619E+03,  7.126343E-01,
  3.321684E+02,  8.913315E+03,  7.092164E-01,
  3.323130E+02,  8.864618E+03,  7.035378E-01,
  3.324576E+02,  8.814068E+03,  6.975956E-01,
  3.326022E+02,  8.736634E+03,  6.879412E-01,
  3.327469E+02,  8.728149E+03,  6.877778E-01,
  3.328915E+02,  8.733706E+03,  6.895500E-01,
  3.330361E+02,  8.669593E+03,  6.817071E-01,
  3.331807E+02,  8.669459E+03,  6.826899E-01,
  3.333253E+02,  8.935700E+03,  7.204892E-01,
  3.334700E+02,  8.819428E+03,  7.054350E-01,
  3.336146E+02,  8.702995E+03,  6.903378E-01,
  3.337592E+02,  8.728991E+03,  6.949441E-01,
  3.339038E+02,  8.905837E+03,  7.204598E-01,
  3.340485E+02,  8.603516E+03,  6.795631E-01,
  3.341931E+02,  8.622906E+03,  6.832521E-01,
  3.343377E+02,  8.637022E+03,  6.862128E-01,
  3.344823E+02,  8.386688E+03,  6.524328E-01,
  3.346270E+02,  8.619387E+03,  6.857661E-01,
  3.347716E+02,  8.962436E+03,  7.344949E-01,
  3.349162E+02,  8.738031E+03,  7.042874E-01,
  3.350608E+02,  8.855120E+03,  7.216123E-01,
  3.352054E+02,  8.675451E+03,  6.975909E-01,
  3.353501E+02,  8.674587E+03,  6.984789E-01,
  3.354947E+02,  8.595674E+03,  6.884727E-01,
  3.356393E+02,  8.520966E+03,  6.790398E-01,
  3.357839E+02,  8.522329E+03,  6.802261E-01,
  3.359286E+02,  8.451275E+03,  6.712849E-01,
  3.360732E+02,  8.254969E+03,  6.448016E-01,
  3.362178E+02,  8.472136E+03,  6.761870E-01,
  3.363624E+02,  8.356532E+03,  6.609797E-01,
  3.365070E+02,  8.376870E+03,  6.648144E-01,
  3.366517E+02,  8.435222E+03,  6.739874E-01,
  3.367963E+02,  8.447582E+03,  6.767138E-01,
  3.369409E+02,  8.571870E+03,  6.951689E-01,
  3.370855E+02,  8.377974E+03,  6.689123E-01,
  3.372302E+02,  8.382872E+03,  6.705883E-01,
  3.373748E+02,  8.458261E+03,  6.821890E-01,
  3.375194E+02,  8.449594E+03,  6.819633E-01,
  3.376640E+02,  8.269794E+03,  6.576127E-01,
  3.378087E+02,  8.285878E+03,  6.608598E-01,
  3.379533E+02,  8.509672E+03,  6.934284E-01,
  3.380979E+02,  8.341060E+03,  6.706150E-01,
  3.382425E+02,  8.327711E+03,  6.697146E-01,
  3.383871E+02,  8.202051E+03,  6.529288E-01,
  3.385318E+02,  8.209190E+03,  6.549132E-01,
  3.386764E+02,  8.190375E+03,  6.532241E-01,