*********************  Core Excitation Data  ********************
****************  A.P. Hitchcock & D.C. Mancini  ****************
*
* Formula: C6H6
* Name: Benzene
* Edge: C 1s
* Alpha Formula: C6H6
* Data Source: Hitchcock
* Filename:  bz-0cckk.os
* Ref. Code: HF&87
* Write Date: 93/06/10
* Reference: J. Phys. Chem. 91 (87) 531.
* Source and Purity: BDH
* Acquisition Mode: EELS, 2 deg, 2500 eV CRE mode, 0.7 eV fwhm
*--------------------------------------------------------------
* No. of Spectra: 2    name1- 0bzc     name2- 0bzc.os
*   E (eV)        Raw data             Osc. Str. per atom (E-2)
*--------------------------------------------------------------
  2.801310E+02,  3.467825E+04, -3.969078E-03,
  2.802910E+02,  3.468709E+04, -3.615455E-03,
  2.804510E+02,  3.473113E+04, -3.071990E-03,
  2.806100E+02,  3.500951E+04, -1.265237E-03,
  2.807700E+02,  3.474890E+04, -2.366111E-03,
  2.809300E+02,  3.478885E+04, -1.844334E-03,
  2.810900E+02,  3.527410E+04,  1.087566E-03,
  2.812490E+02,  3.471136E+04, -1.654515E-03,
  2.814090E+02,  3.466104E+04, -1.622121E-03,
  2.815690E+02,  3.464304E+04, -1.414970E-03,
  2.817290E+02,  3.492858E+04,  4.401398E-04,
  2.818880E+02,  3.484866E+04,  3.095669E-04,
  2.820480E+02,  3.468842E+04, -2.567529E-04,
  2.822080E+02,  3.466510E+04, -7.936211E-05,
  2.823680E+02,  3.525784E+04,  3.454274E-03,
  2.825270E+02,  3.534613E+04,  4.240501E-03,
  2.826870E+02,  3.554121E+04,  5.612170E-03,
  2.828470E+02,  3.566843E+04,  6.614713E-03,
  2.830070E+02,  3.585533E+04,  7.944647E-03,
  2.831660E+02,  3.640080E+04,  1.123614E-02,
  2.833260E+02,  3.732211E+04,  1.659258E-02,
  2.834860E+02,  3.874434E+04,  2.470277E-02,
  2.836460E+02,  4.088882E+04,  3.678771E-02,
  2.838050E+02,  4.466886E+04,  5.786927E-02,
  2.839650E+02,  5.219032E+04,  9.954495E-02,
  2.841250E+02,  6.676036E+04,  1.800511E-01,
  2.842850E+02,  9.299838E+04,  3.249095E-01,
  2.844450E+02,  1.443144E+05,  6.081495E-01,
  2.846040E+02,  2.294913E+05,  1.078531E+00,
  2.847640E+02,  3.627870E+05,  1.815206E+00,
  2.849240E+02,  5.408913E+05,  2.800558E+00,
  2.850840E+02,  6.910407E+05,  3.633057E+00,
  2.852430E+02,  7.384761E+05,  3.898764E+00,
  2.854030E+02,  6.565804E+05,  3.448943E+00,
  2.855630E+02,  4.980664E+05,  2.573844E+00,
  2.857230E+02,  3.482753E+05,  1.745649E+00,
  2.858820E+02,  2.332180E+05,  1.108830E+00,
  2.860420E+02,  1.565616E+05,  6.842559E-01,
  2.862020E+02,  1.127993E+05,  4.418373E-01,
  2.863620E+02,  9.201088E+04,  3.268364E-01,
  2.865210E+02,  8.296577E+04,  2.770320E-01,
  2.866810E+02,  8.620288E+04,  2.955976E-01,
  2.868410E+02,  1.014638E+05,  3.812596E-01,
  2.870010E+02,  1.251119E+05,  5.138844E-01,
  2.871600E+02,  1.454796E+05,  6.283965E-01,
  2.873200E+02,  1.538092E+05,  6.757886E-01,
  2.874800E+02,  1.454690E+05,  6.299682E-01,
  2.876400E+02,  1.357620E+05,  5.764143E-01,
  2.877990E+02,  1.327308E+05,  5.601878E-01,
  2.879590E+02,  1.351925E+05,  5.747553E-01,
  2.881190E+02,  1.390805E+05,  5.973543E-01,
  2.882790E+02,  1.452368E+05,  6.327361E-01,
  2.884390E+02,  1.576959E+05,  7.036246E-01,
  2.885980E+02,  1.792309E+05,  8.257111E-01,
  2.887580E+02,  2.080988E+05,  9.893150E-01,
  2.889180E+02,  2.329319E+05,  1.130439E+00,
  2.890780E+02,  2.430828E+05,  1.188945E+00,
  2.892370E+02,  2.351436E+05,  1.145372E+00,
  2.893970E+02,  2.160872E+05,  1.038895E+00,
  2.895570E+02,  1.969504E+05,  9.317862E-01,
  2.897170E+02,  1.833371E+05,  8.557700E-01,
  2.898760E+02,  1.781313E+05,  8.272596E-01,
  2.900360E+02,  1.802772E+05,  8.403985E-01,
  2.901960E+02,  1.890585E+05,  8.912175E-01,
  2.903560E+02,  1.992419E+05,  9.500829E-01,
  2.905150E+02,  2.061909E+05,  9.906498E-01,
  2.906750E+02,  2.085590E+05,  1.005225E+00,
  2.908350E+02,  2.082968E+05,  1.004844E+00,
  2.909950E+02,  2.078369E+05,  1.003335E+00,
  2.911540E+02,  2.087388E+05,  1.009582E+00,
  2.913140E+02,  2.107059E+05,  1.021925E+00,
  2.914740E+02,  2.131756E+05,  1.037158E+00,
  2.916340E+02,  2.158159E+05,  1.053390E+00,
  2.917930E+02,  2.212058E+05,  1.085373E+00,
  2.919530E+02,  2.285519E+05,  1.128620E+00,
  2.921130E+02,  2.372309E+05,  1.179574E+00,
  2.922730E+02,  2.468328E+05,  1.235905E+00,
  2.924320E+02,  2.576142E+05,  1.299090E+00,
  2.925920E+02,  2.697361E+05,  1.370088E+00,
  2.927520E+02,  2.818064E+05,  1.440903E+00,
  2.929120E+02,  2.940698E+05,  1.512942E+00,
  2.930720E+02,  3.054245E+05,  1.579865E+00,
  2.932310E+02,  3.164459E+05,  1.644963E+00,
  2.933910E+02,  3.235917E+05,  1.687814E+00,
  2.935510E+02,  3.278350E+05,  1.713975E+00,
  2.937110E+02,  3.275062E+05,  1.713753E+00,
  2.938700E+02,  3.242793E+05,  1.696757E+00,
  2.940300E+02,  3.153044E+05,  1.646470E+00,
  2.941900E+02,  3.056074E+05,  1.591915E+00,
  2.943500E+02,  2.964727E+05,  1.540529E+00,
  2.945090E+02,  2.871555E+05,  1.487989E+00,
  2.946690E+02,  2.795386E+05,  1.445245E+00,
  2.948290E+02,  2.725338E+05,  1.405986E+00,
  2.949890E+02,  2.660476E+05,  1.369678E+00,
  2.951480E+02,  2.589707E+05,  1.329861E+00,
  2.953080E+02,  2.546008E+05,  1.305758E+00,
  2.954680E+02,  2.511022E+05,  1.286693E+00,
  2.956280E+02,  2.483444E+05,  1.271920E+00,
  2.957870E+02,  2.478808E+05,  1.270511E+00,
  2.959470E+02,  2.477052E+05,  1.270789E+00,
  2.961070E+02,  2.474381E+05,  1.270530E+00,
  2.962670E+02,  2.473914E+05,  1.271560E+00,
  2.964270E+02,  2.458254E+05,  1.263688E+00,
  2.965860E+02,  2.468505E+05,  1.270987E+00,
  2.967460E+02,  2.474938E+05,  1.276063E+00,
  2.969060E+02,  2.487949E+05,  1.285010E+00,
  2.970660E+02,  2.483825E+05,  1.283897E+00,
  2.972250E+02,  2.500382E+05,  1.294937E+00,
  2.973850E+02,  2.513613E+05,  1.304045E+00,
  2.975450E+02,  2.520635E+05,  1.309506E+00,
  2.977050E+02,  2.529008E+05,  1.315771E+00,
  2.978640E+02,  2.557902E+05,  1.334148E+00,
  2.980240E+02,  2.586523E+05,  1.352399E+00,
  2.981840E+02,  2.600735E+05,  1.362160E+00,
  2.983440E+02,  2.609483E+05,  1.368702E+00,
  2.985030E+02,  2.629772E+05,  1.382078E+00,
  2.986630E+02,  2.648766E+05,  1.394715E+00,
  2.988230E+02,  2.659126E+05,  1.402249E+00,
  2.989830E+02,  2.664595E+05,  1.406890E+00,
  2.991420E+02,  2.678577E+05,  1.416585E+00,
  2.993020E+02,  2.690627E+05,  1.425154E+00,
  2.994620E+02,  2.684846E+05,  1.423126E+00,
  2.996220E+02,  2.683724E+05,  1.423867E+00,
  2.997810E+02,  2.677337E+05,  1.421461E+00,
  2.999410E+02,  2.668922E+05,  1.417848E+00,
  3.001010E+02,  2.655016E+05,  1.410950E+00,
  3.002610E+02,  2.644982E+05,  1.406352E+00,
  3.004200E+02,  2.634291E+05,  1.401343E+00,
  3.005800E+02,  2.629213E+05,  1.399691E+00,
  3.007400E+02,  2.617524E+05,  1.394076E+00,
  3.009000E+02,  2.610693E+05,  1.391361E+00,
  3.010600E+02,  2.609131E+05,  1.391800E+00,
  3.012190E+02,  2.604604E+05,  1.390450E+00,
  3.013790E+02,  2.603253E+05,  1.391012E+00,
  3.015390E+02,  2.603480E+05,  1.392522E+00,
  3.016990E+02,  2.596259E+05,  1.389550E+00,
  3.018580E+02,  2.589713E+05,  1.386970E+00,
  3.020180E+02,  2.585794E+05,  1.385976E+00,
  3.021780E+02,  2.576350E+05,  1.381646E+00,
  3.023380E+02,  2.558207E+05,  1.372057E+00,
  3.024970E+02,  2.550427E+05,  1.368702E+00,
  3.026570E+02,  2.538055E+05,  1.362572E+00,
  3.028170E+02,  2.522810E+05,  1.354692E+00,
  3.029770E+02,  2.502615E+05,  1.343801E+00,
  3.031360E+02,  2.491323E+05,  1.338277E+00,
  3.032960E+02,  2.480892E+05,  1.333273E+00,
  3.034560E+02,  2.458575E+05,  1.321045E+00,
  3.036160E+02,  2.440078E+05,  1.311116E+00,
  3.037750E+02,  2.424557E+05,  1.302971E+00,
  3.039350E+02,  2.414785E+05,  1.298317E+00,
  3.040950E+02,  2.398045E+05,  1.289410E+00,
  3.042550E+02,  2.377698E+05,  1.278290E+00,
  3.044140E+02,  2.360898E+05,  1.269306E+00,
  3.045740E+02,  2.347412E+05,  1.262336E+00,
  3.047340E+02,  2.326228E+05,  1.250652E+00,
  3.048940E+02,  2.304968E+05,  1.238901E+00,
  3.050540E+02,  2.288980E+05,  1.230354E+00,
  3.052130E+02,  2.269874E+05,  1.219877E+00,
  3.053730E+02,  2.247939E+05,  1.207654E+00,
  3.055330E+02,  2.223243E+05,  1.193718E+00,
  3.056930E+02,  2.200464E+05,  1.180934E+00,
  3.058520E+02,  2.183536E+05,  1.171715E+00,
  3.060120E+02,  2.169620E+05,  1.164338E+00,
  3.061720E+02,  2.147872E+05,  1.152131E+00,
  3.063320E+02,  2.129936E+05,  1.142249E+00,
  3.064910E+02,  2.113375E+05,  1.133190E+00,
  3.066510E+02,  2.097244E+05,  1.124388E+00,
  3.068110E+02,  2.072473E+05,  1.110238E+00,
  3.069710E+02,  2.054491E+05,  1.100257E+00,
  3.071300E+02,  2.035991E+05,  1.089932E+00,
  3.072900E+02,  2.019391E+05,  1.080771E+00,
  3.074500E+02,  2.008740E+05,  1.075278E+00,
  3.076100E+02,  1.992604E+05,  1.066375E+00,
  3.077690E+02,  1.974848E+05,  1.056446E+00,
  3.079290E+02,  1.959274E+05,  1.047861E+00,
  3.080890E+02,  1.946476E+05,  1.040984E+00,
  3.082490E+02,  1.937111E+05,  1.036229E+00,
  3.084080E+02,  1.924788E+05,  1.029618E+00,
  3.085680E+02,  1.903936E+05,  1.017694E+00,
  3.087280E+02,  1.886212E+05,  1.007698E+00,
  3.088880E+02,  1.877112E+05,  1.003061E+00,
  3.090470E+02,  1.866003E+05,  9.971552E-01,
  3.092070E+02,  1.852324E+05,  9.896404E-01,
  3.093670E+02,  1.838223E+05,  9.818495E-01,
  3.095270E+02,  1.831668E+05,  9.787636E-01,
  3.096870E+02,  1.817818E+05,  9.711053E-01,
  3.098460E+02,  1.806250E+05,  9.648575E-01,
  3.100060E+02,  1.795942E+05,  9.593942E-01,
  3.101660E+02,  1.782168E+05,  9.517466E-01,
  3.103260E+02,  1.772861E+05,  9.468902E-01,
  3.104850E+02,  1.763033E+05,  9.416916E-01,
  3.106450E+02,  1.754114E+05,  9.370609E-01,
  3.108050E+02,  1.744856E+05,  9.322090E-01,
  3.109650E+02,  1.734161E+05,  9.264422E-01,
  3.111240E+02,  1.726350E+05,  9.224771E-01,
  3.112840E+02,  1.718802E+05,  9.186767E-01,
  3.114440E+02,  1.706413E+05,  9.118132E-01,
  3.116040E+02,  1.697946E+05,  9.074150E-01,
  3.117630E+02,  1.688861E+05,  9.026123E-01,
  3.119230E+02,  1.675283E+05,  8.949637E-01,
  3.120830E+02,  1.660142E+05,  8.863122E-01,
  3.122430E+02,  1.658787E+05,  8.863823E-01,
  3.124020E+02,  1.647115E+05,  8.799025E-01,
  3.125620E+02,  1.642693E+05,  8.780181E-01,
  3.127220E+02,  1.634857E+05,  8.739614E-01,
  3.128820E+02,  1.628486E+05,  8.708282E-01,
  3.130420E+02,  1.621110E+05,  8.670498E-01,
  3.132010E+02,  1.615855E+05,  8.646085E-01,
  3.133610E+02,  1.607759E+05,  8.603585E-01,
  3.135210E+02,  1.596841E+05,  8.543007E-01,
  3.136810E+02,  1.587167E+05,  8.490263E-01,
  3.138400E+02,  1.580175E+05,  8.454492E-01,
  3.140000E+02,  1.574625E+05,  8.427932E-01,
  3.141600E+02,  1.573753E+05,  8.431233E-01,
  3.143200E+02,  1.571340E+05,  8.424667E-01,
  3.144790E+02,  1.559623E+05,  8.358420E-01,
  3.146390E+02,  1.548742E+05,  8.297475E-01,
  3.147990E+02,  1.545312E+05,  8.284225E-01,
  3.149590E+02,  1.541760E+05,  8.270159E-01,
  3.151180E+02,  1.540068E+05,  8.267959E-01,
  3.152780E+02,  1.534229E+05,  8.239125E-01,
  3.154380E+02,  1.523734E+05,  8.180277E-01,
  3.155980E+02,  1.514514E+05,  8.129541E-01,
  3.157570E+02,  1.510706E+05,  8.113537E-01,
  3.159170E+02,  1.505865E+05,  8.090885E-01,
  3.160770E+02,  1.501314E+05,  8.070061E-01,
  3.162370E+02,  1.500904E+05,  8.075945E-01,
  3.163960E+02,  1.501610E+05,  8.088985E-01,
  3.165560E+02,  1.486618E+05,  8.000523E-01,
  3.167160E+02,  1.482978E+05,  7.985418E-01,
  3.168760E+02,  1.477907E+05,  7.961007E-01,
  3.170350E+02,  1.473085E+05,  7.938102E-01,
  3.171950E+02,  1.475054E+05,  7.959283E-01,
  3.173550E+02,  1.468894E+05,  7.927680E-01,
  3.175150E+02,  1.469370E+05,  7.939156E-01,
  3.176740E+02,  1.459625E+05,  7.884098E-01,
  3.178340E+02,  1.460470E+05,  7.897935E-01,
  3.179940E+02,  1.457661E+05,  7.887977E-01,
  3.181540E+02,  1.447126E+05,  7.827618E-01,
  3.183140E+02,  1.448345E+05,  7.843848E-01,
  3.184730E+02,  1.444884E+05,  7.829484E-01,
  3.186330E+02,  1.441632E+05,  7.816499E-01,
  3.187930E+02,  1.438596E+05,  7.804901E-01,
  3.189530E+02,  1.429905E+05,  7.756258E-01,
  3.191120E+02,  1.425257E+05,  7.733963E-01,
  3.192720E+02,  1.427649E+05,  7.757812E-01,
  3.194320E+02,  1.419266E+05,  7.711015E-01,
  3.195920E+02,  1.415851E+05,  7.696747E-01,
  3.197510E+02,  1.412129E+05,  7.680373E-01,
  3.199110E+02,  1.412404E+05,  7.690289E-01,
  3.200710E+02,  1.406395E+05,  7.658870E-01,
  3.202310E+02,  1.404113E+05,  7.651929E-01,
  3.203900E+02,  1.401586E+05,  7.643301E-01,
  3.205500E+02,  1.394953E+05,  7.607626E-01,
  3.207100E+02,  1.393178E+05,  7.603944E-01,
  3.208700E+02,  1.390376E+05,  7.593466E-01,
  3.210290E+02,  1.388600E+05,  7.589687E-01,
  3.211890E+02,  1.384239E+05,  7.568846E-01,
  3.213490E+02,  1.384415E+05,  7.577986E-01,
  3.215090E+02,  1.380206E+05,  7.558092E-01,
  3.216690E+02,  1.378106E+05,  7.552130E-01,
  3.218280E+02,  1.376752E+05,  7.551054E-01,
  3.219880E+02,  1.373473E+05,  7.537228E-01,
  3.221480E+02,  1.375981E+05,  7.561823E-01,
  3.223080E+02,  1.371110E+05,  7.537380E-01,
  3.224670E+02,  1.373139E+05,  7.558754E-01,
  3.226270E+02,  1.371569E+05,  7.556229E-01,
  3.227870E+02,  1.367592E+05,  7.537655E-01,
  3.229470E+02,  1.364696E+05,  7.526244E-01,
  3.231060E+02,  1.359280E+05,  7.497942E-01,
  3.232660E+02,  1.358554E+05,  7.500958E-01,
  3.234260E+02,  1.354929E+05,  7.484595E-01,
  3.235860E+02,  1.357567E+05,  7.510089E-01,
  3.237450E+02,  1.351665E+05,  7.478387E-01,
  3.239050E+02,  1.345717E+05,  7.446376E-01,
  3.240650E+02,  1.345329E+05,  7.451577E-01,
  3.242250E+02,  1.339316E+05,  7.419036E-01,
  3.243840E+02,  1.339259E+05,  7.426379E-01,
  3.245440E+02,  1.331529E+05,  7.382215E-01,
  3.247040E+02,  1.326415E+05,  7.355560E-01,
  3.248640E+02,  1.331455E+05,  7.397183E-01,
  3.250230E+02,  1.329909E+05,  7.394464E-01,
  3.251830E+02,  1.330019E+05,  7.402932E-01,
  3.253430E+02,  1.320721E+05,  7.347956E-01,
  3.255030E+02,  1.316655E+05,  7.328194E-01,
  3.256620E+02,  1.317571E+05,  7.341998E-01,
  3.258220E+02,  1.320923E+05,  7.372330E-01,
  3.259820E+02,  1.316447E+05,  7.349738E-01,
  3.261420E+02,  1.313803E+05,  7.339508E-01,
  3.263020E+02,  1.307410E+05,  7.303855E-01,
  3.264610E+02,  1.302876E+05,  7.280691E-01,