# XDI/1.0 Athena/0.9.24
# Element.edge:                  K
# Element.symbol:                N
# Column.1:                      energy eV
# Column.2:                      norm
# Column.3:                      nbkg
# Column.4:                      flat
# Column.5:                      fbkg
# Column.6:                      nder
# Column.7:                      nsec
# Athena.e0:                     400
# Athena.eshift:                 0
# Athena.rbkg:                   1.0
# Athena.importance:             1
# Athena.standard:               None
# Athena.bkg_kweight:            2
# Athena.edge_step:              0.0002820
# Athena.fixed_step:             no
# Athena.pre_edge_range:         -20.206 -1.606
# Athena.pre_edge_line:          0.002421 - 4.14502e-006 * E
# Athena.normalization_range:    19.827 50.632
# Athena.post_edge_polynomial:   0.003208 - 5.40903e-006 * E + 0 * E^2 + 0 * E^3
# Athena.spline_range_energy:    0.000 185.624
# Athena.clamps:                 0 24
# Athena.spline_range_k:         0.000 6.980
# Athena.kweight:                2
# Athena.window:                 hanning
# Athena.phase_correction:       no
# Athena.k_range:                3.000 4.980
# Athena.dk:                     1
# Athena.r_range:                1 3
# Athena.dr:                     0.0
# Athena.window:                 hanning
# Athena.plot_multiplier:        1
# Athena.y_offset:               0
# ///
#------------------------
#   e         norm        nbkg        flat        fbkg        nder        nsec
  379.77363       0.46082334E-01   0.46078643E-01   0.46078639E-01   0.46078643E-01  -0.46477965E-01   0.22768520E-01
  381.75459      -0.45988515E-01  -0.45984822E-01  -0.45984827E-01  -0.45984822E-01  -0.13745046E-02   0.11308220E-01
  383.80068       0.40547135E-01   0.40543888E-01   0.40543883E-01   0.40543888E-01  -0.93919011E-03  -0.32751668E-02
  385.85020      -0.49835067E-01  -0.49831065E-01  -0.49831070E-01  -0.49831065E-01  -0.14788296E-01   0.47367447E-02
  387.83701      -0.19143279E-01  -0.19141739E-01  -0.19141744E-01  -0.19141739E-01   0.18179866E-01   0.69672064E-02
  389.75117       0.21084163E-01   0.21082477E-01   0.21082472E-01   0.21082477E-01   0.12390614E-01  -0.10465551E-01
  391.76240       0.29494719E-01   0.29492359E-01   0.29492354E-01   0.29492359E-01  -0.22901511E-01  -0.20556329E-02
  393.77900      -0.71159274E-01  -0.71153562E-01  -0.71153567E-01  -0.71153562E-01   0.41108696E-02   0.96936559E-02
  396.83936       0.50365412E-01   0.50361378E-01   0.50361373E-01   0.50361378E-01   0.26312727E-01  -0.70715639E-01
  396.99805       0.13542525E-01   0.13541444E-01   0.13541439E-01   0.13541444E-01  -0.22352581      -0.70564113
  397.08193      -0.38570550E-02  -0.38567407E-02  -0.38567457E-02  -0.38567407E-02  -0.14486036        2.2740965
  397.18975      -0.14227090E-01  -0.14225944E-01  -0.14225949E-01  -0.14225944E-01   0.21241667       0.40514821
  397.27812       0.37817269E-01   0.37814241E-01   0.37814236E-01   0.37814241E-01  -0.65373763E-01  -0.32923002
  397.38604      -0.27059247E-01  -0.27057072E-01  -0.27057077E-01  -0.27057072E-01   0.14779241       0.63638066
  397.48682       0.68660273E-01   0.68654772E-01   0.68654767E-01   0.68654772E-01   0.67433407E-01   -3.4503538
  397.57979      -0.13994024E-01  -0.13992897E-01  -0.13992902E-01  -0.13992897E-01  -0.52071364       -1.0005105
  397.68525      -0.34668839E-01  -0.34666054E-01  -0.34666059E-01  -0.34666054E-01  -0.13110539        4.5651406
  397.77490      -0.39574927E-01  -0.39571748E-01  -0.39571753E-01  -0.39571748E-01   0.37002335        1.0261883
  397.87920       0.37095451E-01   0.37092481E-01   0.37092476E-01   0.37092481E-01   0.67919013E-01   -3.6590295
  397.95742      -0.27178376E-01  -0.27176191E-01  -0.27176196E-01  -0.27176191E-01  -0.29782124       0.35923104
  398.05957      -0.16622895E-01  -0.16621557E-01  -0.16621562E-01  -0.16621557E-01   0.13271391        3.4046178
  398.14238      -0.26314914E-02  -0.26312754E-02  -0.26312804E-02  -0.26312754E-02   0.33189993       -2.9137178
  398.23662       0.42140253E-01   0.42136879E-01   0.42136874E-01   0.42136879E-01  -0.38316216       -1.5482614
  398.32383      -0.72154464E-01  -0.72148672E-01  -0.72148677E-01  -0.72148672E-01   0.50975172E-01    5.6094138
  398.41562       0.51265008E-01   0.51260902E-01   0.51260897E-01   0.51260902E-01   0.62094479       0.32335107
  398.50195       0.38451326E-01   0.38448247E-01   0.38448242E-01   0.38448247E-01   0.10857208       -2.4800086
  398.59727       0.70986106E-01   0.70980418E-01   0.70980413E-01   0.70980418E-01   0.17047454       -1.3298426
  398.67666       0.68234439E-01   0.68228971E-01   0.68228966E-01   0.68228971E-01  -0.12376086      -0.68765039
  398.79912       0.46004296E-01   0.46000612E-01   0.46000607E-01   0.46000612E-01   0.31668526E-01  -0.96054701
  398.89443       0.75131001E-01   0.75124981E-01   0.75124976E-01   0.75124981E-01  -0.33294244        1.5895446
  399.00654      -0.23055258E-01  -0.23053404E-01  -0.23053409E-01  -0.23053404E-01   0.36137488        14.007765
  399.01455       0.11853834       0.11852884       0.11852883       0.11852884        1.3496311        1.0242614
  399.12119       0.13167779       0.13166723       0.13166723       0.13166723       0.47880481       -1.3341313
  399.24492       0.22884113       0.22882278       0.22882278       0.22882278        1.0422858        5.6564442
  399.34912       0.36924568       0.36921607       0.36921607       0.36921607        1.7680764        5.3906160
  399.46377       0.61578042       0.61573104       0.61573103       0.61573104        2.2220092        2.1586766
  399.56270       0.84380952       0.84374185       0.84374184       0.84374185        2.2291141        3.2137339
  399.66816        1.0713993        1.0713134        1.0713134        1.0713134        2.8788790      -0.28592867
  399.76104        1.4148061        1.4146926        1.4146926        1.4146926        2.1724030       -10.642108
  399.86895        1.5075770        1.5074561        1.5074561        1.5074561       0.74214386       -10.620508
  399.95625        1.5596836        1.5595585        1.5594426        1.5594426       0.99122639E-01   -7.9701799
  400.04697        1.5252235      -0.64891024        1.5253919      -0.64861950      -0.67676654       -10.231208
  400.13096        1.4414477      -0.59592582        1.4419993      -0.59525864       -1.6883410       -6.3055403
  400.21943        1.2340507      -0.54101172        1.2350155      -0.53994796       -1.7642257       -1.2457863
  400.29873        1.1454574      -0.49257797        1.1467847      -0.49115877       -1.8973509        1.6935275
  400.39531       0.90034672      -0.43457851       0.90212662      -0.43272641       -1.4663699        5.4754413
  400.47822       0.88225543      -0.38565162       0.88440841      -0.38342789      -0.91455190       -1.3456284
  400.58145       0.73011862      -0.32584206       0.73274647      -0.32315565       -1.7168355        1.6107941
  400.67783       0.53955909      -0.27108967       0.54263427      -0.26797122      -0.59302243        11.632638
  400.79131       0.60566497      -0.20797359       0.60924348      -0.20434650       0.72442838        5.0405168
  400.89463       0.69661292      -0.15175881       0.70064725      -0.14766861       0.49974600       0.96624592
  401.01611       0.71801022      -0.87172336E-01   0.72258737      -0.82537607E-01   0.94164500        4.1600662
  401.12949       0.91777077      -0.28353057E-01   0.92284010      -0.23210128E-01    1.4767929        2.0304090
  401.24883        1.0616818       0.32052944E-01    1.0672745       0.37730774E-01    1.4141512      -0.60096321
  401.35303        1.2338832       0.83549247E-01    1.2399291       0.89694131E-01    1.3424565      -0.21712454
  401.46768        1.3554753       0.13888015        1.3620254       0.14553893        1.3666340       -4.2963517
  401.56416        1.5224246       0.18437635        1.5293938       0.19146760       0.43535531       -8.2943454
  401.67637        1.4463302       0.23607112        1.4538084       0.24366532      -0.36432454       -6.9979858
  401.76611        1.4488481       0.27648660        1.4567284       0.28448307      -0.97790961       -5.5996893
  401.87646        1.2506528       0.32505847        1.2590436       0.33354957       -1.4848089       0.69764531
  401.96494        1.1536264       0.36311610        1.1624216       0.37200378      -0.83919812       0.39259088
  402.06582        1.0917461       0.40555635        1.1009984       0.41489620       -1.4104697       -4.6352516
  402.16250       0.87497598       0.44528729       0.88467900       0.45506048       -1.7549319       0.21088070
  402.26445       0.74315902       0.48619621       0.75332960       0.49642640       -1.3685819        3.8014637
  402.35410       0.61275350       0.52133740       0.62333638       0.53196941       -1.0265654        4.4547954
  402.44941       0.55328445       0.55785509       0.56429931       0.56891433      -0.54461846        4.9778547
  402.54268       0.51005251       0.59275375       0.52148887       0.60423101      -0.87870455E-01    2.4631324
  402.64023       0.53651698       0.62838734       0.54838851       0.64030189      -0.74602801E-01   -1.0759523
  402.72539       0.49642148       0.65876864       0.50867792       0.67106489      -0.28446286       -1.8521331
  402.82734       0.48329134       0.69426634       0.49600582       0.70701958      -0.42115413      -0.41747096
  402.91592       0.41618008       0.72433865       0.42929695       0.73748890      -0.36400251        4.6978266
  403.01592       0.41464982       0.75744224       0.42821505       0.77104072       0.46473523        5.2207054
  403.10225       0.50277331       0.78530423       0.51671842       0.79928967       0.60876160       -1.1572645
  403.20928       0.53235953       0.81893761       0.54678202       0.83340279       0.24096738       -2.5651355
  403.30459       0.55153154       0.84804961       0.56637971       0.86294202       0.89722581E-01   0.42289526
  403.43604       0.55270484       0.88691846       0.56814210       0.90240004       0.33686222       0.17747364
  403.56797       0.64025394       0.92446132       0.65627555       0.94053427       0.13646539       -1.2055896
  403.66895       0.58448901       0.95221463       0.60096769       0.96874020       0.56068219E-01  -0.83028952
  403.80166       0.65335661       0.98741761       0.67042464        1.0045380      -0.57566211E-01  -0.76835461
  403.90283       0.57102504        1.0132956       0.58855316        1.0308695      -0.12363970        3.6082341
  404.01074       0.62750577        1.0399967       0.64551305        1.0580543       0.69685058        4.9597640
  404.11289       0.71740449        1.0644274       0.73586242        1.0829428       0.91820137       -2.3038520
  404.22080       0.82038186        1.0893559       0.83931522        1.1083550       0.21290665       -5.2375451
  404.31631       0.76071354        1.1106750       0.78007978        1.1301023      -0.14720957       0.80256039
  404.42188       0.79078182        1.1334376       0.81061883        1.1533380       0.37428084        2.9026929
  404.50811       0.83249944        1.1514142       0.85271962        1.1717012       0.40951793      -0.45028142
  404.60811       0.86704655        1.1715763       0.88771219        1.1923115       0.29042471       -1.6951063
  404.68740       0.88457166        1.1870477       0.90559133        1.2081383       0.10559080        1.3510064
  404.77939       0.88513309        1.2044308       0.90656505        1.2259337       0.52183723        1.3483574
  404.86025       0.97477206        1.2192149       0.99655927        1.2410803       0.33865654       -1.9260383
  404.95684       0.94522478        1.2362744       0.96744727        1.2585727       0.18007829        3.1109884
  405.04199        1.0074992        1.2507813        1.0300984        1.2734613       0.90404228        2.1398037
  405.14648        1.1166750        1.2679078        1.1397338        1.2910561       0.58588886       -4.3459084
  405.23496        1.1205574        1.2818363        1.1440125        1.3053812       0.65417987E-01   -1.6392280
  405.34863        1.1298992        1.2989720        1.1538630        1.3230265       0.25452154       0.99478535
  405.43838        1.1723317        1.3119071        1.1966944        1.3363638       0.26777523        1.0094843
  405.54961        1.1837157        1.3272234        1.2085761        1.3521787       0.45740426      -0.90395790
  405.65654        1.2721209        1.3412138        1.2974534        1.3666484       0.70564072E-01   -2.9678218
  405.77002        1.1992688        1.3552873        1.2251158        1.3812305      -0.19673364        1.6686670
  405.87461        1.2292199        1.3675665        1.2555333        1.3939786       0.43444429        4.0749421
  405.98809        1.2940065        1.3801522        1.3208234        1.4070728       0.69187432      -0.79960547E-01
  406.08584        1.3753647        1.3903903        1.4026133        1.4177491       0.41755419       -2.4201018
  406.19941        1.3822475        1.4015968        1.4100045        1.4294648       0.18043857       -2.9724637
  406.29590        1.4132674        1.4105465        1.4414545        1.4388469      -0.20683738       -2.0655903
  406.40068        1.3406174        1.4196836        1.3692800        1.4484537      -0.23530175        2.5661796
  406.49502        1.3664139        1.4274003        1.3954972        1.4565932       0.30414312        3.2935924
  406.59834        1.4007332        1.4353088        1.4302769        1.4649648       0.41569720        1.5015699
  406.68242        1.4443165        1.4413333        1.4742336        1.4713662       0.58554092      -0.92798040
  406.78682        1.5110939        1.4483092        1.5414736        1.4788100       0.24079461       -5.3197616
  406.87217        1.4900064        1.4536054        1.5207703        1.4844888      -0.42386309       -2.0668319
  406.97666        1.4306262        1.4596005        1.4618632        1.4909523      -0.15158061        5.2278552
  407.06416        1.4609041        1.4642147        1.4925309        1.4959587       0.57984433       0.76486478
  407.15850        1.5360627        1.4687833        1.5681063        1.5009501      -0.12500732E-01   -4.3513880
  407.23809        1.4587299        1.4723161        1.4911365        1.5048397      -0.17697387       -5.6178314
  407.33232        1.5052996        1.4761263        1.5381249        1.5090722      -0.98903770       -2.6964825
  407.41973        1.2790804        1.4793056        1.3123155        1.5126433      -0.66676484        11.550171
  407.50840        1.3878995        1.4821898        1.4215234        1.5159250        1.0446494        6.7930355
  407.59502        1.4622000        1.4846822        1.4962062        1.5188056       0.52400604       -7.9405952
  407.69033        1.4832339        1.4870614        1.5176656        1.5216121      -0.40001167       -5.3016048
  407.77900        1.3886041        1.4889407        1.4234409        1.5238888      -0.45140654        2.3912832
  407.90176        1.3877949        1.4910243        1.4231819        1.5265226       0.10556730        1.6744188
  408.00049        1.4119856        1.4922752        1.4478133        1.5282161      -0.80548885E-01   -1.9238030
  408.12314        1.3699624        1.4933177        1.4063432        1.5298084      -0.32033711      -0.93889835
  408.23008        1.3384395        1.4937778        1.3753021        1.5307479      -0.29611037       0.43832414
  408.35176        1.3022676        1.4938097        1.3396786        1.5313251      -0.22013038       0.60712564
  408.44717        1.2906514        1.4934800        1.3284909        1.5314231      -0.16430952        3.2046624
  408.55635        1.2686516        1.4927327        1.3069823        1.5311652       0.43551118        2.1349552
  408.65400        1.3807307        1.4917402        1.4194902        1.5306104       0.27727585       -1.6017633
  408.76309        1.3259751        1.4902819        1.3652279        1.5296410       0.10436553       -3.1863805
  408.85635        1.4018484        1.4887521        1.4415132        1.5285292      -0.36746848       -3.7659668
  408.95869        1.2540962        1.4867837        1.2942315        1.5270195      -0.63227830        2.4621132
  409.04502        1.2825554        1.4848954        1.3230753        1.5255182       0.97062853E-01    4.3586451
  409.14160        1.2718500        1.4825443        1.3128038        1.5236001       0.16496234       0.55486000
  409.22012        1.3114399        1.4804536        1.3527424        1.5218613       0.19421756       0.28220042
  409.31572        1.3056674        1.4776982        1.3473989        1.5195344       0.21409939       0.79496407
  409.39063        1.3479455        1.4753841        1.3900093        1.5175561       0.32976514       -2.6671751
  409.48838        1.3626034        1.4721665        1.4051042        1.5147766      -0.24640493       -3.0292757
  409.57822        1.3017205        1.4690195        1.3446289        1.5120323      -0.23852001        1.0185558
  409.68281        1.3162271        1.4651373        1.3596031        1.5086189      -0.48363462E-01    1.0514489
  409.78174        1.2918778        1.4612589        1.3356992        1.5051839      -0.24533757E-01    1.5627828
  409.89424        1.3110400        1.4566173        1.3553642        1.5010465       0.28204913       0.52688234
  409.99326        1.3515378        1.4523393        1.3963025        1.4972125       0.86914187E-01   -1.2893172
  410.11611        1.3303241        1.4467973        1.3756412        1.4922211      -0.40181257E-02  -0.62320896
  410.22422        1.3506098        1.4417197        1.3964098        1.4876280      -0.57020284E-01    1.4773074
  410.34219        1.3174333        1.4359801        1.3637648        1.4824172       0.32996295        2.4655563
  410.44580        1.4237236        1.4307809        1.4705110        1.4776825       0.48930285       -3.3340555
  410.55850        1.4232737        1.4249722        1.4705663        1.4723789      -0.39122192       -4.9592776
  410.66055        1.3397103        1.4195857        1.3874670        1.4674498      -0.57568267        2.6372172
  410.77334        1.2995919        1.4135061        1.3478574        1.4618758       0.17536759        5.8912241
  410.86885        1.3762395        1.4082651        1.4249269        1.4570629       0.65146403       0.69570610
  410.97578        1.4314753        1.4023076        1.4806376        1.4515847       0.31620737       -3.3356223
  411.06670        1.4388016        1.3971770        1.4883708        1.4468616      -0.84938502E-02  -0.88091707
  411.17119        1.4298155        1.3912168        1.4798538        1.4413698       0.14406728       -1.0046358
  411.25771        1.4663207        1.3862380        1.5167439        1.4367788      -0.20039497       -1.7850291
  411.34756        1.3944724        1.3810340        1.4453041        1.4319775      -0.17075330        3.9518282
  411.44883        1.4336874        1.3751357        1.4849699        1.4265331       0.55485196        1.8502989
  411.53525        1.4986155        1.3700824        1.5502801        1.4218672       0.17653910       -4.6298808
  411.63984        1.4674092        1.3639530        1.5195451        1.4162067      -0.32952750      -0.38032324
  411.72305        1.4367325        1.3590734        1.4892439        1.4117000       0.10511706        4.2989144
  411.82187        1.4865438        1.3532819        1.5394941        1.4063515       0.45300947       0.46376056E-01
  411.90947        1.5211852        1.3481604        1.5745254        1.4016226       0.11376275       -3.5201243
  412.01172        1.5081409        1.3422059        1.5619405        1.3961264      -0.21526395       0.31882067
  412.09951        1.4802766        1.3371212        1.5344719        1.3914352       0.17435111        2.5849278
  412.19629        1.5403210        1.3315537        1.5949452        1.3863015       0.26183721       -1.9483821
  412.29170        1.5305985        1.3261046        1.5856512        1.3812801      -0.20010357       -2.6458227
  412.41230        1.4970955        1.3192729        1.5526915        1.3749889      -0.30970177        1.8838292
  412.52490        1.4583751        1.3129513        1.5144789        1.3691720       0.23921125       0.87300463
  412.65117        1.5542352        1.3059267        1.6108973        1.3627134      -0.10116960       -2.5879930
  412.75332        1.4352661        1.3002937        1.4923956        1.3575383      -0.35193293       0.71057535E-01
  412.88535        1.4718196        1.2930785        1.5295380        1.3509149      -0.84529365E-01  -0.19179712
  412.98438        1.4157352        1.2877154        1.4739019        1.3459957      -0.39624856       0.55396145
  413.09844        1.3873847        1.2815889        1.4460649        1.3403805       0.33512010E-01    1.7721269
  413.19834        1.4229056        1.2762678        1.4820308        1.3355071      -0.17075781E-01    1.8396944
  413.30859        1.3837961        1.2704436        1.4434186        1.3301771       0.42013519      -0.88552650
  413.40088        1.5079994        1.2656074        1.5680256        1.3257545      -0.19642952       -6.0230660
  413.50898        1.3444334        1.2599869        1.4049573        1.3206186      -0.78683122        4.2871290
  413.59443        1.3557045        1.2555784        1.4166105        1.3165931       0.63336444        3.5928033
  413.69307        1.4610244        1.2505269        1.5223641        1.3119838      -0.12546080       -8.1822071
  413.77178        1.3334548        1.2465243        1.3951575        1.3083340      -0.81769845      -0.43718939
  413.86504        1.3204026        1.2418144        1.3825244        1.3040421      -0.20064544        4.7411945
  413.94600        1.2984986        1.2377545        1.3609850        1.3003451       0.83067694E-02    5.1164303
  414.04033        1.3218587        1.2330572        1.3847661        1.2960706       0.69622847        1.2228984
  414.12676        1.4243501        1.2287851        1.4876366        1.2921859       0.22935996       -8.7160254
  414.22920        1.3651773        1.2237602        1.4289278        1.2876202      -0.94994284       -2.3169079
  414.31904        1.2416901        1.2193878        1.3058532        1.2836504      -0.21614714        5.6646459
  414.43311        1.3211035        1.2138829        1.3857715        1.2786569       0.20511415       0.73910113
  414.52285        1.2834941        1.2095879        1.3485674        1.2747641      -0.65511975E-01   -1.9156280
  414.63330        1.3079884        1.2043456        1.3735547        1.2700169      -0.17838557      -0.87633467
  414.74160        1.2444723        1.1992518        1.3105292        1.2654085      -0.25721018        2.9633883
  414.85283        1.2515227        1.1940680        1.3180776        1.2607233       0.47217063       0.67531311
  414.95889        1.3470679        1.1891701        1.4140906        1.2563008      -0.11047471       -3.0265870
  415.07266        1.2272377        1.1839644        1.2947799        1.2516050      -0.19314644       0.13700928
  415.17393        1.3055339        1.1793726        1.3735237        1.2474672      -0.81012354E-01    1.0731987
  415.28545        1.2099988        1.1743614        1.2784962        1.2429558       0.35222721E-01    2.0910486
  415.38232        1.3128743        1.1700469        1.3817976        1.2390755       0.35475883       -1.1182668
  415.49141        1.2830639        1.1652314        1.3524786        1.2347490      -0.19509215       -1.4473129
  415.58027        1.2742559        1.1613416        1.3440696        1.2312575       0.68264390E-01  -0.73067297
  415.68281        1.2961301        1.1568902        1.3664017        1.2272657      -0.33494756       0.16861186
  415.77148        1.2102103        1.1530727        1.2808862        1.2238457       0.10050483       0.79061368
  415.87393        1.3153379        1.1486989        1.3864646        1.2199310      -0.18385077       -5.6159739
  415.96055        1.1754510        1.1450309        1.2469771        1.2166513      -0.96126523      -0.68919213
  416.06533        1.1313458        1.1406310        1.2033452        1.2127210      -0.31576642        2.5057261
  416.15293        1.1147030        1.1369837        1.1870963        1.2094665      -0.47920662        2.2416086
  416.25068        1.0425241        1.1329469        1.1153614        1.2058678       0.99719334E-01    3.2497451
  416.33154        1.1325142        1.1296341        1.2057067        1.2029174       0.10124108      -0.60977311
  416.42607        1.0602808        1.1257913        1.1339028        1.1994984      -0.72291376E-02  -0.10114309
  416.51396        1.1311954        1.1222475        1.2052057        1.1963485       0.82790373E-01  -0.22978216
  416.60498        1.0750925        1.1186071        1.1495153        1.1931161      -0.48338614E-01   0.75785941
  416.69033        1.1226701        1.1152203        1.1974716        1.1901118       0.21645192        2.8988845
  416.78584        1.1142399        1.1114613        1.1894702        1.1867809       0.47595161       -1.4508988
  416.87578        1.2109349        1.1079511        1.2865606        1.1836739      -0.52616110E-01   -3.6450507
  416.99873        1.1030384        1.1031991        1.1792238        1.1794730      -0.30004578       0.58659880
  417.09902        1.1439520        1.0993623        1.2205837        1.1760857       0.78337496E-01   0.92409455
  417.22432        1.1207102        1.0946185        1.1979054        1.1719036      -0.91583074E-01   -1.6373152
  417.33350        1.1224783        1.0905295        1.2001627        1.1683039      -0.30556822      -0.72834580
  417.45654        1.0497492        1.0859707        1.1279909        1.1642966      -0.26072434        1.6965600
  417.54893        1.0663105        1.0825823        1.1449650        1.1613223       0.59921192E-01   -1.2876397
  417.64688        1.0611541        1.0790217        1.1402481        1.1582007      -0.50580337      -0.73940296
  417.75508       0.96203800        1.0751264        1.0416249        1.1547904      -0.92508429E-01    5.2773688
  417.85312        1.0420742        1.0716311        1.1220942        1.1517346       0.58265393       0.68485963
  417.95645        1.0793654        1.0679829        1.1598455        1.1485496       0.45399837E-01   -4.0988272
  418.04766        1.0509059        1.0647922        1.1317971        1.1457677      -0.21469585       -1.5720458
  418.14785        1.0382712        1.0613193        1.1196126        1.1427439      -0.25549963      -0.65049565
  418.23213        1.0037732        1.0584240        1.0854951        1.1402263      -0.33469454      -0.86605944
  418.32549       0.97881722        1.0552442        1.0609595        1.1374650      -0.40934357        4.3187809
  418.40527       0.93289761        1.0525495        1.0154012        1.1351279       0.41307863        4.0364469
  418.49531        1.0489680        1.0495336        1.1318659        1.1325156       0.27614279       -1.3128578
  418.57725       0.98038664        1.0468122        1.0636573        1.1301615       0.18730293        1.9956178
  418.67754        1.0830995        1.0435109        1.1668115        1.1273097       0.63979743       -2.1637956
  418.76641        1.1014108        1.0406128        1.1855196        1.1248100      -0.22200087       -3.8422589
  418.88379        1.0373119        1.0368239        1.1219520        1.1215472      -0.15266847       -1.1237299
  418.97734        1.0692073        1.0338357        1.1542642        1.1189784      -0.45903765      -0.60012181
  419.08887       0.94317329        1.0303101        1.0287402        1.1159526      -0.27574031        1.8565488
  419.20020        1.0077581        1.0268300        1.0938188        1.1129715      -0.45302780E-01   0.31056948
  419.32197       0.93261297        1.0230679        1.0192256        1.1097553      -0.20334486       0.14935632
  419.42920       0.96119134        1.0197938        1.0482823        1.1069618      -0.11099601E-01    1.8428619
  419.54658       0.93011989        1.0162506        1.0177395        1.1039448       0.21057907        2.1432833
  419.64688        1.0070293        1.0132570        1.0950922        1.1014007       0.45544130       -2.6264044
  419.75957        1.0271236        1.0099302        1.1156900        1.0985790      -0.34881434       -2.5417767
  419.86094       0.93236124        1.0069709        1.0213897        1.0960741      -0.88657779E-01   0.25743388
  421.16484       0.90253514       0.97162702       0.99741047        1.0665747       0.12950644E-01   0.24494250E-01
  422.72979       0.96951466       0.93549939        1.0713992        1.0374617      -0.18387506E-01  -0.11808817E-01
  424.23477       0.84608693       0.90665916       0.95472715        1.0153672      -0.23301503E-01   0.63576570E-02
  425.71182       0.90002886       0.88341524        1.0152854       0.99874392       0.57122551E-03   0.25703550E-02
  427.36182       0.84787318       0.86270208       0.97052969       0.98542659      -0.15263872E-01   0.50283124E-02
  429.05313       0.84902755       0.84645275       0.97926495       0.97675824       0.17372369E-01   0.12698084E-02
  430.72568       0.90631153       0.83454582        1.0440413       0.97234825      -0.10992405E-01  -0.11746457E-01
  432.48008       0.81135709       0.82563343       0.95695820       0.97129961      -0.22882187E-01   0.14506472E-03
  434.31953       0.82407643       0.81923711       0.97792153       0.97314830      -0.10471065E-01   0.79093792E-02
  436.19287       0.77248020       0.81474890       0.93472633       0.97705699       0.64837007E-02   0.88179074E-02
  438.09463       0.84855304       0.81114331        1.0193174       0.98197568       0.22817397E-01  -0.40485699E-02
  440.03564       0.86016228       0.80724467        1.0396259       0.98677728      -0.90740360E-02  -0.12382457E-01
  442.03037       0.81283997       0.80171138        1.0012484       0.99018499      -0.25916762E-01   0.10639686E-02
  444.05557       0.75597893       0.79313725       0.95346948       0.99068843      -0.47969653E-02   0.13260088E-01
  446.12539       0.79319630       0.77983584       0.99996148       0.98666462       0.28383557E-01  -0.15519408E-02
  448.31162       0.87678090       0.75915063        1.0933387       0.97577879      -0.11402110E-01  -0.19998071E-01
  450.54473       0.74280655       0.72917191       0.96938462       0.95580956      -0.59994636E-01  -0.21760067E-01
