*********************  Core Excitation Data  ********************
****************  A.P. Hitchcock & D.C. Mancini  ****************
*
* Formula: C8H6
* Name: Phenylacetylene
* Edge: C1s
* Alpha Formula: C8H6
* Data Source:Hitchcock
* Filename:KI-0CCKK.OS
* Ref. Code: LUH03
* Write Date: O2/06/04
* Reference:
* Source and Purity: aldrich 98%
* Acquisition Mode:EELS, 2 deg, 2500 eV CRE mode, 0.7 eV fwhm
*--------------------------------------------------------------
* No. of Spectra: 2files         ki\0kic        ki\0kic.os   
*   E (eV)        Raw data             Osc. Str. per atom (E-2)
*--------------------------------------------------------------
        x             1y             2y
  2.817839E+02	  1.111840E+04	 -1.822146E-03	
  2.819339E+02	  1.101325E+04	 -2.741867E-03	
  2.820339E+02	  1.106390E+04	 -2.086754E-03	
  2.821839E+02	  1.120073E+04	 -4.608633E-04	
  2.822839E+02	  1.118121E+04	 -5.420554E-04	
  2.823839E+02	  1.106101E+04	 -1.686430E-03	
  2.825329E+02	  1.119111E+04	 -1.271795E-04	
  2.826329E+02	  1.128725E+04	  1.015345E-03	
  2.827829E+02	  1.132308E+04	  1.584181E-03	
  2.828829E+02	  1.134783E+04	  1.973421E-03	
  2.829829E+02	  1.142047E+04	  2.872119E-03	
  2.831329E+02	  1.152926E+04	  4.221510E-03	
  2.832319E+02	  1.191734E+04	  8.482999E-03	
  2.833819E+02	  1.203484E+04	  9.937023E-03	
  2.834819E+02	  1.218368E+04	  1.166167E-02	
  2.835819E+02	  1.256399E+04	  1.586449E-02	
  2.836449E+02	  1.293700E+04	  1.994383E-02	
  2.837449E+02	  1.338366E+04	  2.487268E-02	
  2.837950E+02	  1.375855E+04	  2.896495E-02	
  2.838940E+02	  1.483777E+04	  4.069398E-02	
  2.839439E+02	  1.562400E+04	  4.921476E-02	
  2.840439E+02	  1.763333E+04	  7.097670E-02	
  2.841440E+02	  2.052104E+04	  1.022303E-01	
  2.841939E+02	  2.387999E+04	  1.384871E-01	
  2.842939E+02	  3.215893E+04	  2.279291E-01	
  2.843439E+02	  3.847550E+04	  2.961819E-01	
  2.844439E+02	  5.347647E+04	  4.584464E-01	
  2.845439E+02	  7.539612E+04	  6.957672E-01	
  2.845939E+02	  9.318698E+04	  8.884225E-01	
  2.846929E+02	  1.247082E+05	  1.230405E+00	
  2.847430E+02	  1.490846E+05	  1.494911E+00	
  2.848429E+02	  1.939397E+05	  1.982521E+00	
  2.849429E+02	  2.308210E+05	  2.384682E+00	
  2.849930E+02	  2.461611E+05	  2.552439E+00	
  2.850929E+02	  2.620468E+05	  2.727777E+00	
  2.851429E+02	  2.650303E+05	  2.761690E+00	
  2.852430E+02	  2.622092E+05	  2.734020E+00	
  2.853429E+02	  2.516493E+05	  2.622006E+00	
  2.853929E+02	  2.444710E+05	  2.545227E+00	
  2.854930E+02	  2.313810E+05	  2.405244E+00	
  2.855419E+02	  2.244396E+05	  2.330784E+00	
  2.856419E+02	  2.105771E+05	  2.181911E+00	
  2.857419E+02	  1.940809E+05	  2.003923E+00	
  2.857919E+02	  1.818247E+05	  1.870934E+00	
  2.858919E+02	  1.623850E+05	  1.660097E+00	
  2.859419E+02	  1.511663E+05	  1.538086E+00	
  2.860419E+02	  1.288110E+05	  1.294583E+00	
  2.861419E+02	  1.074971E+05	  1.062004E+00	
  2.861919E+02	  9.396401E+04	  9.139320E-01	
  2.862919E+02	  7.275802E+04	  6.817761E-01	
  2.863409E+02	  6.278772E+04	  5.724707E-01	
  2.864409E+02	  4.763480E+04	  4.062729E-01	
  2.865409E+02	  3.719545E+04	  2.917047E-01	
  2.868299E+02	  2.888850E+04	  2.010641E-01	
  2.869299E+02	  3.080540E+04	  2.226207E-01	
  2.870799E+02	  3.876532E+04	  3.114227E-01	
  2.871799E+02	  4.600788E+04	  3.922681E-01	
  2.873299E+02	  5.484562E+04	  4.913242E-01	
  2.874299E+02	  6.131207E+04	  5.639282E-01	
  2.875299E+02	  6.510711E+04	  6.069194E-01	
  2.876789E+02	  6.814958E+04	  6.419927E-01	
  2.877789E+02	  7.105166E+04	  6.751997E-01	
  2.879289E+02	  7.715800E+04	  7.447520E-01	
  2.880289E+02	  8.179645E+04	  7.975950E-01	
  2.881289E+02	  8.498705E+04	  8.343156E-01	
  2.882789E+02	  8.550310E+04	  8.415939E-01	
  2.883789E+02	  8.327961E+04	  8.175982E-01	
  2.885279E+02	  7.794675E+04	  7.590118E-01	
  2.886279E+02	  7.410931E+04	  7.166780E-01	
  2.887279E+02	  7.082395E+04	  6.804830E-01	
  2.888779E+02	  6.848642E+04	  6.553152E-01	
  2.889779E+02	  6.852294E+04	  6.565298E-01	
  2.891279E+02	  6.913564E+04	  6.646740E-01	
  2.892279E+02	  7.016478E+04	  6.771544E-01	
  2.893269E+02	  7.213677E+04	  7.003529E-01	
  2.894769E+02	  7.460356E+04	  7.296669E-01	
  2.895769E+02	  7.686220E+04	  7.562481E-01	
  2.897269E+02	  7.964591E+04	  7.893323E-01	
  2.898269E+02	  8.096900E+04	  8.053663E-01	
  2.899269E+02	  8.184769E+04	  8.163564E-01	
  2.900769E+02	  8.165805E+04	  8.156349E-01	
  2.901759E+02	  8.101140E+04	  8.091853E-01	
  2.903259E+02	  7.989361E+04	  7.978022E-01	
  2.904259E+02	  7.896697E+04	  7.881091E-01	
  2.905259E+02	  7.853084E+04	  7.840319E-01	
  2.906759E+02	  7.812739E+04	  7.807838E-01	
  2.907759E+02	  7.780728E+04	  7.780225E-01	
  2.909249E+02	  7.788977E+04	  7.803510E-01	
  2.910249E+02	  7.789892E+04	  7.813818E-01	
  2.911749E+02	  7.863280E+04	  7.912616E-01	
  2.912749E+02	  7.942219E+04	  8.013398E-01	
  2.913749E+02	  8.053087E+04	  8.151392E-01	
  2.915249E+02	  8.228266E+04	  8.369192E-01	
  2.916249E+02	  8.393780E+04	  8.571384E-01	
  2.917739E+02	  8.563846E+04	  8.784291E-01	
  2.918739E+02	  8.740925E+04	  9.000874E-01	
  2.919739E+02	  8.963807E+04	  9.271315E-01	
  2.921239E+02	  9.203303E+04	  9.567212E-01	
  2.922239E+02	  9.362944E+04	  9.764932E-01	
  2.923739E+02	  9.601025E+04	  1.006063E+00	
  2.924739E+02	  9.695305E+04	  1.018271E+00	
  2.925729E+02	  9.917502E+04	  1.045501E+00	
  2.927229E+02	  1.015836E+05	  1.075603E+00	
  2.928229E+02	  1.045180E+05	  1.111354E+00	
  2.929729E+02	  1.082430E+05	  1.157140E+00	
  2.930970E+02	  1.093821E+05	  1.172201E+00	
  2.932960E+02	  1.121921E+05	  1.208055E+00	
  2.934960E+02	  1.120881E+05	  1.209537E+00	
  2.936960E+02	  1.140135E+05	  1.235111E+00	
  2.938960E+02	  1.103709E+05	  1.194544E+00	
  2.940950E+02	  1.101887E+05	  1.195040E+00	
  2.942950E+02	  1.065982E+05	  1.154834E+00	
  2.944950E+02	  1.051411E+05	  1.139992E+00	
  2.946950E+02	  1.034759E+05	  1.122586E+00	
  2.948940E+02	  1.005879E+05	  1.090395E+00	
  2.950940E+02	  1.001195E+05	  1.087215E+00	
  2.952940E+02	  1.006399E+05	  1.095949E+00	
  2.954940E+02	  9.853239E+04	  1.072937E+00	
  2.956940E+02	  9.798601E+04	  1.068740E+00	
  2.958930E+02	  9.876655E+04	  1.080617E+00	
  2.960930E+02	  9.421331E+04	  1.027660E+00	
  2.962930E+02	  9.642488E+04	  1.056945E+00	
  2.964930E+02	  9.730952E+04	  1.070135E+00	
  2.966920E+02	  9.723146E+04	  1.071577E+00	
  2.968920E+02	  9.452552E+04	  1.040803E+00	
  2.970920E+02	  9.530609E+04	  1.052743E+00	
  2.972920E+02	  9.384905E+04	  1.037172E+00	
  2.974910E+02	  9.322460E+04	  1.031792E+00	
  2.976910E+02	  9.306849E+04	  1.032188E+00	
  2.978910E+02	  9.343275E+04	  1.039024E+00	
  2.980910E+02	  9.384905E+04	  1.046529E+00	
  2.982900E+02	  9.200173E+04	  1.025891E+00	
  2.984900E+02	  9.530609E+04	  1.069382E+00	
  2.986900E+02	  9.431738E+04	  1.059430E+00	
  2.988900E+02	  9.265219E+04	  1.040964E+00	
  2.990890E+02	  9.150738E+04	  1.028933E+00	
  2.992890E+02	  9.007635E+04	  1.013262E+00	
  2.994890E+02	  8.992023E+04	  1.013573E+00	
  2.996890E+02	  9.070079E+04	  1.025694E+00	
  2.998880E+02	  8.854125E+04	  1.000685E+00	
  3.000880E+02	  9.015441E+04	  1.023363E+00	
  3.002880E+02	  8.955598E+04	  1.018060E+00	
  3.004880E+02	  8.874940E+04	  1.010082E+00	
  3.006880E+02	  9.179358E+04	  1.051131E+00	
  3.008870E+02	  9.090895E+04	  1.042168E+00	
  3.010870E+02	  8.911366E+04	  1.021526E+00	
  3.012870E+02	  9.254813E+04	  1.067830E+00	
  3.014870E+02	  8.802088E+04	  1.012056E+00	
  3.016860E+02	  8.833311E+04	  1.018322E+00	
  3.018860E+02	  9.205376E+04	  1.068569E+00	
  3.020860E+02	  9.241802E+04	  1.075646E+00	
  3.022860E+02	  9.176756E+04	  1.069607E+00	
  3.024850E+02	  8.890552E+04	  1.034837E+00	
  3.026850E+02	  8.796885E+04	  1.024961E+00	
  3.028850E+02	  9.184562E+04	  1.077728E+00	
  3.030850E+02	  9.093496E+04	  1.068225E+00	
  3.032840E+02	  8.833311E+04	  1.036554E+00	
  3.034840E+02	  8.846319E+04	  1.040555E+00	
  3.036840E+02	  8.952995E+04	  1.056862E+00	
  3.038840E+02	  8.843718E+04	  1.044822E+00	
  3.040830E+02	  8.760460E+04	  1.036146E+00	
  3.042830E+02	  8.635569E+04	  1.021944E+00	
  3.044830E+02	  8.258299E+04	  9.742846E-01	
  3.046830E+02	  8.523689E+04	  1.011636E+00	
  3.048820E+02	  8.422216E+04	  1.000383E+00	
  3.050820E+02	  8.346763E+04	  9.925540E-01	
  3.052820E+02	  8.513282E+04	  1.016961E+00	
  3.054820E+02	  8.354568E+04	  9.979957E-01	
  3.056820E+02	  8.406606E+04	  1.007169E+00	
  3.058810E+02	  8.156827E+04	  9.758708E-01	
  3.060810E+02	  8.331152E+04	  1.001464E+00	
  3.062810E+02	  8.328549E+04	  1.003323E+00	
  3.064810E+02	  7.685891E+04	  9.188033E-01	
  3.066800E+02	  7.894041E+04	  9.489833E-01	
  3.068800E+02	  7.722317E+04	  9.278194E-01	
  3.070800E+02	  7.652066E+04	  9.203414E-01	
  3.072800E+02	  7.519372E+04	  9.043357E-01	
  3.074790E+02	  7.787363E+04	  9.428599E-01	
  3.076790E+02	  7.561002E+04	  9.140345E-01	
  3.078790E+02	  7.581816E+04	  9.189098E-01	
  3.080790E+02	  7.592224E+04	  9.223730E-01	
  3.082780E+02	  7.415297E+04	  9.001018E-01	
  3.084780E+02	  7.389279E+04	  8.985176E-01	
  3.086780E+02	  7.251381E+04	  8.814945E-01	
  3.088780E+02	  7.485548E+04	  9.158066E-01	
  3.090770E+02	  7.433512E+04	  9.106169E-01	
  3.092770E+02	  7.287806E+04	  8.924195E-01	
  3.094770E+02	  7.259186E+04	  8.904179E-01	
  3.096770E+02	  7.090065E+04	  8.688390E-01	
  3.098760E+02	  7.212353E+04	  8.878189E-01	
  3.100760E+02	  7.071853E+04	  8.701416E-01	
  3.102760E+02	  6.720602E+04	  8.228719E-01	
  3.104760E+02	  7.165519E+04	  8.871461E-01	
  3.106760E+02	  7.246177E+04	  9.004468E-01	
  3.108750E+02	  6.718001E+04	  8.280090E-01	
  3.110750E+02	  6.751823E+04	  8.346251E-01	
  3.112750E+02	  6.918344E+04	  8.600302E-01	
  3.114750E+02	  6.718001E+04	  8.335425E-01	
  3.116740E+02	  6.723204E+04	  8.361215E-01	
  3.118740E+02	  6.871509E+04	  8.590725E-01	
  3.120740E+02	  6.481230E+04	  8.053417E-01	
  3.122740E+02	  6.598313E+04	  8.238539E-01	
  3.124730E+02	  6.629536E+04	  8.301390E-01	
  3.126730E+02	  6.442202E+04	  8.051202E-01	
  3.128730E+02	  6.543675E+04	  8.214843E-01	
  3.130730E+02	  6.460416E+04	  8.113207E-01	
  3.133220E+02	  6.405777E+04	  8.056776E-01	
  3.135220E+02	  6.275684E+04	  7.886596E-01	
  3.137220E+02	  6.213239E+04	  7.813681E-01	
  3.139220E+02	  6.429193E+04	  8.144412E-01	
  3.141210E+02	  6.343332E+04	  8.037498E-01	
  3.143210E+02	  5.921831E+04	  7.441316E-01	
  3.145210E+02	  6.122174E+04	  7.750329E-01	
  3.147210E+02	  6.083146E+04	  7.710474E-01	
  3.149200E+02	  5.984275E+04	  7.582664E-01	
  3.151200E+02	  6.067535E+04	  7.721744E-01	
  3.153200E+02	  5.968664E+04	  7.593467E-01	
  3.155200E+02	  6.150794E+04	  7.878708E-01	
  3.157190E+02	  5.851580E+04	  7.454295E-01	
  3.159190E+02	  6.046720E+04	  7.759527E-01	
  3.161190E+02	  6.015497E+04	  7.730415E-01	
  3.163190E+02	  6.031109E+04	  7.770693E-01	
  3.165190E+02	  6.015497E+04	  7.764635E-01	
  3.167180E+02	  6.148192E+04	  7.979476E-01	
  3.169180E+02	  5.825562E+04	  7.515214E-01	
  3.171180E+02	  5.768321E+04	  7.446218E-01	
  3.173180E+02	  5.812552E+04	  7.529028E-01	
  3.175170E+02	  5.742302E+04	  7.440087E-01	
  3.177170E+02	  5.835969E+04	  7.597516E-01	
  3.179170E+02	  5.705877E+04	  7.418146E-01	
  3.181170E+02	  5.612209E+04	  7.293074E-01	
  3.183160E+02	  5.588793E+04	  7.273721E-01	
  3.185160E+02	  5.635626E+04	  7.360856E-01	
  3.187160E+02	  5.401459E+04	  7.021390E-01	
  3.189160E+02	  5.646034E+04	  7.409284E-01	
  3.191150E+02	  5.755312E+04	  7.592201E-01	
  3.193150E+02	  5.846377E+04	  7.748031E-01	
  3.195150E+02	  5.593996E+04	  7.378669E-01	
  3.197150E+02	  5.536755E+04	  7.307147E-01	
  3.199140E+02	  5.195912E+04	  6.799455E-01	
  3.201140E+02	  5.489922E+04	  7.267239E-01	
  3.203140E+02	  5.521145E+04	  7.331429E-01	
  3.205140E+02	  5.708478E+04	  7.637067E-01	
  3.207140E+02	  5.469107E+04	  7.283164E-01	
  3.209130E+02	  5.549764E+04	  7.424232E-01	
  3.211130E+02	  5.437884E+04	  7.266652E-01	
  3.213130E+02	  5.588793E+04	  7.517610E-01	
  3.215130E+02	  5.294782E+04	  7.075403E-01	
  3.217120E+02	  5.484719E+04	  7.387792E-01	
  3.219120E+02	  5.521145E+04	  7.461016E-01	
  3.221120E+02	  5.414468E+04	  7.309974E-01	
  3.223120E+02	  5.534153E+04	  7.514126E-01	
  3.225110E+02	  5.253153E+04	  7.087931E-01	
  3.227110E+02	  5.315597E+04	  7.202038E-01	
  3.229110E+02	  5.294782E+04	  7.184928E-01	
  3.231110E+02	  5.448292E+04	  7.443788E-01	
  3.233100E+02	  5.396255E+04	  7.377376E-01	
  3.235100E+02	  5.234939E+04	  7.137040E-01	
  3.237100E+02	  5.299986E+04	  7.256274E-01	
  3.239100E+02	  5.172495E+04	  7.068700E-01	
  3.241090E+02	  5.180301E+04	  7.096593E-01	
  3.243090E+02	  5.297385E+04	  7.299649E-01	
  3.245090E+02	  5.344219E+04	  7.390704E-01	
  3.247090E+02	  5.362432E+04	  7.436053E-01	
  3.249080E+02	  5.156884E+04	  7.121062E-01	
  3.251080E+02	  5.284375E+04	  7.342331E-01	
  3.253080E+02	  5.201116E+04	  7.223684E-01	
  3.255080E+02	  5.089236E+04	  7.058200E-01	
  3.257070E+02	  5.021588E+04	  6.963761E-01	
  3.259070E+02	  5.133468E+04	  7.160860E-01	
  3.261070E+02	  5.102245E+04	  7.125583E-01	
  3.263070E+02	  5.409264E+04	  7.642071E-01	
  3.265070E+02	  4.977355E+04	  6.952443E-01	
  3.267060E+02	  5.063218E+04	  7.108161E-01	
  3.269060E+02	  4.985162E+04	  6.995530E-01	
  3.271060E+02	  4.823846E+04	  6.745562E-01	
  3.273060E+02	  5.071023E+04	  7.167417E-01	
  3.275050E+02	  5.214125E+04	  7.418997E-01	
  3.277050E+02	  5.011180E+04	  7.099497E-01	
  3.279050E+02	  5.026791E+04	  7.140740E-01	
  3.281050E+02	  4.995569E+04	  7.104394E-01	
  3.283040E+02	  4.974754E+04	  7.085093E-01	
  3.285040E+02	  5.031995E+04	  7.195761E-01	
  3.287040E+02	  4.977355E+04	  7.120128E-01	
  3.289040E+02	  4.998171E+04	  7.170309E-01	
  3.291030E+02	  4.881088E+04	  6.989626E-01	
  3.293030E+02	  5.071023E+04	  7.323418E-01	
  3.295030E+02	  4.821244E+04	  6.919310E-01	
  3.297030E+02	  5.018986E+04	  7.267280E-01	
  3.299020E+02	  4.875884E+04	  7.041396E-01	
  3.301020E+02	  4.818643E+04	  6.959835E-01	
  3.303020E+02	  4.743189E+04	  6.847102E-01	
  3.305020E+02	  4.782216E+04	  6.928126E-01	
  3.307020E+02	  4.795225E+04	  6.965187E-01	
  3.309010E+02	  4.735383E+04	  6.878240E-01	
  3.311010E+02	  4.831652E+04	  7.057304E-01	
  3.313010E+02	  4.670336E+04	  6.796792E-01	
  3.315010E+02	  4.607892E+04	  6.704569E-01	
  3.317000E+02	  4.831652E+04	  7.102797E-01	
  3.319000E+02	  4.917513E+04	  7.265562E-01	
  3.321000E+02	  4.743189E+04	  6.980982E-01	
  3.323000E+02	  4.706763E+04	  6.933145E-01	
  3.324990E+02	  4.766605E+04	  7.051358E-01	
  3.326990E+02	  4.607892E+04	  6.791728E-01	
  3.328990E+02	  4.795225E+04	  7.131214E-01	
  3.330990E+02	  4.808235E+04	  7.169048E-01	
  3.332980E+02	  4.922717E+04	  7.383522E-01	
  3.334980E+02	  4.425762E+04	  6.532658E-01	
  3.336980E+02	  4.404947E+04	  6.510410E-01	
  3.338980E+02	  4.358113E+04	  6.442510E-01	
  3.340970E+02	  4.535039E+04	  6.766567E-01	
  3.342970E+02	  4.691151E+04	  7.055289E-01	
  3.344970E+02	  4.449179E+04	  6.644535E-01	
  3.346970E+02	  4.641716E+04	  6.998232E-01	
  3.348960E+02	  4.480401E+04	  6.728179E-01	
  3.350960E+02	  4.633911E+04	  7.014197E-01	
  3.352960E+02	  4.391938E+04	  6.600224E-01	
  3.354960E+02	  4.397141E+04	  6.623631E-01	
  3.356950E+02	  4.326891E+04	  6.512790E-01	
  3.358950E+02	  4.212409E+04	  6.322755E-01	
  3.360950E+02	  4.475197E+04	  6.805584E-01	
  3.362950E+02	  4.378928E+04	  6.647900E-01	
  3.364950E+02	  4.685948E+04	  7.212266E-01	
  3.366940E+02	  4.415355E+04	  6.741666E-01	
  3.368940E+02	  4.423159E+04	  6.770074E-01	
  3.370940E+02	  4.433568E+04	  6.803240E-01	
  3.372940E+02	  4.241029E+04	  6.470190E-01	
  3.374930E+02	  4.332095E+04	  6.648640E-01	
  3.376930E+02	  4.456984E+04	  6.889037E-01	
  3.378930E+02	  4.222816E+04	  6.478687E-01	
  3.380930E+02	  4.342502E+04	  6.710124E-01	
  3.382920E+02	  4.157770E+04	  6.387867E-01	
  3.384920E+02	  4.306076E+04	  6.672130E-01	
  3.386920E+02	  4.267048E+04	  6.614966E-01	
  3.388920E+02	  4.311280E+04	  6.710026E-01	
  3.390910E+02	  4.274854E+04	  6.657363E-01	
  3.392910E+02	  4.178585E+04	  6.494574E-01	
  3.394910E+02	  4.084918E+04	  6.335955E-01	
  3.396910E+02	  4.238428E+04	  6.632615E-01	