   265.00       0.000000       0.000000       0.000000       0.000000
   265.06       0.000000       0.000000       0.000000       0.000000
   265.11       0.000000       0.000000       0.000000       0.000000
   265.17       0.000000       0.000000       0.000000       0.000000
   265.22       0.000000       0.000000       0.000000       0.000000
   265.28       0.000000       0.000000       0.000000       0.000000
   265.34       0.000000       0.000000       0.000000       0.000000
   265.39       0.000000       0.000000       0.000000       0.000000
   265.45       0.000000       0.000000       0.000000       0.000000
   265.51       0.000000       0.000000       0.000000       0.000000
   265.56       0.000000       0.000000       0.000000       0.000000
   265.62       0.000000       0.000000       0.000000       0.000000
   265.67       0.000000       0.000000       0.000000       0.000000
   265.73       0.000000       0.000000       0.000000       0.000000
   265.79       0.000000       0.000000       0.000000       0.000000
   265.84       0.000000       0.000000       0.000000       0.000000
   265.90       0.000000       0.000000       0.000000       0.000000
   265.95       0.000000       0.000000       0.000000       0.000000
   266.01       0.000000       0.000000       0.000000       0.000000
   266.07       0.000000       0.000000       0.000000       0.000000
   266.12       0.000000       0.000000       0.000000       0.000000
   266.18       0.000000       0.000000       0.000000       0.000000
   266.23       0.000000       0.000000       0.000000       0.000000
   266.29       0.000000       0.000000       0.000000       0.000000
   266.35       0.000000       0.000000       0.000000       0.000000
   266.40       0.000000       0.000000       0.000000       0.000000
   266.46       0.000000       0.000000       0.000000       0.000000
   266.52       0.000000       0.000000       0.000000       0.000000
   266.57       0.000000       0.000000       0.000000       0.000000
   266.63       0.000000       0.000000       0.000000       0.000000
   266.68       0.000000       0.000000       0.000000       0.000000
   266.74       0.000000       0.000000       0.000000       0.000000
   266.80       0.000000       0.000000       0.000000       0.000000
   266.85       0.000000       0.000000       0.000000       0.000000
   266.91       0.000000       0.000000       0.000000       0.000000
   266.96       0.000000       0.000000       0.000000       0.000000
   267.02       0.000000       0.000000       0.000000       0.000000
   267.08       0.000000       0.000000       0.000000       0.000000
   267.13       0.000000       0.000000       0.000000       0.000000
   267.19       0.000000       0.000000       0.000000       0.000000
   267.24       0.000000       0.000000       0.000000       0.000000
   267.30       0.000000       0.000000       0.000000       0.000000
   267.36       0.000000       0.000000       0.000000       0.000000
   267.41       0.000000       0.000000       0.000000       0.000000
   267.47       0.000000       0.000000       0.000000       0.000000
   267.53       0.000000       0.000000       0.000000       0.000000
   267.58       0.000000       0.000000       0.000000       0.000000
   267.64       0.000000       0.000000       0.000000       0.000000
   267.69       0.000000       0.000000       0.000000       0.000000
   267.75       0.000000       0.000000       0.000000       0.000000
   267.81       0.000000       0.000000       0.000000       0.000000
   267.86       0.000000       0.000000       0.000000       0.000000
   267.92       0.000000       0.000000       0.000000       0.000000
   267.97       0.000000       0.000000       0.000000       0.000000
   268.03       0.000000       0.000000       0.000000       0.000000
   268.09       0.000000       0.000000       0.000000       0.000000
   268.14       0.000000       0.000000       0.000000       0.000000
   268.20       0.000000       0.000000       0.000000       0.000000
   268.25       0.000000       0.000000       0.000000       0.000000
   268.31       0.000000       0.000000       0.000000       0.000000
   268.37       0.000000       0.000000       0.000000       0.000000
   268.42       0.000000       0.000000       0.000000       0.000000
   268.48       0.000000       0.000000       0.000000       0.000000
   268.54       0.000000       0.000000       0.000000       0.000000
   268.59       0.000000       0.000000       0.000000       0.000000
   268.65       0.000000       0.000000       0.000000       0.000000
   268.70       0.000000       0.000000       0.000000       0.000000
   268.76       0.000000       0.000000       0.000000       0.000000
   268.82       0.000000       0.000000       0.000000       0.000000
   268.87       0.000000       0.000000       0.000000       0.000000
   268.93       0.000000       0.000000       0.000000       0.000000
   268.98       0.000000       0.000000       0.000000       0.000000
   269.04       0.000000       0.000000       0.000000       0.000000
   269.10       0.000000       0.000000       0.000000       0.000000
   269.15       0.000000       0.000000       0.000000       0.000000
   269.21       0.000000       0.000000       0.000000       0.000000
   269.26       0.000000       0.000000       0.000000       0.000000
   269.32       0.000000       0.000000       0.000000       0.000000
   269.38       0.000000       0.000000       0.000000       0.000000
   269.43       0.000000       0.000000       0.000000       0.000000
   269.49       0.000000       0.000000       0.000000       0.000000
   269.55       0.000000       0.000000       0.000000       0.000000
   269.60       0.000000       0.000000       0.000000       0.000000
   269.66       0.000000       0.000000       0.000000       0.000000
   269.71       0.000000       0.000000       0.000000       0.000000
   269.77       0.000000       0.000000       0.000000       0.000000
   269.83       0.000000       0.000000       0.000000       0.000000
   269.88       0.000000       0.000000       0.000000       0.000000
   269.94       0.000000       0.000000       0.000000       0.000000
   269.99       0.000000       0.000000       0.000000       0.000000
   270.05       0.000000       0.000000       0.000000       0.000000
   270.11       0.000000       0.000000       0.000000       0.000000
   270.16       0.000000       0.000000       0.000000       0.000000
   270.22       0.000000       0.000000       0.000000       0.000000
   270.27       0.000000       0.000000       0.000000       0.000000
   270.33       0.000000       0.000000       0.000000       0.000000
   270.39       0.000000       0.000000       0.000000       0.000000
   270.44       0.000000       0.000000       0.000000       0.000000
   270.50       0.000000       0.000000       0.000000       0.000000
   270.56       0.000000       0.000000       0.000000       0.000000
   270.61       0.000000       0.000000       0.000000       0.000000
   270.67       0.000000       0.000000       0.000000       0.000000
   270.72       0.000000       0.000000       0.000000       0.000000
   270.78       0.000000       0.000000       0.000000       0.000000
   270.84       0.000000       0.000000       0.000000       0.000000
   270.89       0.000000       0.000000       0.000000       0.000000
   270.95       0.000000       0.000000       0.000000       0.000000
   271.00       0.000000       0.000000       0.000000       0.000000
   271.06       0.000000       0.000000       0.000000       0.000000
   271.12       0.000000       0.000000       0.000000       0.000000
   271.17       0.000000       0.000000       0.000000       0.000000
   271.23       0.000000       0.000000       0.000000       0.000000
   271.28       0.000000       0.000000       0.000000       0.000000
   271.34       0.000000       0.000000       0.000000       0.000000
   271.40       0.000000       0.000000       0.000000       0.000000
   271.45       0.000000       0.000000       0.000000       0.000000
   271.51       0.000000       0.000000       0.000000       0.000000
   271.57       0.000000       0.000000       0.000000       0.000000
   271.62       0.000000       0.000000       0.000000       0.000000
   271.68       0.000000       0.000000       0.000000       0.000000
   271.73       0.000000       0.000000       0.000000       0.000000
   271.79       0.000000       0.000000       0.000000       0.000000
   271.85       0.000000       0.000000       0.000000       0.000000
   271.90       0.000000       0.000000       0.000000       0.000000
   271.96       0.000000       0.000000       0.000000       0.000000
   272.01       0.000000       0.000000       0.000000       0.000000
   272.07       0.000000       0.000000       0.000000       0.000000
   272.13       0.000000       0.000000       0.000000       0.000000
   272.18       0.000000       0.000000       0.000000       0.000000
   272.24       0.000000       0.000000       0.000000       0.000000
   272.29       0.000000       0.000000       0.000000       0.000000
   272.35       0.000000       0.000000       0.000000       0.000000
   272.41       0.000000       0.000000       0.000000       0.000000
   272.46       0.000000       0.000000       0.000000       0.000000
   272.52       0.000000       0.000000       0.000000       0.000000
   272.58       0.000000       0.000000       0.000000       0.000000
   272.63       0.000000       0.000000       0.000000       0.000000
   272.69       0.000000       0.000000       0.000000       0.000000
   272.74       0.000000       0.000000       0.000000       0.000000
   272.80       0.000000       0.000000       0.000000       0.000000
   272.86       0.000000       0.000000       0.000000       0.000000
   272.91       0.000000       0.000000       0.000000       0.000000
   272.97       0.000000       0.000000       0.000000       0.000000
   273.02       0.000000       0.000000       0.000000       0.000000
   273.08       0.000000       0.000000       0.000000       0.000000
   273.14       0.000000       0.000000       0.000000       0.000000
   273.19       0.000000       0.000000       0.000000       0.000000
   273.25       0.000000       0.000000       0.000000       0.000000
   273.30       0.000000       0.000000       0.000000       0.000000
   273.36       0.000000       0.000000       0.000000       0.000000
   273.42       0.000000       0.000000       0.000000       0.000000
   273.47       0.000000       0.000000       0.000000       0.000000
   273.53       0.000000       0.000000       0.000000       0.000000
   273.59       0.000000       0.000000       0.000000       0.000000
   273.64       0.000000       0.000000       0.000000       0.000000
   273.70       0.000000       0.000000       0.000000       0.000000
   273.75       0.000000       0.000000       0.000000       0.000000
   273.81       0.000000       0.000000       0.000000       0.000000
   273.87       0.000000       0.000000       0.000000       0.000000
   273.92       0.000000       0.000000       0.000000       0.000000
   273.98       0.000000       0.000000       0.000000       0.000000
   274.03       0.000000       0.000000       0.000000       0.000000
   274.09       0.000000       0.000000       0.000000       0.000000
   274.15       0.000000       0.000000       0.000000       0.000000
   274.20       0.000000       0.000000       0.000000       0.000000
   274.26       0.000000       0.000000       0.000000       0.000000
   274.31       0.000000       0.000000       0.000000       0.000000
   274.37       0.000000       0.000000       0.000000       0.000000
   274.43       0.000262       0.000000       0.000000       0.000262
   274.48       0.000889       0.000000       0.000000       0.000889
   274.54       0.002866       0.000000       0.000000       0.002866
   274.60       0.008805       0.000000       0.000000       0.008805
   274.65       0.025770       0.000000       0.000000       0.025770
   274.71       0.071858       0.000000       0.000000       0.071858
   274.76       0.190881       0.000000       0.000000       0.190881
   274.82       0.483046       0.000000       0.000000       0.483046
   274.88       1.164533       0.000000       0.000000       1.164533
   274.93       2.674562       0.000000       0.000000       2.674562
   274.99       5.851817       0.000000       0.000000       5.851817
   275.04      12.197999       0.000000       0.000000      12.197999
   275.10      24.222369       0.000000       0.000000      24.222369
   275.16      45.823913       0.000000       0.000000      45.823913
   275.21      82.588992       0.000000       0.000000      82.588992
   275.27     141.813673       0.000000       0.000000     141.813673
   275.32     232.006027       0.000000       0.000000     232.006027
   275.38     361.657877       0.000000       0.000000     361.657877
   275.44     537.239998       0.000000       0.000000     537.239998
   275.49     760.677544       0.000000       0.000000     760.677544
   275.55    1026.941381       0.000000       0.000000    1026.941381
   275.61    1322.679524       0.000000       0.000000    1322.679524
   275.66    1626.835382       0.000000       0.000000    1626.835382
   275.72    1913.800429       0.000000       0.000000    1913.800429
   275.77    2158.856103       0.000000       0.000000    2158.856103
   275.83    2344.697678       0.000000       0.000000    2344.697678
   275.89    2467.087396       0.000000       0.000000    2467.087396
   275.94    2537.541629       0.000000       0.000000    2537.541629
   276.00    2581.613070       0.000010       0.000026    2581.613035
   276.05    2632.660225       0.000032       0.000086    2632.660107
   276.11    2722.570418       0.000100       0.000273    2722.570046
   276.17    2872.128250       0.000298       0.000823    2872.127129
   276.22    3084.088430       0.000849       0.002366    3084.085214
   276.28    3341.297981       0.002306       0.006483    3341.289193
   276.33    3610.603445       0.005966       0.016919    3610.580560
   276.39    3851.325697       0.014707       0.042067    3851.268923
   276.45    4025.521634       0.034536       0.099642    4025.387457
   276.50    4106.706457       0.077260       0.224843    4106.404353
   276.56    4084.424213       0.164658       0.483343    4083.776212
   276.62    3963.739987       0.334310       0.989848    3962.415829
   276.67    3760.662369       0.646754       1.931165    3758.084451
   276.73    3495.854841       1.191930       3.589283    3491.073628
   276.78    3189.219334       2.092939       6.355266    3180.771129
   276.84    2857.042118       3.501883      10.720070    2842.820165
   276.90    2511.928618       5.584282      17.226602    2489.117734
   276.95    2164.470826       8.489855      26.371829    2129.609142
   277.01    1825.062241      12.313015      38.460983    1774.288243
   277.06    1504.615588      17.054238      53.436940    1434.124410
   277.12    1213.815666      22.601819      70.730488    1120.483359
   277.18     961.422009      28.758494      89.190924     843.472591
   277.23     752.591910      35.334758     107.150123     610.107029
   277.29     588.092591      42.317215     122.641918     423.133458
   277.34     464.774001      50.095660     133.748398     280.929943
   277.40     377.090486      59.700758     138.993431     178.396298
   277.46     319.055808      72.972184     137.673270     108.410354
   277.51     285.930724      92.558390     130.024006      63.348328
   277.57     275.111477     121.652872     117.170830      36.287775
   277.63     286.019837     163.415491     100.875265      21.729082
   277.68     319.126363     220.111046      83.159280      15.856037
   277.74     374.489021     292.113318      65.919114      16.456589
   277.79     450.310382     377.037471      50.635167      22.637743
   277.85     542.001567     469.326389      38.245631      34.429547
   277.91     642.101046     560.575279      29.200161      52.325607
   277.96     741.163780     640.710398      23.665897      76.787485
   278.02     829.447778     699.872756      21.832230     107.742792
   278.07     898.996366     730.584134      24.250974     144.161258
   278.13     945.556302     729.605163      32.144962     183.806177
   278.19     969.804634     698.919988      47.609943     223.274703
   278.24     977.517020     645.511451      73.622212     258.383358
   278.30     978.559022     579.943040     113.757657     284.858324
   278.35     984.846437     514.113079     171.553848     299.179510
   278.41    1007.629678     458.762564     249.521945     299.345169
   278.47    1054.627702     421.348960     347.946970     285.331772
   278.52    1127.624142     404.757063     463.768227     259.098852
   278.58    1221.162777     407.081012     589.942306     224.139458
   278.64    1322.854171     422.455764     715.680660     184.717746
   278.69    1415.497097     442.699628     827.774631     145.022838
   278.75    1480.743655     459.380020     912.895630     108.468005
   278.80    1503.525255     465.846652     960.391972      77.286631
   278.86    1476.110752     458.799780     964.849003      52.461968
   278.92    1400.665088     439.076312     927.663589      33.925187
   278.97    1289.559808     411.521487     857.138749      20.899572
   279.03    1163.325377     384.019691     767.040051      12.265635
   279.08    1046.777950     365.923732     673.996493       6.857726
   279.14     964.268364     366.205982     594.409735       3.652647
   279.20     935.081124     391.653931     541.573777       1.853415
   279.25     969.817709     445.381600     523.540176       0.895932
   279.31    1068.290314     525.870500     542.007227       0.412587
   279.36    1219.173668     626.709316     592.283346       0.181006
   279.42    1401.459245     737.152033     664.231562       0.075650
   279.48    1587.574667     843.520335     744.024212       0.030120
   279.53    1747.793810     931.314375     816.468010       0.011425
   279.59    1855.260035     987.691348     867.564558       0.004128
   279.65    1890.672290    1003.799228     886.871640       0.001421
   279.70    1845.599523     976.404624     869.194433       0.000466
   279.76    1723.616170     908.387384     815.228640       0.000146
   279.81    1538.976987     807.965997     731.010947       0.000043
   279.87    1313.217138     686.874936     626.342202       0.000000
   279.93    1070.623898     558.001664     512.622234       0.000000
   279.98     833.769169     433.103015     400.666155       0.000000
   280.04     620.141706     321.126852     299.014854       0.000000
   280.09     440.461906     227.419540     213.042366       0.000000
   280.15     298.702932     153.809739     144.893193       0.000000
   280.21     193.388097      99.331461      94.056635       0.000000
   280.26     119.516496      61.246524      58.269972       0.000000
   280.32      70.499528      36.050938      34.448589       0.000000
   280.37      39.688131      20.255508      19.432623       0.000000
   280.43      21.321099      10.862157      10.458941       0.000000
   280.49      10.929369       5.558963       5.370406       0.000000
   280.54       5.345428       2.714802       2.630626       0.000000
   280.60       2.494250       1.265070       1.229181       0.000000
   280.66       1.110297       0.562459       0.547837       0.000000
   280.71       0.471469       0.238583       0.232886       0.000000
   280.77       0.190968       0.096546       0.094422       0.000000
   280.82       0.073780       0.037270       0.036510       0.000000
   280.88       0.027187       0.013724       0.013463       0.000000
   280.94       0.009555       0.004820       0.004735       0.000000
   280.99       0.003169       0.001581       0.001587       0.000000
   281.05       0.001006       0.000507       0.000499       0.000000
   281.10       0.000307       0.000155       0.000153       0.000000
   281.16       0.000038       0.000019       0.000020       0.000000
   281.22       0.000000       0.000000       0.000000       0.000000
   281.27       0.000000       0.000000       0.000000       0.000000
   281.33       0.000000       0.000000       0.000000       0.000000
   281.38       0.000000       0.000000       0.000000       0.000000
   281.44       0.000000       0.000000       0.000000       0.000000
   281.50       0.000000       0.000000       0.000000       0.000000
   281.55       0.000000       0.000000       0.000000       0.000000
   281.61       0.000000       0.000000       0.000000       0.000000
   281.67       0.000000       0.000000       0.000000       0.000000
   281.72       0.000000       0.000000       0.000000       0.000000
   281.78       0.000000       0.000000       0.000000       0.000000
   281.83       0.000000       0.000000       0.000000       0.000000
   281.89       0.000000       0.000000       0.000000       0.000000
   281.95       0.000000       0.000000       0.000000       0.000000
   282.00       0.000000       0.000000       0.000000       0.000000
   282.06       0.000000       0.000000       0.000000       0.000000
   282.11       0.000000       0.000000       0.000000       0.000000
   282.17       0.000000       0.000000       0.000000       0.000000
   282.23       0.000000       0.000000       0.000000       0.000000
   282.28       0.000000       0.000000       0.000000       0.000000
   282.34       0.000000       0.000000       0.000000       0.000000
   282.39       0.000000       0.000000       0.000000       0.000000
   282.45       0.000000       0.000000       0.000000       0.000000
   282.51       0.000000       0.000000       0.000000       0.000000
   282.56       0.000000       0.000000       0.000000       0.000000
   282.62       0.000000       0.000000       0.000000       0.000000
   282.68       0.000000       0.000000       0.000000       0.000000
   282.73       0.000000       0.000000       0.000000       0.000000
   282.79       0.000000       0.000000       0.000000       0.000000
   282.84       0.000000       0.000000       0.000000       0.000000
   282.90       0.000000       0.000000       0.000000       0.000000
   282.96       0.000000       0.000000       0.000000       0.000000
   283.01       0.000000       0.000000       0.000000       0.000000
   283.07       0.000000       0.000000       0.000000       0.000000
   283.12       0.000000       0.000000       0.000000       0.000000
   283.18       0.000000       0.000000       0.000000       0.000000
   283.24       0.000000       0.000000       0.000000       0.000000
   283.29       0.000000       0.000000       0.000000       0.000000
   283.35       0.000000       0.000000       0.000000       0.000000
   283.40       0.000000       0.000000       0.000000       0.000000
   283.46       0.000000       0.000000       0.000000       0.000000
   283.52       0.000000       0.000000       0.000000       0.000000
   283.57       0.000000       0.000000       0.000000       0.000000
   283.63       0.000000       0.000000       0.000000       0.000000
   283.69       0.000000       0.000000       0.000000       0.000000
   283.74       0.000000       0.000000       0.000000       0.000000
   283.80       0.000000       0.000000       0.000000       0.000000
   283.85       0.000000       0.000000       0.000000       0.000000
   283.91       0.000000       0.000000       0.000000       0.000000
   283.97       0.000000       0.000000       0.000000       0.000000
   284.02       0.000000       0.000000       0.000000       0.000000
   284.08       0.000000       0.000000       0.000000       0.000000
   284.13       0.000000       0.000000       0.000000       0.000000
   284.19       0.000000       0.000000       0.000000       0.000000
   284.25       0.000000       0.000000       0.000000       0.000000
   284.30       0.000000       0.000000       0.000000       0.000000
   284.36       0.000000       0.000000       0.000000       0.000000
   284.41       0.000000       0.000000       0.000000       0.000000
   284.47       0.000000       0.000000       0.000000       0.000000
   284.53       0.000000       0.000000       0.000000       0.000000
   284.58       0.000000       0.000000       0.000000       0.000000
   284.64       0.000000       0.000000       0.000000       0.000000
   284.70       0.000000       0.000000       0.000000       0.000000
   284.75       0.000000       0.000000       0.000000       0.000000
   284.81       0.000000       0.000000       0.000000       0.000000
   284.86       0.000000       0.000000       0.000000       0.000000
   284.92       0.000000       0.000000       0.000000       0.000000
   284.98       0.000000       0.000000       0.000000       0.000000
   285.03       0.000000       0.000000       0.000000       0.000000
   285.09       0.000000       0.000000       0.000000       0.000000
   285.14       0.000000       0.000000       0.000000       0.000000
   285.20       0.000000       0.000000       0.000000       0.000000
   285.26       0.000000       0.000000       0.000000       0.000000
   285.31       0.000000       0.000000       0.000000       0.000000
   285.37       0.000000       0.000000       0.000000       0.000000
   285.42       0.000000       0.000000       0.000000       0.000000
   285.48       0.000000       0.000000       0.000000       0.000000
   285.54       0.000000       0.000000       0.000000       0.000000
   285.59       0.000000       0.000000       0.000000       0.000000
   285.65       0.000000       0.000000       0.000000       0.000000
   285.71       0.000000       0.000000       0.000000       0.000000
   285.76       0.000000       0.000000       0.000000       0.000000
   285.82       0.000000       0.000000       0.000000       0.000000
   285.87       0.000000       0.000000       0.000000       0.000000
   285.93       0.000000       0.000000       0.000000       0.000000
   285.99       0.000000       0.000000       0.000000       0.000000
   286.04       0.000000       0.000000       0.000000       0.000000
   286.10       0.000000       0.000000       0.000000       0.000000
   286.15       0.000000       0.000000       0.000000       0.000000
   286.21       0.000000       0.000000       0.000000       0.000000
   286.27       0.000000       0.000000       0.000000       0.000000
   286.32       0.000000       0.000000       0.000000       0.000000
   286.38       0.000000       0.000000       0.000000       0.000000
   286.43       0.000000       0.000000       0.000000       0.000000
   286.49       0.000000       0.000000       0.000000       0.000000
   286.55       0.000000       0.000000       0.000000       0.000000
   286.60       0.000000       0.000000       0.000000       0.000000
   286.66       0.000000       0.000000       0.000000       0.000000
   286.72       0.000000       0.000000       0.000000       0.000000
   286.77       0.000000       0.000000       0.000000       0.000000
   286.83       0.000000       0.000000       0.000000       0.000000
   286.88       0.000000       0.000000       0.000000       0.000000
   286.94       0.000000       0.000000       0.000000       0.000000
   287.00       0.000000       0.000000       0.000000       0.000000
   287.05       0.000000       0.000000       0.000000       0.000000
   287.11       0.000000       0.000000       0.000000       0.000000
   287.16       0.000000       0.000000       0.000000       0.000000
   287.22       0.000000       0.000000       0.000000       0.000000
   287.28       0.000000       0.000000       0.000000       0.000000
   287.33       0.000000       0.000000       0.000000       0.000000
   287.39       0.000000       0.000000       0.000000       0.000000
   287.44       0.000000       0.000000       0.000000       0.000000
   287.50       0.000000       0.000000       0.000000       0.000000
   287.56       0.000000       0.000000       0.000000       0.000000
   287.61       0.000000       0.000000       0.000000       0.000000
   287.67       0.000000       0.000000       0.000000       0.000000
   287.73       0.000000       0.000000       0.000000       0.000000
   287.78       0.000000       0.000000       0.000000       0.000000
   287.84       0.000000       0.000000       0.000000       0.000000
   287.89       0.000000       0.000000       0.000000       0.000000
   287.95       0.000000       0.000000       0.000000       0.000000
   288.01       0.000000       0.000000       0.000000       0.000000
   288.06       0.000000       0.000000       0.000000       0.000000
   288.12       0.000000       0.000000       0.000000       0.000000
   288.17       0.000000       0.000000       0.000000       0.000000
   288.23       0.000000       0.000000       0.000000       0.000000
   288.29       0.000000       0.000000       0.000000       0.000000
   288.34       0.000000       0.000000       0.000000       0.000000
   288.40       0.000000       0.000000       0.000000       0.000000
   288.45       0.000000       0.000000       0.000000       0.000000
   288.51       0.000000       0.000000       0.000000       0.000000
   288.57       0.000000       0.000000       0.000000       0.000000
   288.62       0.000000       0.000000       0.000000       0.000000
   288.68       0.000000       0.000000       0.000000       0.000000
   288.74       0.000000       0.000000       0.000000       0.000000
   288.79       0.000000       0.000000       0.000000       0.000000
   288.85       0.000000       0.000000       0.000000       0.000000
   288.90       0.000000       0.000000       0.000000       0.000000
   288.96       0.000000       0.000000       0.000000       0.000000
   289.02       0.000000       0.000000       0.000000       0.000000
   289.07       0.000000       0.000000       0.000000       0.000000
   289.13       0.000000       0.000000       0.000000       0.000000
   289.18       0.000000       0.000000       0.000000       0.000000
   289.24       0.000000       0.000000       0.000000       0.000000
   289.30       0.000000       0.000000       0.000000       0.000000
   289.35       0.000000       0.000000       0.000000       0.000000
   289.41       0.000000       0.000000       0.000000       0.000000
   289.46       0.000000       0.000000       0.000000       0.000000
   289.52       0.000000       0.000000       0.000000       0.000000
   289.58       0.000000       0.000000       0.000000       0.000000
   289.63       0.000000       0.000000       0.000000       0.000000
   289.69       0.000000       0.000000       0.000000       0.000000
   289.75       0.000000       0.000000       0.000000       0.000000
   289.80       0.000000       0.000000       0.000000       0.000000
   289.86       0.000000       0.000000       0.000000       0.000000
   289.91       0.000000       0.000000       0.000000       0.000000
   289.97       0.000000       0.000000       0.000000       0.000000
   290.03       0.000000       0.000000       0.000000       0.000000
   290.08       0.000000       0.000000       0.000000       0.000000
   290.14       0.000000       0.000000       0.000000       0.000000
   290.19       0.000000       0.000000       0.000000       0.000000
   290.25       0.000000       0.000000       0.000000       0.000000
   290.31       0.000000       0.000000       0.000000       0.000000
   290.36       0.000000       0.000000       0.000000       0.000000
   290.42       0.000000       0.000000       0.000000       0.000000
   290.47       0.000000       0.000000       0.000000       0.000000
   290.53       0.000000       0.000000       0.000000       0.000000
   290.59       0.000000       0.000000       0.000000       0.000000
   290.64       0.000000       0.000000       0.000000       0.000000
   290.70       0.000000       0.000000       0.000000       0.000000
   290.76       0.000000       0.000000       0.000000       0.000000
   290.81       0.000000       0.000000       0.000000       0.000000
   290.87       0.000000       0.000000       0.000000       0.000000
   290.92       0.000000       0.000000       0.000000       0.000000
   290.98       0.000000       0.000000       0.000000       0.000000
   291.04       0.000000       0.000000       0.000000       0.000000
   291.09       0.000000       0.000000       0.000000       0.000000
   291.15       0.000000       0.000000       0.000000       0.000000
   291.20       0.000000       0.000000       0.000000       0.000000
   291.26       0.000000       0.000000       0.000000       0.000000
   291.32       0.000000       0.000000       0.000000       0.000000
   291.37       0.000000       0.000000       0.000000       0.000000
   291.43       0.000000       0.000000       0.000000       0.000000
   291.48       0.000000       0.000000       0.000000       0.000000
   291.54       0.000000       0.000000       0.000000       0.000000
   291.60       0.000000       0.000000       0.000000       0.000000
   291.65       0.000000       0.000000       0.000000       0.000000
   291.71       0.000000       0.000000       0.000000       0.000000
   291.77       0.000000       0.000000       0.000000       0.000000
   291.82       0.000000       0.000000       0.000000       0.000000
   291.88       0.000000       0.000000       0.000000       0.000000
   291.93       0.000000       0.000000       0.000000       0.000000
   291.99       0.000000       0.000000       0.000000       0.000000
   292.05       0.000000       0.000000       0.000000       0.000000
   292.10       0.000000       0.000000       0.000000       0.000000
   292.16       0.000000       0.000000       0.000000       0.000000
   292.21       0.000000       0.000000       0.000000       0.000000
   292.27       0.000000       0.000000       0.000000       0.000000
   292.33       0.000000       0.000000       0.000000       0.000000
   292.38       0.000000       0.000000       0.000000       0.000000
   292.44       0.000000       0.000000       0.000000       0.000000
   292.49       0.000000       0.000000       0.000000       0.000000
   292.55       0.000000       0.000000       0.000000       0.000000
   292.61       0.000000       0.000000       0.000000       0.000000
   292.66       0.000000       0.000000       0.000000       0.000000
   292.72       0.000000       0.000000       0.000000       0.000000
   292.78       0.000000       0.000000       0.000000       0.000000
   292.83       0.000000       0.000000       0.000000       0.000000
   292.89       0.000000       0.000000       0.000000       0.000000
   292.94       0.000000       0.000000       0.000000       0.000000
   293.00       0.000000       0.000000       0.000000       0.000000
