*********************  Core Excitation Data  ********************
****************  A.P. Hitchcock & D.C. Mancini  ****************
*
* Formula: C3H4N2
* Name: Imidazole
* Edge: N 1s
* Alpha Formula: C3H4N2
* Data Source: Hitchcock
* Filename:  iz-0nnkk.os
* Ref. Code: AHG93
* Write Date: 98/08/07
* Reference: J. Phys. Chem. 97 (1993) 6859.
* Source and Purity: Aldrich
* Acquisition Mode: EELS, 2 deg, 2500eV CRE mode, 0.7eV fwhm
*--------------------------------------------------------------
* No. of Spectra: 2     name1- 0izn     name2- 0izn.os
*   E (eV)        Raw data             Osc. Str. per atom (E-2)
*--------------------------------------------------------------
  3.927822E+02	  8.794130E+03	  1.130303E-02	
  3.928945E+02	  8.655495E+03	 -1.316679E-03	
  3.930069E+02	  8.570972E+03	 -8.759506E-03	
  3.931192E+02	  8.658270E+03	  3.822830E-04	
  3.932315E+02	  8.720662E+03	  7.143390E-03	
  3.933439E+02	  8.697501E+03	  5.627040E-03	
  3.934562E+02	  8.618669E+03	 -1.306304E-03	
  3.935685E+02	  8.519162E+03	 -1.027782E-02	
  3.936809E+02	  8.635428E+03	  1.763530E-03	
  3.937932E+02	  8.551719E+03	 -5.692350E-03	
  3.939055E+02	  8.556759E+03	 -4.488639E-03	
  3.940179E+02	  8.677840E+03	  8.096349E-03	
  3.941302E+02	  8.567873E+03	 -1.969447E-03	
  3.942426E+02	  8.648684E+03	  6.700221E-03	
  3.943549E+02	  8.620797E+03	  4.685474E-03	
  3.944672E+02	  8.716662E+03	  1.488214E-02	
  3.945796E+02	  8.441017E+03	 -1.163413E-02	
  3.946919E+02	  8.445617E+03	 -1.047518E-02	
  3.948042E+02	  8.655563E+03	  1.107015E-02	
  3.949166E+02	  8.618906E+03	  8.168996E-03	
  3.950289E+02	  8.393468E+03	 -1.354816E-02	
  3.951412E+02	  8.463172E+03	 -5.891106E-03	
  3.952536E+02	  8.578751E+03	  6.377717E-03	
  3.953659E+02	  8.663943E+03	  1.564597E-02	
  3.954782E+02	  8.457081E+03	 -4.350752E-03	
  3.955906E+02	  8.488366E+03	 -4.875242E-04	
  3.957029E+02	  8.526302E+03	  4.057923E-03	
  3.958152E+02	  8.457342E+03	 -2.160979E-03	
  3.959276E+02	  8.431727E+03	 -4.023910E-03	
  3.960399E+02	  8.403507E+03	 -6.157801E-03	
  3.961523E+02	  8.474809E+03	  1.788741E-03	
  3.962646E+02	  8.481797E+03	  3.231199E-03	
  3.963769E+02	  8.309903E+03	 -1.351891E-02	
  3.964893E+02	  8.439951E+03	  4.404551E-04	
  3.966016E+02	  8.428325E+03	 -1.445496E-05	
  3.967139E+02	  8.420768E+03	 -5.572388E-05	
  3.968263E+02	  8.486922E+03	  7.452934E-03	
  3.969386E+02	  8.469175E+03	  6.377242E-03	
  3.970509E+02	  8.315060E+03	 -8.721289E-03	
  3.971633E+02	  8.402065E+03	  9.563542E-04	
  3.972756E+02	  8.250190E+03	 -1.397505E-02	
  3.973879E+02	  8.447543E+03	  7.128485E-03	
  3.975003E+02	  8.229121E+03	 -1.473462E-02	
  3.976126E+02	  8.450752E+03	  8.957333E-03	
  3.977249E+02	  8.464158E+03	  1.110113E-02	
  3.978373E+02	  8.365694E+03	  1.610473E-03	
  3.979496E+02	  8.356554E+03	  1.397062E-03	
  3.980620E+02	  8.308594E+03	 -2.871698E-03	
  3.981743E+02	  8.491000E+03	  1.694108E-02	
  3.982866E+02	  8.382089E+03	  6.296144E-03	
  3.983990E+02	  8.534791E+03	  2.307420E-02	
  3.985113E+02	  8.407921E+03	  1.051271E-02	
  3.986236E+02	  8.516438E+03	  2.270062E-02	
  3.987360E+02	  8.569369E+03	  2.906491E-02	
  3.988483E+02	  8.707702E+03	  4.447740E-02	
  3.989606E+02	  9.056875E+03	  8.226708E-02	
  3.990730E+02	  9.482546E+03	  1.283011E-01	
  3.991853E+02	  1.046523E+04	  2.336779E-01	
  3.992976E+02	  1.165085E+04	  3.610195E-01	
  3.994100E+02	  1.317000E+04	  5.243620E-01	
  3.995223E+02	  1.529509E+04	  7.529889E-01	
  3.996346E+02	  1.725915E+04	  9.651773E-01	
  3.997470E+02	  1.846499E+04	  1.096835E+00	
  3.998593E+02	  1.880267E+04	  1.135735E+00	
  3.999716E+02	  1.852041E+04	  1.108092E+00	
  4.000840E+02	  1.726197E+04	  9.751790E-01	
  4.001963E+02	  1.561210E+04	  7.995558E-01	
  4.003087E+02	  1.405310E+04	  6.331438E-01	
  4.004210E+02	  1.275758E+04	  4.946869E-01	
  4.005333E+02	  1.160436E+04	  3.711829E-01	
  4.006457E+02	  1.131852E+04	  3.415098E-01	
  4.007580E+02	  1.110487E+04	  3.195912E-01	
  4.008703E+02	  1.117291E+04	  3.283121E-01	
  4.009827E+02	  1.151953E+04	  3.674924E-01	
  4.010950E+02	  1.196031E+04	  4.171097E-01	
  4.012073E+02	  1.215641E+04	  4.400759E-01	
  4.013197E+02	  1.218835E+04	  4.450937E-01	
  4.014320E+02	  1.229447E+04	  4.582856E-01	
  4.015443E+02	  1.259185E+04	  4.925953E-01	
  4.016567E+02	  1.328925E+04	  5.711730E-01	
  4.017690E+02	  1.421765E+04	  6.755588E-01	
  4.018813E+02	  1.530594E+04	  7.980120E-01	
  4.019937E+02	  1.670430E+04	  9.552864E-01	
  4.021060E+02	  1.775629E+04	  1.074603E+00	
  4.022184E+02	  1.831314E+04	  1.139204E+00	
  4.023307E+02	  1.844785E+04	  1.156946E+00	
  4.024430E+02	  1.791262E+04	  1.099902E+00	
  4.025554E+02	  1.730813E+04	  1.034905E+00	
  4.026677E+02	  1.620543E+04	  9.138322E-01	
  4.027800E+02	  1.496276E+04	  7.766187E-01	
  4.028924E+02	  1.371885E+04	  6.387902E-01	
  4.030047E+02	  1.266897E+04	  5.223469E-01	
  4.031170E+02	  1.163346E+04	  4.071210E-01	
  4.032294E+02	  1.098080E+04	  3.347844E-01	
  4.033417E+02	  1.023084E+04	  2.511770E-01	
  4.034540E+02	  1.003227E+04	  2.298380E-01	
  4.035664E+02	  1.005574E+04	  2.336603E-01	
  4.036787E+02	  1.016978E+04	  2.478037E-01	
  4.037910E+02	  1.014216E+04	  2.458407E-01	
  4.039034E+02	  1.033698E+04	  2.692790E-01	
  4.040157E+02	  1.037353E+04	  2.746847E-01	
  4.041281E+02	  1.091000E+04	  3.374146E-01	
  4.042404E+02	  1.101712E+04	  3.510561E-01	
  4.043527E+02	  1.118659E+04	  3.719140E-01	
  4.044651E+02	  1.154275E+04	  4.143511E-01	
  4.045774E+02	  1.182306E+04	  4.481791E-01	
  4.046897E+02	  1.202586E+04	  4.731578E-01	
  4.048021E+02	  1.208462E+04	  4.815384E-01	
  4.049144E+02	  1.224423E+04	  5.016462E-01	
  4.050267E+02	  1.222886E+04	  5.014841E-01	
  4.051391E+02	  1.241451E+04	  5.247199E-01	
  4.052514E+02	  1.275478E+04	  5.660632E-01	
  4.053637E+02	  1.297521E+04	  5.935472E-01	
  4.054761E+02	  1.295422E+04	  5.928741E-01	
  4.055884E+02	  1.305790E+04	  6.068074E-01	
  4.057007E+02	  1.333706E+04	  6.413903E-01	
  4.058131E+02	  1.341428E+04	  6.523374E-01	
  4.059254E+02	  1.366557E+04	  6.838259E-01	
  4.060378E+02	  1.374306E+04	  6.949082E-01	
  4.061501E+02	  1.394119E+04	  7.202876E-01	
  4.062624E+02	  1.408935E+04	  7.398326E-01	
  4.063748E+02	  1.417930E+04	  7.525364E-01	
  4.064871E+02	  1.433872E+04	  7.735350E-01	
  4.065994E+02	  1.448363E+04	  7.928738E-01	
  4.067118E+02	  1.478083E+04	  8.304330E-01	
  4.068241E+02	  1.502225E+04	  8.614558E-01	
  4.069364E+02	  1.497493E+04	  8.580360E-01	
  4.070488E+02	  1.482669E+04	  8.425071E-01	
  4.071611E+02	  1.484682E+04	  8.471332E-01	
  4.072734E+02	  1.477488E+04	  8.407013E-01	
  4.073858E+02	  1.477457E+04	  8.428702E-01	
  4.074981E+02	  1.469287E+04	  8.352223E-01	
  4.076104E+02	  1.460279E+04	  8.265324E-01	
  4.077228E+02	  1.438335E+04	  8.021490E-01	
  4.078351E+02	  1.475092E+04	  8.488671E-01	
  4.079474E+02	  1.457360E+04	  8.295469E-01	
  4.080598E+02	  1.430215E+04	  7.987031E-01	
  4.081721E+02	  1.449497E+04	  8.243422E-01	
  4.082845E+02	  1.432995E+04	  8.063733E-01	
  4.083968E+02	  1.428064E+04	  8.024915E-01	
  4.085091E+02	  1.417325E+04	  7.914770E-01	
  4.086215E+02	  1.424956E+04	  8.029656E-01	
  4.087338E+02	  1.434752E+04	  8.171522E-01	
  4.088461E+02	  1.413106E+04	  7.926649E-01	
  4.089585E+02	  1.394470E+04	  7.718036E-01	
  4.090708E+02	  1.410988E+04	  7.943038E-01	
  4.091831E+02	  1.391733E+04	  7.726014E-01	
  4.092955E+02	  1.394048E+04	  7.775646E-01	
  4.094078E+02	  1.404245E+04	  7.923287E-01	
  4.095201E+02	  1.394456E+04	  7.822779E-01	
  4.096325E+02	  1.385055E+04	  7.726734E-01	
  4.097448E+02	  1.396567E+04	  7.891353E-01	
  4.098571E+02	  1.407031E+04	  8.043399E-01	
  4.099695E+02	  1.399731E+04	  7.973449E-01	
  4.100818E+02	  1.414641E+04	  8.181857E-01	
  4.101942E+02	  1.415029E+04	  8.208434E-01	
  4.103065E+02	  1.423605E+04	  8.338154E-01	
  4.104188E+02	  1.447370E+04	  8.659778E-01	
  4.105312E+02	  1.446046E+04	  8.665574E-01	
  4.106435E+02	  1.458062E+04	  8.840141E-01	
  4.107558E+02	  1.461887E+04	  8.911435E-01	
  4.108682E+02	  1.464542E+04	  8.968084E-01	
  4.109805E+02	  1.473894E+04	  9.110047E-01	
  4.110928E+02	  1.477915E+04	  9.184551E-01	
  4.112052E+02	  1.473018E+04	  9.145474E-01	
  4.113175E+02	  1.460438E+04	  9.008037E-01	
  4.114298E+02	  1.484795E+04	  9.342974E-01	
  4.115422E+02	  1.455143E+04	  8.986396E-01	
  4.116545E+02	  1.449697E+04	  8.939518E-01	
  4.117668E+02	  1.479449E+04	  9.345335E-01	
  4.118792E+02	  1.441001E+04	  8.873472E-01	
  4.119915E+02	  1.453100E+04	  9.052560E-01	
  4.121039E+02	  1.465438E+04	  9.235312E-01	
  4.122162E+02	  1.448697E+04	  9.041948E-01	
  4.123285E+02	  1.436990E+04	  8.913215E-01	
  4.124409E+02	  1.469803E+04	  9.362660E-01	
  4.125532E+02	  1.439516E+04	  8.992054E-01	
  4.126655E+02	  1.416895E+04	  8.720137E-01	
  4.127779E+02	  1.438361E+04	  9.023185E-01	
  4.128902E+02	  1.423964E+04	  8.857949E-01	
  4.130025E+02	  1.430985E+04	  8.972844E-01	
  4.131149E+02	  1.404268E+04	  8.645125E-01	
  4.132272E+02	  1.402631E+04	  8.646102E-01	
  4.133395E+02	  1.407429E+04	  8.731832E-01	
  4.134519E+02	  1.414004E+04	  8.841255E-01	
  4.135642E+02	  1.394918E+04	  8.611825E-01	
  4.136765E+02	  1.383298E+04	  8.480435E-01	
  4.137889E+02	  1.383796E+04	  8.509282E-01	
  4.139012E+02	  1.394340E+04	  8.671642E-01	
  4.140135E+02	  1.397566E+04	  8.737134E-01	
  4.141259E+02	  1.395238E+04	  8.728780E-01	
  4.142382E+02	  1.375293E+04	  8.485146E-01	
  4.143506E+02	  1.379037E+04	  8.557470E-01	
  4.144629E+02	  1.391493E+04	  8.746705E-01	
  4.145752E+02	  1.381155E+04	  8.630678E-01	
  4.146876E+02	  1.379853E+04	  8.635669E-01	
  4.147999E+02	  1.363204E+04	  8.434035E-01	
  4.149122E+02	  1.367965E+04	  8.520417E-01	
  4.150246E+02	  1.353555E+04	  8.348066E-01	
  4.151369E+02	  1.354459E+04	  8.382329E-01	
  4.152492E+02	  1.377668E+04	  8.718995E-01	
  4.153616E+02	  1.356725E+04	  8.457308E-01	
  4.154739E+02	  1.335977E+04	  8.197374E-01	
  4.155862E+02	  1.339487E+04	  8.266971E-01	
  4.156986E+02	  1.333867E+04	  8.212188E-01	
  4.158109E+02	  1.335748E+04	  8.259715E-01	
  4.159232E+02	  1.308720E+04	  7.911581E-01	
  4.160356E+02	  1.317144E+04	  8.048420E-01	
  4.161479E+02	  1.326634E+04	  8.200312E-01	
  4.162603E+02	  1.322192E+04	  8.160989E-01	
  4.163726E+02	  1.310229E+04	  8.017840E-01	
  4.164849E+02	  1.307541E+04	  8.002239E-01	
  4.165973E+02	  1.279070E+04	  7.630007E-01	
  4.167096E+02	  1.292588E+04	  7.838094E-01	
  4.168219E+02	  1.281765E+04	  7.709140E-01	
  4.169343E+02	  1.271656E+04	  7.589642E-01	
  4.170466E+02	  1.285551E+04	  7.803843E-01	
  4.171589E+02	  1.246695E+04	  7.283217E-01	
  4.172713E+02	  1.236082E+04	  7.155268E-01	
  4.173836E+02	  1.235170E+04	  7.162579E-01	
  4.174959E+02	  1.245416E+04	  7.326244E-01	
  4.176083E+02	  1.242862E+04	  7.310747E-01	
  4.177206E+02	  1.237746E+04	  7.259154E-01	
  4.178329E+02	  1.216558E+04	  6.981011E-01	
  4.179453E+02	  1.235000E+04	  7.260945E-01	
  4.180576E+02	  1.232893E+04	  7.251421E-01	
  4.181700E+02	  1.196326E+04	  6.754128E-01	
  4.182823E+02	  1.213709E+04	  7.019983E-01	
  4.183946E+02	  1.221965E+04	  7.157078E-01	
  4.185070E+02	  1.222202E+04	  7.180535E-01	
  4.186193E+02	  1.215032E+04	  7.098507E-01	
  4.187316E+02	  1.191648E+04	  6.784792E-01	
  4.188440E+02	  1.184081E+04	  6.696104E-01	
  4.189563E+02	  1.171527E+04	  6.535688E-01	
  4.190686E+02	  1.183351E+04	  6.724328E-01	
  4.191810E+02	  1.167050E+04	  6.509532E-01	
  4.192933E+02	  1.180903E+04	  6.727900E-01	
  4.194056E+02	  1.164857E+04	  6.516018E-01	
  4.195180E+02	  1.156343E+04	  6.412137E-01	
  4.196303E+02	  1.177756E+04	  6.740666E-01	
  4.197426E+02	  1.164599E+04	  6.569508E-01	
  4.198550E+02	  1.163138E+04	  6.567448E-01	
  4.199673E+02	  1.170415E+04	  6.692337E-01	
  4.200797E+02	  1.162946E+04	  6.602960E-01	
  4.201920E+02	  1.152685E+04	  6.472540E-01	
  4.203043E+02	  1.154661E+04	  6.520388E-01	
  4.204167E+02	  1.145348E+04	  6.403199E-01	
  4.205290E+02	  1.150136E+04	  6.492239E-01	
  4.206413E+02	  1.147744E+04	  6.476154E-01	
  4.207537E+02	  1.118535E+04	  6.065731E-01	
  4.208660E+02	  1.134820E+04	  6.323861E-01	
  4.209783E+02	  1.130237E+04	  6.275017E-01	
  4.210907E+02	  1.137426E+04	  6.399896E-01	
  4.212030E+02	  1.139777E+04	  6.453573E-01	
  4.213153E+02	  1.120526E+04	  6.187186E-01	
  4.214277E+02	  1.123498E+04	  6.249840E-01	
  4.215400E+02	  1.106599E+04	  6.017156E-01	
  4.216523E+02	  1.105336E+04	  6.016601E-01	
  4.217647E+02	  1.116815E+04	  6.206143E-01	
  4.218770E+02	  1.106963E+04	  6.077480E-01	
  4.219893E+02	  1.092905E+04	  5.885391E-01	
  4.221017E+02	  1.094049E+04	  5.920600E-01	
  4.222140E+02	  1.084503E+04	  5.795326E-01	
  4.223264E+02	  1.102501E+04	  6.084003E-01	
  4.224387E+02	  1.109052E+04	  6.201103E-01	
  4.225510E+02	  1.083049E+04	  5.827203E-01	
  4.226634E+02	  1.093931E+04	  6.009678E-01	
  4.227757E+02	  1.104422E+04	  6.186818E-01	
  4.228880E+02	  1.087371E+04	  5.946742E-01	
  4.230004E+02	  1.089450E+04	  5.996507E-01	
  4.231127E+02	  1.067817E+04	  5.685555E-01	
  4.232250E+02	  1.078814E+04	  5.870925E-01	
  4.233374E+02	  1.065627E+04	  5.687631E-01	
  4.234497E+02	  1.062635E+04	  5.659626E-01	
  4.235620E+02	  1.067358E+04	  5.749697E-01	
  4.236744E+02	  1.055550E+04	  5.586380E-01	
  4.237867E+02	  1.047228E+04	  5.476080E-01	
  4.238990E+02	  1.068433E+04	  5.819922E-01	
  4.240114E+02	  1.055950E+04	  5.645429E-01	
  4.241237E+02	  1.066214E+04	  5.821638E-01	
  4.242361E+02	  1.080299E+04	  6.057516E-01	
  4.243484E+02	  1.075272E+04	  5.998001E-01	
  4.244607E+02	  1.048938E+04	  5.607587E-01	
  4.245731E+02	  1.034272E+04	  5.397243E-01	
  4.246854E+02	  1.044393E+04	  5.572149E-01	
  4.247977E+02	  1.063751E+04	  5.891650E-01	
  4.249101E+02	  1.042452E+04	  5.577048E-01	
  4.250224E+02	  1.051957E+04	  5.743382E-01	
  4.251347E+02	  1.044358E+04	  5.642158E-01	
  4.252471E+02	  1.036800E+04	  5.541243E-01	
  4.253594E+02	  1.049101E+04	  5.752211E-01	
  4.254717E+02	  1.053913E+04	  5.845895E-01	
  4.255841E+02	  1.062219E+04	  5.994983E-01	
  4.256964E+02	  1.066426E+04	  6.079772E-01	
  4.258087E+02	  1.031230E+04	  5.541185E-01	
  4.259211E+02	  1.045374E+04	  5.782967E-01	
  4.260334E+02	  1.034240E+04	  5.624134E-01	
  4.261458E+02	  1.011641E+04	  5.282432E-01	
  4.262581E+02	  1.022155E+04	  5.467073E-01	
  4.263704E+02	  1.016114E+04	  5.388150E-01	
  4.264828E+02	  1.025777E+04	  5.559916E-01	
  4.265951E+02	  1.020160E+04	  5.487602E-01	
  4.267074E+02	  1.012530E+04	  5.382769E-01	
  4.268198E+02	  1.005597E+04	  5.288763E-01	
  4.269321E+02	  1.030755E+04	  5.710645E-01	
  4.270444E+02	  1.046411E+04	  5.980762E-01	
  4.271568E+02	  1.016697E+04	  5.519527E-01	
  4.272691E+02	  1.030504E+04	  5.760275E-01	
  4.273814E+02	  1.026108E+04	  5.707063E-01	
  4.274938E+02	  1.028010E+04	  5.755780E-01	
  4.276061E+02	  9.934464E+03	  5.212299E-01	
  4.277184E+02	  1.004186E+04	  5.404117E-01	
  4.278308E+02	  1.009418E+04	  5.506766E-01	
  4.279431E+02	  1.019841E+04	  5.694463E-01	
  4.280555E+02	  1.014788E+04	  5.629706E-01	
  4.281678E+02	  9.850474E+03	  5.160444E-01	
  4.282801E+02	  9.954736E+03	  5.348465E-01	
  4.283925E+02	  1.009522E+04	  5.596579E-01	
  4.285048E+02	  1.000588E+04	  5.467280E-01	
  4.286171E+02	  1.013064E+04	  5.690427E-01	
  4.287295E+02	  1.006159E+04	  5.594304E-01	
  4.288418E+02	  1.002218E+04	  5.546864E-01	
  4.289541E+02	  9.821892E+03	  5.232782E-01	
  4.290665E+02	  1.000844E+04	  5.559399E-01	
  4.291788E+02	  1.004392E+04	  5.636021E-01	
  4.292911E+02	  1.011358E+04	  5.769756E-01	
  4.294035E+02	  9.871203E+03	  5.383735E-01	
  4.295158E+02	  9.762285E+03	  5.219272E-01	
  4.296281E+02	  9.990051E+03	  5.617320E-01	
  4.297405E+02	  9.856880E+03	  5.412028E-01	
  4.298528E+02	  9.775322E+03	  5.292641E-01	
  4.299651E+02	  9.713480E+03	  5.205976E-01	
  4.300775E+02	  9.810498E+03	  5.386403E-01	
  4.301898E+02	  9.862718E+03	  5.491858E-01	
  4.303022E+02	  9.804163E+03	  5.410569E-01	
  4.304145E+02	  9.734172E+03	  5.309651E-01	
  4.305268E+02	  9.874811E+03	  5.565209E-01	
  4.306392E+02	  1.002912E+04	  5.844769E-01	
  4.307515E+02	  9.787166E+03	  5.451716E-01	
  4.308638E+02	  9.642861E+03	  5.223603E-01	
  4.309762E+02	  9.889240E+03	  5.660865E-01	
  4.310885E+02	  9.813216E+03	  5.548915E-01	
  4.312008E+02	  9.711305E+03	  5.392292E-01	
  4.313132E+02	  9.666107E+03	  5.332308E-01	
  4.314255E+02	  9.638479E+03	  5.302256E-01	
  4.315378E+02	  9.610736E+03	  5.271887E-01	
  4.316502E+02	  9.572626E+03	  5.223545E-01	
  4.317625E+02	  9.621507E+03	  5.325027E-01	
  4.318748E+02	  9.713223E+03	  5.500793E-01	
  4.319872E+02	  9.533205E+03	  5.207023E-01	
  4.320995E+02	  9.612646E+03	  5.361844E-01	
  4.322119E+02	  9.627964E+03	  5.405855E-01	
  4.323242E+02	  9.596222E+03	  5.368183E-01	
  4.324365E+02	  9.472257E+03	  5.169795E-01	
  4.325489E+02	  9.547549E+03	  5.318217E-01	
  4.326612E+02	  9.601900E+03	  5.430521E-01	
  4.327735E+02	  9.527365E+03	  5.317676E-01	
  4.328859E+02	  9.443290E+03	  5.187726E-01	
  4.329982E+02	  9.525172E+03	  5.348603E-01	
  4.331105E+02	  9.646944E+03	  5.580093E-01	
  4.332229E+02	  9.566498E+03	  5.456250E-01	
  4.333352E+02	  9.504573E+03	  5.364652E-01	
  4.334475E+02	  9.495917E+03	  5.366825E-01	
  4.335599E+02	  9.542163E+03	  5.466110E-01	
  4.336722E+02	  9.506693E+03	  5.420887E-01	
  4.337845E+02	  9.260808E+03	  5.002042E-01	
  4.338969E+02	  9.445786E+03	  5.347765E-01	
  4.340092E+02	  9.397938E+03	  5.280018E-01	
  4.341216E+02	  9.468083E+03	  5.422457E-01	
  4.342339E+02	  9.348627E+03	  5.226656E-01	
  4.343462E+02	  9.520086E+03	  5.550674E-01	
  4.344586E+02	  9.527845E+03	  5.582361E-01	
  4.345709E+02	  9.475605E+03	  5.506442E-01	
  4.346832E+02	  9.150923E+03	  4.940487E-01	
  4.347956E+02	  9.313233E+03	  5.249552E-01	
  4.349079E+02	  9.370500E+03	  5.370142E-01	
  4.350202E+02	  9.248465E+03	  5.167221E-01	
  4.351326E+02	  9.223323E+03	  5.138923E-01	
  4.352449E+02	  9.257132E+03	  5.217333E-01	
  4.353572E+02	  9.340396E+03	  5.385730E-01	
  4.354696E+02	  9.208506E+03	  5.163519E-01	
  4.355819E+02	  9.317244E+03	  5.378697E-01	
  4.356942E+02	  9.263137E+03	  5.297567E-01	
  4.358066E+02	  9.177180E+03	  5.157975E-01	
  4.359189E+02	  9.322419E+03	  5.440878E-01	
  4.360313E+02	  9.201037E+03	  5.236112E-01	
