*********************  Core Excitation Data  ********************
****************  A.P. Hitchcock & D.C. Mancini  ****************
*
* Formula: C6H5CHO
* Name: Benzaldehyde
* Edge: C 1s
* Alpha Formula: C7H6O
* Data Source: Hitchcock
* Filename:  bn-0cckk.os
* Ref. Code: HU&92
* Write Date: 93/06/10
* Reference: J. Phys. Chem. 96 (92) 8736
* Source and Purity: Aldrich
* Acquisition Mode: EELS, 2 deg, 2500 eV CRE mode, 0.7 eV fwhm
*--------------------------------------------------------------
* No. of Spectra: 2    name1- 0bnc.    name2- 0bnc.os
*   E (eV)        Raw data             Osc. Str. per atom (E-2)
*--------------------------------------------------------------
  2.749948E+02,  3.061000E+03,  5.395433E-03,
  2.751272E+02,  2.847000E+03, -9.065821E-03,
  2.752596E+02,  2.931000E+03, -2.340301E-03,
  2.753920E+02,  2.968000E+03,  1.022761E-03,
  2.755245E+02,  2.973000E+03,  2.083803E-03,
  2.756569E+02,  2.964000E+03,  2.122117E-03,
  2.757893E+02,  2.895000E+03, -2.164372E-03,
  2.759217E+02,  2.935000E+03,  1.346148E-03,
  2.760541E+02,  2.984000E+03,  5.494900E-03,
  2.761865E+02,  2.903000E+03,  2.720926E-04,
  2.763190E+02,  2.903000E+03,  8.606042E-04,
  2.764514E+02,  2.954000E+03,  5.117760E-03,
  2.765838E+02,  2.940000E+03,  4.668667E-03,
  2.767162E+02,  2.830000E+03, -2.752199E-03,
  2.768486E+02,  2.797000E+03, -4.622322E-03,
  2.769810E+02,  2.875000E+03,  1.552616E-03,
  2.771135E+02,  2.843000E+03, -2.711439E-04,
  2.772458E+02,  2.733000E+03, -7.796885E-03,
  2.773783E+02,  2.886000E+03,  3.833918E-03,
  2.775107E+02,  2.756000E+03, -5.192452E-03,
  2.776431E+02,  2.795000E+03, -1.890001E-03,
  2.777755E+02,  2.765000E+03, -3.644871E-03,
  2.779080E+02,  2.923000E+03,  8.380188E-03,
  2.780403E+02,  2.812000E+03,  6.620389E-04,
  2.781728E+02,  2.825000E+03,  2.037629E-03,
  2.783052E+02,  2.850000E+03,  4.291956E-03,
  2.784376E+02,  2.824000E+03,  2.780145E-03,
  2.785700E+02,  2.863000E+03,  6.059079E-03,
  2.787025E+02,  2.805000E+03,  2.160961E-03,
  2.788348E+02,  2.838000E+03,  4.987158E-03,
  2.789673E+02,  2.809000E+03,  3.213059E-03,
  2.790997E+02,  2.805000E+03,  3.284382E-03,
  2.792321E+02,  2.808000E+03,  3.869750E-03,
  2.793645E+02,  2.821000E+03,  5.195333E-03,
  2.794969E+02,  2.899000E+03,  1.136918E-02,
  2.796293E+02,  2.880000E+03,  1.030457E-02,
  2.797618E+02,  2.811000E+03,  5.488912E-03,
  2.798942E+02,  2.738000E+03,  3.536921E-04,
  2.800266E+02,  2.868000E+03,  1.043449E-02,
  2.801590E+02,  2.799000E+03,  5.581235E-03,
  2.802914E+02,  2.766000E+03,  3.418654E-03,
  2.804238E+02,  2.841000E+03,  9.384992E-03,
  2.805563E+02,  2.726000E+03,  1.022620E-03,
  2.806887E+02,  2.799000E+03,  6.841481E-03,
  2.808211E+02,  2.783000E+03,  5.935722E-03,
  2.809535E+02,  2.710000E+03,  7.024551E-04,
  2.810859E+02,  2.732000E+03,  2.661010E-03,
  2.812183E+02,  2.827000E+03,  1.016953E-02,
  2.813508E+02,  2.766000E+03,  5.821201E-03,
  2.814832E+02,  2.746000E+03,  4.581597E-03,
  2.816156E+02,  2.755000E+03,  5.548332E-03,
  2.817480E+02,  2.797000E+03,  9.036432E-03,
  2.818804E+02,  2.790000E+03,  8.780138E-03,
  2.820128E+02,  2.759000E+03,  6.679966E-03,
  2.821453E+02,  2.840000E+03,  1.316769E-02,
  2.822776E+02,  2.773000E+03,  8.293738E-03,
  2.824101E+02,  2.742000E+03,  6.174400E-03,
  2.825425E+02,  2.786000E+03,  9.826928E-03,
  2.826749E+02,  2.737000E+03,  6.308073E-03,
  2.828073E+02,  2.763000E+03,  8.573743E-03,
  2.829398E+02,  2.831000E+03,  1.409399E-02,
  2.830721E+02,  2.826000E+03,  1.396818E-02,
  2.832046E+02,  2.826000E+03,  1.422772E-02,
  2.833370E+02,  2.805000E+03,  1.285291E-02,
  2.834694E+02,  2.875000E+03,  1.855482E-02,
  2.836018E+02,  2.914000E+03,  2.185390E-02,
  2.837343E+02,  2.918000E+03,  2.242798E-02,
  2.838666E+02,  3.320000E+03,  5.410968E-02,
  2.839991E+02,  3.747000E+03,  8.783454E-02,
  2.841315E+02,  4.639000E+03,  1.580976E-01,
  2.842639E+02,  6.529000E+03,  3.068864E-01,
  2.843963E+02,  9.288000E+03,  5.243890E-01,
  2.845287E+02,  1.313600E+04,  8.282061E-01,
  2.846611E+02,  1.735500E+04,  1.162106E+00,
  2.847936E+02,  2.119700E+04,  1.467175E+00,
  2.849260E+02,  2.378000E+04,  1.673577E+00,
  2.850584E+02,  2.479100E+04,  1.756130E+00,
  2.851908E+02,  2.390900E+04,  1.688873E+00,
  2.853232E+02,  2.210100E+04,  1.547932E+00,
  2.854556E+02,  1.983900E+04,  1.370512E+00,
  2.855881E+02,  1.764100E+04,  1.197690E+00,
  2.857205E+02,  1.589500E+04,  1.060405E+00,
  2.858529E+02,  1.500900E+04,  9.913690E-01,
  2.859853E+02,  1.403800E+04,  9.153445E-01,
  2.861177E+02,  1.299200E+04,  8.331043E-01,
  2.862501E+02,  1.187500E+04,  7.449423E-01,
  2.863826E+02,  1.058200E+04,  6.424107E-01,
  2.865150E+02,  9.135000E+03,  5.272161E-01,
  2.866474E+02,  7.778000E+03,  4.189423E-01,
  2.867798E+02,  6.933000E+03,  3.516249E-01,
  2.869122E+02,  6.826000E+03,  3.436711E-01,
  2.870446E+02,  7.066000E+03,  3.637320E-01,
  2.871771E+02,  7.729000E+03,  4.180743E-01,
  2.873094E+02,  9.073000E+03,  5.277426E-01,
  2.874419E+02,  1.031600E+04,  6.295174E-01,
  2.875743E+02,  1.111500E+04,  6.954939E-01,
  2.877067E+02,  1.160600E+04,  7.365891E-01,
  2.878391E+02,  1.147700E+04,  7.272806E-01,
  2.879716E+02,  1.119500E+04,  7.054611E-01,
  2.881039E+02,  1.067100E+04,  6.638064E-01,
  2.882364E+02,  1.016100E+04,  6.231807E-01,
  2.883688E+02,  9.752000E+03,  5.907143E-01,
  2.885012E+02,  1.000000E+04,  6.120540E-01,
  2.886336E+02,  9.904000E+03,  6.051907E-01,
  2.887661E+02,  9.993000E+03,  6.135252E-01,
  2.888984E+02,  1.036100E+04,  6.448608E-01,
  2.890309E+02,  1.078500E+04,  6.809008E-01,
  2.891633E+02,  1.116800E+04,  7.136495E-01,
  2.892957E+02,  1.189300E+04,  7.747736E-01,
  2.894281E+02,  1.236100E+04,  8.147761E-01,
  2.895605E+02,  1.246800E+04,  8.249432E-01,
  2.896929E+02,  1.260200E+04,  8.373781E-01,
  2.898254E+02,  1.262400E+04,  8.405302E-01,
  2.899578E+02,  1.269100E+04,  8.474342E-01,
  2.900902E+02,  1.275000E+04,  8.536876E-01,
  2.902226E+02,  1.279200E+04,  8.585349E-01,
  2.903550E+02,  1.304400E+04,  8.809540E-01,
  2.904874E+02,  1.288000E+04,  8.685960E-01,
  2.906199E+02,  1.303400E+04,  8.828674E-01,
  2.907523E+02,  1.309700E+04,  8.895329E-01,
  2.908847E+02,  1.300700E+04,  8.833493E-01,
  2.910171E+02,  1.307500E+04,  8.904485E-01,
  2.911495E+02,  1.333000E+04,  9.133307E-01,
  2.912819E+02,  1.354000E+04,  9.324726E-01,
  2.914144E+02,  1.353700E+04,  9.336578E-01,
  2.915468E+02,  1.400400E+04,  9.746309E-01,
  2.916792E+02,  1.396300E+04,  9.726480E-01,
  2.918116E+02,  1.443500E+04,  1.014204E+00,
  2.919440E+02,  1.461400E+04,  1.030964E+00,
  2.920764E+02,  1.505400E+04,  1.069982E+00,
  2.922089E+02,  1.520200E+04,  1.084216E+00,
  2.923412E+02,  1.584100E+04,  1.140389E+00,
  2.924737E+02,  1.601900E+04,  1.157315E+00,
  2.926061E+02,  1.662900E+04,  1.211253E+00,
  2.927385E+02,  1.726600E+04,  1.267648E+00,
  2.928709E+02,  1.747800E+04,  1.287722E+00,
  2.930034E+02,  1.787300E+04,  1.323572E+00,
  2.931357E+02,  1.801600E+04,  1.337830E+00,
  2.932682E+02,  1.816900E+04,  1.352987E+00,
  2.934006E+02,  1.825900E+04,  1.362744E+00,
  2.935330E+02,  1.838400E+04,  1.375547E+00,
  2.936654E+02,  1.833500E+04,  1.373329E+00,
  2.937979E+02,  1.824700E+04,  1.367723E+00,
  2.939302E+02,  1.798000E+04,  1.346567E+00,
  2.940627E+02,  1.798600E+04,  1.349067E+00,
  2.941951E+02,  1.795800E+04,  1.348612E+00,
  2.943275E+02,  1.750400E+04,  1.311047E+00,
  2.944599E+02,  1.756000E+04,  1.317857E+00,
  2.945923E+02,  1.692200E+04,  1.264071E+00,
  2.947247E+02,  1.710500E+04,  1.281935E+00,
  2.948572E+02,  1.690500E+04,  1.266307E+00,
  2.949896E+02,  1.673100E+04,  1.252910E+00,
  2.951220E+02,  1.624400E+04,  1.211990E+00,
  2.952544E+02,  1.632300E+04,  1.220722E+00,
  2.953868E+02,  1.644700E+04,  1.233437E+00,
  2.955192E+02,  1.628300E+04,  1.220791E+00,
  2.956517E+02,  1.623000E+04,  1.217909E+00,
  2.957841E+02,  1.610600E+04,  1.208737E+00,
  2.959165E+02,  1.618900E+04,  1.217861E+00,
  2.960489E+02,  1.590200E+04,  1.194210E+00,
  2.961813E+02,  1.593300E+04,  1.198716E+00,
  2.963137E+02,  1.559300E+04,  1.170259E+00,
  2.964462E+02,  1.557400E+04,  1.170290E+00,
  2.965786E+02,  1.558800E+04,  1.173258E+00,
  2.967110E+02,  1.572400E+04,  1.187117E+00,
  2.968434E+02,  1.553500E+04,  1.171970E+00,
  2.969758E+02,  1.582000E+04,  1.199189E+00,
  2.971082E+02,  1.554200E+04,  1.176037E+00,
  2.972407E+02,  1.563900E+04,  1.186463E+00,
  2.973730E+02,  1.551800E+04,  1.177328E+00,
  2.975055E+02,  1.581100E+04,  1.205409E+00,
  2.976379E+02,  1.575200E+04,  1.201854E+00,
  2.977703E+02,  1.554700E+04,  1.185117E+00,
  2.979027E+02,  1.563500E+04,  1.194796E+00,
  2.980352E+02,  1.579000E+04,  1.210557E+00,
  2.981675E+02,  1.552000E+04,  1.187868E+00,
  2.983000E+02,  1.573700E+04,  1.209277E+00,
  2.984324E+02,  1.560400E+04,  1.198960E+00,
  2.985648E+02,  1.567100E+04,  1.206796E+00,
  2.986972E+02,  1.585000E+04,  1.224846E+00,
  2.988297E+02,  1.591300E+04,  1.232367E+00,
  2.989620E+02,  1.590400E+04,  1.233330E+00,
  2.990945E+02,  1.572900E+04,  1.219122E+00,
  2.992269E+02,  1.579800E+04,  1.227203E+00,
  2.993593E+02,  1.557600E+04,  1.208633E+00,
  2.994917E+02,  1.608600E+04,  1.257187E+00,
  2.996241E+02,  1.588800E+04,  1.240807E+00,
  2.997565E+02,  1.597500E+04,  1.250603E+00,
  2.998890E+02,  1.583000E+04,  1.239048E+00,
  3.000214E+02,  1.578800E+04,  1.236960E+00,
  3.001538E+02,  1.597900E+04,  1.256389E+00,
  3.002862E+02,  1.607000E+04,  1.266615E+00,
  3.004186E+02,  1.559800E+04,  1.224716E+00,
  3.005510E+02,  1.588900E+04,  1.253471E+00,
  3.006835E+02,  1.603300E+04,  1.268648E+00,
  3.008159E+02,  1.575500E+04,  1.244615E+00,
  3.009483E+02,  1.591300E+04,  1.261117E+00,
  3.010807E+02,  1.575300E+04,  1.248007E+00,
  3.012131E+02,  1.570800E+04,  1.245596E+00,
  3.013455E+02,  1.604600E+04,  1.278983E+00,
  3.014780E+02,  1.568300E+04,  1.246832E+00,
  3.016104E+02,  1.576100E+04,  1.255930E+00,
  3.017428E+02,  1.581600E+04,  1.262890E+00,
  3.018752E+02,  1.562000E+04,  1.246275E+00,
  3.020076E+02,  1.543900E+04,  1.231023E+00,
  3.021400E+02,  1.532000E+04,  1.221572E+00,
  3.022725E+02,  1.530900E+04,  1.222283E+00,
  3.024048E+02,  1.556300E+04,  1.248030E+00,
  3.025373E+02,  1.547000E+04,  1.241014E+00,
  3.026697E+02,  1.531700E+04,  1.228292E+00,
  3.028021E+02,  1.549900E+04,  1.247310E+00,
  3.029345E+02,  1.535300E+04,  1.235220E+00,
  3.030670E+02,  1.513300E+04,  1.216058E+00,
  3.031993E+02,  1.530000E+04,  1.233697E+00,
  3.033318E+02,  1.511400E+04,  1.217719E+00,
  3.034642E+02,  1.520400E+04,  1.228048E+00,
  3.035966E+02,  1.489500E+04,  1.200253E+00,
  3.037290E+02,  1.500900E+04,  1.212878E+00,
  3.038615E+02,  1.475600E+04,  1.190353E+00,
  3.039938E+02,  1.476500E+04,  1.192912E+00,
  3.041263E+02,  1.490400E+04,  1.207971E+00,
  3.042587E+02,  1.478600E+04,  1.198332E+00,
  3.043911E+02,  1.457700E+04,  1.179896E+00,
  3.045235E+02,  1.457800E+04,  1.181671E+00,
  3.046559E+02,  1.451400E+04,  1.177168E+00,
  3.047883E+02,  1.440400E+04,  1.168200E+00,
  3.049208E+02,  1.435900E+04,  1.165503E+00,
  3.050532E+02,  1.413000E+04,  1.144947E+00,
  3.051856E+02,  1.416400E+04,  1.149878E+00,
  3.053180E+02,  1.398600E+04,  1.134202E+00,
  3.054504E+02,  1.405800E+04,  1.142827E+00,
  3.055828E+02,  1.391100E+04,  1.130117E+00,
  3.057153E+02,  1.379400E+04,  1.120301E+00,
  3.058477E+02,  1.343200E+04,  1.086503E+00,
  3.059801E+02,  1.367400E+04,  1.111741E+00,
  3.061125E+02,  1.350000E+04,  1.096265E+00,
  3.062449E+02,  1.355600E+04,  1.103321E+00,
  3.063773E+02,  1.328200E+04,  1.077961E+00,
  3.065098E+02,  1.306100E+04,  1.057748E+00,
  3.066422E+02,  1.302900E+04,  1.056102E+00,
  3.067746E+02,  1.304300E+04,  1.058987E+00,
  3.069070E+02,  1.280000E+04,  1.036487E+00,
  3.070394E+02,  1.271900E+04,  1.029952E+00,
  3.071718E+02,  1.263600E+04,  1.023198E+00,
  3.073043E+02,  1.262900E+04,  1.023962E+00,
  3.074366E+02,  1.260500E+04,  1.023036E+00,
  3.075691E+02,  1.246700E+04,  1.010771E+00,
  3.077015E+02,  1.245200E+04,  1.010717E+00,
  3.078339E+02,  1.241900E+04,  1.008865E+00,
  3.079663E+02,  1.229500E+04,  9.979228E-01,
  3.080988E+02,  1.224200E+04,  9.940467E-01,
  3.082311E+02,  1.208100E+04,  9.793476E-01,
  3.083636E+02,  1.202200E+04,  9.748308E-01,
  3.084960E+02,  1.183800E+04,  9.577563E-01,
  3.086284E+02,  1.174200E+04,  9.494765E-01,
  3.087608E+02,  1.166900E+04,  9.434869E-01,
  3.088932E+02,  1.174800E+04,  9.527900E-01,
  3.090256E+02,  1.155400E+04,  9.345799E-01,
  3.091581E+02,  1.174200E+04,  9.549000E-01,
  3.092905E+02,  1.145800E+04,  9.275392E-01,
  3.094229E+02,  1.144700E+04,  9.277475E-01,
  3.095553E+02,  1.147300E+04,  9.317054E-01,
  3.096877E+02,  1.144100E+04,  9.297830E-01,
  3.098201E+02,  1.138100E+04,  9.250071E-01,
  3.099526E+02,  1.132300E+04,  9.204209E-01,
  3.100850E+02,  1.123800E+04,  9.130678E-01,
  3.102174E+02,  1.123200E+04,  9.137552E-01,
  3.103498E+02,  1.100900E+04,  8.922698E-01,
  3.104822E+02,  1.087000E+04,  8.793208E-01,
  3.106146E+02,  1.094400E+04,  8.881549E-01,
  3.107471E+02,  1.088000E+04,  8.828560E-01,
  3.108795E+02,  1.102000E+04,  8.984913E-01,
  3.110119E+02,  1.078300E+04,  8.753964E-01,
  3.111443E+02,  1.070900E+04,  8.690230E-01,
  3.112767E+02,  1.063600E+04,  8.627342E-01,
  3.114091E+02,  1.073000E+04,  8.736662E-01,
  3.115416E+02,  1.062300E+04,  8.638495E-01,
  3.116740E+02,  1.056000E+04,  8.585581E-01,
  3.118064E+02,  1.050600E+04,  8.541831E-01,
  3.119388E+02,  1.055600E+04,  8.605867E-01,
  3.120712E+02,  1.042700E+04,  8.484064E-01,
  3.122036E+02,  1.049300E+04,  8.564789E-01,
  3.123361E+02,  1.044600E+04,  8.528001E-01,
  3.124684E+02,  1.018400E+04,  8.266844E-01,
  3.126009E+02,  1.015800E+04,  8.251463E-01,
  3.127333E+02,  1.018900E+04,  8.295622E-01,
  3.128657E+02,  1.005600E+04,  8.168162E-01,
  3.129981E+02,  1.020100E+04,  8.331795E-01,
  3.131306E+02,  1.011100E+04,  8.249156E-01,
  3.132629E+02,  9.943000E+03,  8.084291E-01,
  3.133954E+02,  1.004200E+04,  8.199977E-01,
  3.135278E+02,  9.947000E+03,  8.111516E-01,
  3.136602E+02,  1.001700E+04,  8.196886E-01,
  3.137926E+02,  9.878000E+03,  8.061671E-01,
  3.139250E+02,  9.926000E+03,  8.123884E-01,
  3.140574E+02,  9.956000E+03,  8.167176E-01,
  3.141899E+02,  1.003400E+04,  8.261467E-01,
  3.143223E+02,  9.707000E+03,  7.925933E-01,
  3.144547E+02,  9.638000E+03,  7.863822E-01,
  3.145871E+02,  9.695000E+03,  7.935660E-01,
  3.147195E+02,  9.836000E+03,  8.097197E-01,
  3.148519E+02,  9.652000E+03,  7.912270E-01,
  3.149844E+02,  9.679000E+03,  7.952337E-01,
  3.151168E+02,  9.794000E+03,  8.086631E-01,
  3.152492E+02,  9.794000E+03,  8.098048E-01,
  3.153816E+02,  9.681000E+03,  7.988257E-01,
  3.155140E+02,  9.667000E+03,  7.984501E-01,
  3.156464E+02,  9.597000E+03,  7.920488E-01,
  3.157789E+02,  9.615000E+03,  7.951060E-01,
  3.159113E+02,  9.563000E+03,  7.906210E-01,
  3.160437E+02,  9.427000E+03,  7.770545E-01,
  3.161761E+02,  9.562000E+03,  7.927437E-01,
  3.163085E+02,  9.479000E+03,  7.848777E-01,
  3.164409E+02,  9.443000E+03,  7.820825E-01,
  3.165734E+02,  9.555000E+03,  7.953374E-01,
  3.167057E+02,  9.198000E+03,  7.576709E-01,
  3.168382E+02,  9.283000E+03,  7.679874E-01,
  3.169706E+02,  9.377000E+03,  7.793078E-01,
  3.171030E+02,  9.277000E+03,  7.694986E-01,
  3.172354E+02,  9.379000E+03,  7.817192E-01,
  3.173679E+02,  9.286000E+03,  7.726504E-01,
  3.175002E+02,  9.359000E+03,  7.817268E-01,
  3.176327E+02,  9.200000E+03,  7.653972E-01,
  3.177651E+02,  9.304000E+03,  7.778861E-01,
  3.178975E+02,  9.326000E+03,  7.813942E-01,
  3.180299E+02,  9.314000E+03,  7.811689E-01,
  3.181624E+02,  9.178000E+03,  7.672819E-01,
  3.182947E+02,  9.150000E+03,  7.652685E-01,
  3.184272E+02,  9.003000E+03,  7.501075E-01,
  3.185596E+02,  9.125000E+03,  7.646508E-01,
  3.186920E+02,  9.497000E+03,  8.069082E-01,
  3.188244E+02,  9.194000E+03,  7.744423E-01,
  3.189568E+02,  9.075000E+03,  7.623158E-01,
  3.190892E+02,  9.164000E+03,  7.732731E-01,
  3.192217E+02,  9.024000E+03,  7.587746E-01,
  3.193541E+02,  8.957000E+03,  7.523702E-01,
  3.194865E+02,  9.168000E+03,  7.769607E-01,
  3.196189E+02,  8.979000E+03,  7.569323E-01,
  3.197513E+02,  9.089000E+03,  7.702910E-01,
  3.198837E+02,  9.029000E+03,  7.646451E-01,
  3.200162E+02,  9.011000E+03,  7.636930E-01,
  3.201486E+02,  9.058000E+03,  7.700325E-01,
  3.202810E+02,  8.961000E+03,  7.602006E-01,
  3.204134E+02,  8.923000E+03,  7.569820E-01,
  3.205458E+02,  8.978000E+03,  7.642329E-01,
  3.206782E+02,  8.867000E+03,  7.527713E-01,
  3.208107E+02,  8.995000E+03,  7.682785E-01,
  3.209431E+02,  8.893000E+03,  7.578078E-01,
  3.210755E+02,  8.967000E+03,  7.672401E-01,
  3.212079E+02,  8.969000E+03,  7.685302E-01,
  3.213403E+02,  8.962000E+03,  7.688000E-01,
  3.214727E+02,  8.716000E+03,  7.419007E-01,
  3.216052E+02,  8.785000E+03,  7.507848E-01,
  3.217375E+02,  8.894000E+03,  7.642461E-01,
  3.218700E+02,  8.953000E+03,  7.720358E-01,
  3.220024E+02,  8.959000E+03,  7.737876E-01,
  3.221348E+02,  8.879000E+03,  7.657043E-01,
  3.222672E+02,  8.714000E+03,  7.478644E-01,
  3.223997E+02,  9.020000E+03,  7.839887E-01,
  3.225320E+02,  8.709000E+03,  7.493597E-01,
  3.226645E+02,  8.883000E+03,  7.703980E-01,
  3.227969E+02,  8.797000E+03,  7.615603E-01,
  3.229293E+02,  8.682000E+03,  7.493563E-01,
  3.230617E+02,  8.800000E+03,  7.640055E-01,
  3.231942E+02,  8.871000E+03,  7.732604E-01,
  3.233265E+02,  8.897000E+03,  7.773292E-01,
  3.234590E+02,  8.814000E+03,  7.687837E-01,
  3.235914E+02,  8.673000E+03,  7.534882E-01,
  3.237238E+02,  8.743000E+03,  7.626516E-01,
  3.238562E+02,  8.709000E+03,  7.597458E-01,
  3.239886E+02,  8.892000E+03,  7.820889E-01,
  3.241210E+02,  8.791000E+03,  7.713882E-01,
  3.242535E+02,  8.601000E+03,  7.502747E-01,
  3.243859E+02,  8.630000E+03,  7.546919E-01,
  3.245183E+02,  8.540000E+03,  7.451984E-01,
  3.246507E+02,  8.669000E+03,  7.613287E-01,
  3.247831E+02,  8.841000E+03,  7.825400E-01,
  3.249155E+02,  8.575000E+03,  7.523754E-01,
  3.250480E+02,  8.661000E+03,  7.635154E-01,
  3.251804E+02,  8.672000E+03,  7.658525E-01,
  3.253128E+02,  8.637000E+03,  7.627727E-01,
  3.254452E+02,  8.674000E+03,  7.681789E-01,
  3.255776E+02,  8.610000E+03,  7.616645E-01,
  3.257100E+02,  8.594000E+03,  7.608099E-01,
  3.258425E+02,  8.396000E+03,  7.383975E-01,
  3.259749E+02,  8.443000E+03,  7.449790E-01,
  3.261073E+02,  8.577000E+03,  7.619039E-01,
  3.262397E+02,  8.575000E+03,  7.627022E-01,
  3.263721E+02,  8.636000E+03,  7.709990E-01,
  3.265045E+02,  8.502000E+03,  7.560771E-01,
  3.266370E+02,  8.691000E+03,  7.796552E-01,
  3.267693E+02,  8.540000E+03,  7.626719E-01,
  3.269018E+02,  8.471000E+03,  7.554544E-01,
  3.270342E+02,  8.480000E+03,  7.575571E-01,
  3.271666E+02,  8.298000E+03,  7.367621E-01,
  3.272990E+02,  8.354000E+03,  7.444857E-01,
  3.274315E+02,  8.488000E+03,  7.616028E-01,
  3.275638E+02,  8.163000E+03,  7.235206E-01,
  3.276963E+02,  8.360000E+03,  7.482414E-01,
  3.278287E+02,  8.508000E+03,  7.671093E-01,
  3.279611E+02,  8.365000E+03,  7.508719E-01,
  3.280935E+02,  8.531000E+03,  7.719627E-01,
  3.282260E+02,  8.310000E+03,  7.462441E-01,
  3.283583E+02,  8.300000E+03,  7.460393E-01,
  3.284908E+02,  8.182000E+03,  7.327244E-01,
  3.286232E+02,  8.277000E+03,  7.452608E-01,
  3.287556E+02,  8.341000E+03,  7.540542E-01,
  3.288880E+02,  8.441000E+03,  7.672532E-01,
  3.290204E+02,  8.243000E+03,  7.441325E-01,
  3.291528E+02,  8.220000E+03,  7.423262E-01,
  3.292853E+02,  8.324000E+03,  7.560441E-01,
  3.294177E+02,  8.447000E+03,  7.721190E-01,
  3.295501E+02,  8.292000E+03,  7.541549E-01,
  3.296825E+02,  8.178000E+03,  7.411765E-01,
  3.298149E+02,  8.383000E+03,  7.673633E-01,
  3.299473E+02,  8.195000E+03,  7.452617E-01,
  3.300798E+02,  8.198000E+03,  7.466327E-01,
  3.302122E+02,  8.219000E+03,  7.502241E-01,
  3.303446E+02,  8.141000E+03,  7.415982E-01,
  3.304770E+02,  8.113000E+03,  7.391307E-01,
  3.306094E+02,  8.005000E+03,  7.267534E-01,
  3.307418E+02,  8.148000E+03,  7.454510E-01,
  3.308743E+02,  8.102000E+03,  7.407416E-01,
  3.310067E+02,  8.110000E+03,  7.427268E-01,
  3.311391E+02,  8.096000E+03,  7.419786E-01,
  3.312715E+02,  8.077000E+03,  7.406044E-01,
  3.314039E+02,  8.106000E+03,  7.452100E-01,
  3.315363E+02,  7.987000E+03,  7.313484E-01,
  3.316688E+02,  8.015000E+03,  7.358264E-01,
  3.318011E+02,  8.057000E+03,  7.420640E-01,
  3.319336E+02,  7.938000E+03,  7.281438E-01,
  3.320660E+02,  8.095000E+03,  7.488115E-01,
  3.321984E+02,  7.797000E+03,  7.123785E-01,
  3.323308E+02,  8.021000E+03,  7.414995E-01,
  3.324633E+02,  7.994000E+03,  7.390872E-01,
  3.325956E+02,  7.766000E+03,  7.113279E-01,
  3.327281E+02,  7.854000E+03,  7.233843E-01,
  3.328605E+02,  7.748000E+03,  7.109527E-01,
  3.329929E+02,  7.820000E+03,  7.210099E-01,
  3.331253E+02,  7.783000E+03,  7.172822E-01,
  3.332578E+02,  7.745000E+03,  7.134178E-01,
  3.333901E+02,  7.812000E+03,  7.228739E-01,
  3.335226E+02,  7.748000E+03,  7.156981E-01,
  3.336550E+02,  7.788000E+03,  7.217405E-01,
  3.337874E+02,  7.927000E+03,  7.404128E-01,
  3.339198E+02,  7.740000E+03,  7.175320E-01,
  3.340522E+02,  7.828000E+03,  7.297255E-01,
  3.341846E+02,  7.666000E+03,  7.099708E-01,
  3.343171E+02,  7.798000E+03,  7.278170E-01,
  3.344495E+02,  7.595000E+03,  7.027519E-01,
  3.345819E+02,  7.766000E+03,  7.256350E-01,
  3.347143E+02,  7.855000E+03,  7.380326E-01,
  3.348467E+02,  7.508000E+03,  6.943542E-01,
  3.349791E+02,  7.805000E+03,  7.335383E-01,
  3.351116E+02,  7.592000E+03,  7.070311E-01,
  3.352440E+02,  7.450000E+03,  6.896269E-01,
  3.353764E+02,  7.458000E+03,  6.915746E-01,
  3.355088E+02,  7.623000E+03,  7.138497E-01,
  3.356412E+02,  7.359000E+03,  6.805734E-01,
  3.357736E+02,  7.597000E+03,  7.123591E-01,
  3.359061E+02,  7.451000E+03,  6.943294E-01,
  3.360385E+02,  7.538000E+03,  7.065629E-01,
  3.361709E+02,  7.506000E+03,  7.033257E-01,
  3.363033E+02,  7.550000E+03,  7.099892E-01,
  3.364357E+02,  7.364000E+03,  6.866406E-01,
  3.365681E+02,  7.316000E+03,  6.812719E-01,
  3.367006E+02,  7.385000E+03,  6.912004E-01,
  3.368329E+02,  7.297000E+03,  6.805795E-01,
  3.369654E+02,  7.190000E+03,  6.674408E-01,
  3.370978E+02,  7.280000E+03,  6.801414E-01,
  3.372302E+02,  7.329000E+03,  6.874794E-01,
  3.373626E+02,  7.280000E+03,  6.819321E-01,
  3.374951E+02,  7.320000E+03,  6.881012E-01,
  3.376274E+02,  7.285000E+03,  6.843851E-01,
  3.377599E+02,  7.467000E+03,  7.093306E-01,
  3.378923E+02,  7.285000E+03,  6.861828E-01,
  3.380247E+02,  7.245000E+03,  6.817845E-01,
  3.381571E+02,  7.235000E+03,  6.813524E-01,
  3.382896E+02,  7.265000E+03,  6.862288E-01,
  3.384219E+02,  7.151000E+03,  6.719737E-01,
  3.385544E+02,  7.143000E+03,  6.717904E-01,
  3.386868E+02,  7.166000E+03,  6.757345E-01,
  3.388192E+02,  7.190000E+03,  6.798204E-01,
  3.389516E+02,  7.262000E+03,  6.903248E-01,
  3.390840E+02,  7.065000E+03,  6.648844E-01,
  3.392164E+02,  7.078000E+03,  6.674945E-01,
  3.393489E+02,  7.113000E+03,  6.730587E-01,
  3.394813E+02,  7.348000E+03,  7.054719E-01,
  3.396137E+02,  7.256000E+03,  6.940286E-01,
  3.397461E+02,  7.121000E+03,  6.767725E-01,
  3.398785E+02,  7.269000E+03,  6.975855E-01,
  3.400109E+02,  7.108000E+03,  6.767837E-01,
  3.401434E+02,  7.090000E+03,  6.752353E-01,
  3.402758E+02,  6.905000E+03,  6.511108E-01,
  3.404082E+02,  7.032000E+03,  6.691450E-01,
  3.405406E+02,  7.135000E+03,  6.839688E-01,
  3.406730E+02,  7.146000E+03,  6.863485E-01,
  3.408054E+02,  7.053000E+03,  6.746092E-01,
  3.409379E+02,  7.010000E+03,  6.696394E-01,
  3.410703E+02,  6.954000E+03,  6.628863E-01,
  3.412027E+02,  6.992000E+03,  6.689252E-01,
  3.413351E+02,  6.946000E+03,  6.635165E-01,
  3.414675E+02,  6.891000E+03,  6.568637E-01,
  3.415999E+02,  7.058000E+03,  6.805556E-01,
  3.417324E+02,  6.980000E+03,  6.707556E-01,
  3.418647E+02,  6.823000E+03,  6.500999E-01,
  3.419972E+02,  6.943000E+03,  6.674134E-01,
  3.421296E+02,  6.894000E+03,  6.615433E-01,
  3.422620E+02,  6.760000E+03,  6.439635E-01,
  3.423944E+02,  6.825000E+03,  6.537507E-01,
  3.425269E+02,  6.751000E+03,  6.443920E-01,