*********************  Core Excitation Data  ********************
****************  A.P. Hitchcock & D.C. Mancini  ****************
*
* Formula: C6H5CHO
* Name: Benzaldehyde
* Edge: O 1s
* Alpha Formula: C7H6O
* Data Source: Hitchcock
* Filename:  bn-0ookk.os
* Ref. Code: HU&92
* Write Date: 98/08/07
* Reference: J. Phys. Chem. 96 (92) 8736.
* Source and Purity: Aldrich
* Acquisition Mode: EELS, 2 deg, 2500eV CRE mode, 0.7eV fwhm
*--------------------------------------------------------------
* No. of Spectra: 2  	name1- 0bno 	name2- 0bno.os2
*   E (eV)        Raw data             Osc. Str. per atom (E-2)
*--------------------------------------------------------------
  5.179854E+02	  5.936465E+03	 -9.275215E-03	
  5.181104E+02	  5.992602E+03	  2.529797E-02	
  5.182354E+02	  5.911797E+03	 -2.061790E-02	
  5.183604E+02	  6.004902E+03	  3.568421E-02	
  5.184854E+02	  5.947098E+03	  3.287502E-03	
  5.186104E+02	  5.923500E+03	 -9.004664E-03	
  5.187354E+02	  5.894935E+03	 -2.421585E-02	
  5.188604E+02	  5.991103E+03	  3.388687E-02	
  5.189854E+02	  5.960831E+03	  1.767206E-02	
  5.191104E+02	  5.938099E+03	  5.889597E-03	
  5.192354E+02	  6.001903E+03	  4.496945E-02	
  5.193604E+02	  5.959130E+03	  2.140730E-02	
  5.194854E+02	  5.961202E+03	  2.420358E-02	
  5.196104E+02	  5.891899E+03	 -1.495213E-02	
  5.197354E+02	  5.911900E+03	 -1.617980E-03	
  5.198604E+02	  5.936171E+03	  1.422623E-02	
  5.199854E+02	  6.002329E+03	  5.468969E-02	
  5.201104E+02	  6.012869E+03	  6.246303E-02	
  5.202354E+02	  6.042163E+03	  8.125897E-02	
  5.203604E+02	  5.930801E+03	  1.738270E-02	
  5.204854E+02	  6.008006E+03	  6.433941E-02	
  5.206104E+02	  6.137463E+03	  1.420080E-01	
  5.207354E+02	  5.957464E+03	  3.778916E-02	
  5.208604E+02	  5.889135E+03	 -7.940007E-04	
  5.209854E+02	  5.969102E+03	  4.778624E-02	
  5.211104E+02	  5.996797E+03	  6.564257E-02	
  5.212354E+02	  5.940768E+03	  3.428908E-02	
  5.213604E+02	  5.981166E+03	  5.961157E-02	
  5.214854E+02	  5.791367E+03	 -5.036724E-02	
  5.216104E+02	  5.766766E+03	 -6.324831E-02	
  5.217354E+02	  5.821000E+03	 -2.979326E-02	
  5.218604E+02	  5.912667E+03	  2.566366E-02	
  5.219854E+02	  5.871435E+03	  3.007260E-03	
  5.221104E+02	  5.870832E+03	  4.230816E-03	
  5.222354E+02	  5.822668E+03	 -2.249976E-02	
  5.223604E+02	  5.934931E+03	  4.506259E-02	
  5.224854E+02	  5.763102E+03	 -5.435395E-02	
  5.226104E+02	  5.819863E+03	 -1.941341E-02	
  5.227354E+02	  5.785271E+03	 -3.816755E-02	
  5.228604E+02	  5.909329E+03	  3.632801E-02	
  5.229854E+02	  5.794870E+03	 -2.936868E-02	
  5.231104E+02	  5.837266E+03	 -2.871805E-03	
  5.232354E+02	  5.876737E+03	  2.190654E-02	
  5.233604E+02	  5.932733E+03	  5.639736E-02	
  5.234854E+02	  5.900264E+03	  3.889107E-02	
  5.236104E+02	  5.927766E+03	  5.663433E-02	
  5.237354E+02	  5.845998E+03	  1.015221E-02	
  5.238604E+02	  5.785271E+03	 -2.396302E-02	
  5.239854E+02	  5.836762E+03	  7.880269E-03	
  5.241104E+02	  5.766735E+03	 -3.170078E-02	
  5.242354E+02	  5.866500E+03	  2.851595E-02	
  5.243604E+02	  5.900535E+03	  5.009861E-02	
  5.244854E+02	  5.856297E+03	  2.567547E-02	
  5.246104E+02	  5.726933E+03	 -4.878230E-02	
  5.247354E+02	  5.755202E+03	 -3.058818E-02	
  5.248604E+02	  5.849497E+03	  2.641305E-02	
  5.249854E+02	  5.790338E+03	 -6.780068E-03	
  5.251104E+02	  5.911465E+03	  6.599239E-02	
  5.252354E+02	  5.807632E+03	  6.541555E-03	
  5.253604E+02	  5.790937E+03	 -1.693369E-03	
  5.254854E+02	  5.833731E+03	  2.503826E-02	
  5.256104E+02	  5.794003E+03	  3.265518E-03	
  5.257354E+02	  5.840164E+03	  3.197540E-02	
  5.258604E+02	  5.780834E+03	 -1.317877E-03	
  5.259854E+02	  5.853167E+03	  4.277521E-02	
  5.261104E+02	  5.873266E+03	  5.616647E-02	
  5.262354E+02	  5.743127E+03	 -1.874619E-02	
  5.263604E+02	  5.570535E+03	 -1.186113E-01	
  5.264854E+02	  5.792838E+03	  1.362900E-02	
  5.266104E+02	  5.933133E+03	  9.766742E-02	
  5.267354E+02	  5.750794E+03	 -7.926677E-03	
  5.268604E+02	  5.729469E+03	 -1.888260E-02	
  5.269854E+02	  5.670600E+03	 -5.190553E-02	
  5.271104E+02	  5.643668E+03	 -6.615673E-02	
  5.272354E+02	  5.763867E+03	  6.070438E-03	
  5.273604E+02	  5.887936E+03	  8.057174E-02	
  5.274854E+02	  5.694430E+03	 -3.158563E-02	
  5.276104E+02	  5.748002E+03	  1.480253E-03	
  5.277354E+02	  5.750067E+03	  4.272520E-03	
  5.278604E+02	  5.762364E+03	  1.307818E-02	
  5.279854E+02	  5.793004E+03	  3.266567E-02	
  5.281104E+02	  5.821133E+03	  5.077713E-02	
  5.282354E+02	  5.773400E+03	  2.429996E-02	
  5.283604E+02	  5.849898E+03	  7.084081E-02	
  5.284854E+02	  5.774602E+03	  2.816254E-02	
  5.286104E+02	  5.869166E+03	  8.532219E-02	
  5.287354E+02	  5.744367E+03	  1.354811E-02	
  5.288604E+02	  5.768035E+03	  2.903759E-02	
  5.289854E+02	  5.865932E+03	  8.815627E-02	
  5.291104E+02	  5.740365E+03	  1.593074E-02	
  5.292354E+02	  5.763502E+03	  3.110854E-02	
  5.293604E+02	  5.888203E+03	  1.059815E-01	
  5.294854E+02	  5.848067E+03	  8.396941E-02	
  5.296104E+02	  6.005736E+03	  1.782199E-01	
  5.297354E+02	  6.123571E+03	  2.490572E-01	
  5.298604E+02	  6.223036E+03	  3.090974E-01	
  5.299854E+02	  6.566109E+03	  5.123221E-01	
  5.301104E+02	  6.967444E+03	  7.497909E-01	
  5.302354E+02	  7.533575E+03	  1.084121E+00	
  5.303604E+02	  8.060778E+03	  1.395571E+00	
  5.304854E+02	  8.694407E+03	  1.769574E+00	
  5.306104E+02	  9.341043E+03	  2.151222E+00	
  5.307354E+02	  9.806910E+03	  2.426621E+00	
  5.308604E+02	  1.020860E+04	  2.664300E+00	
  5.309854E+02	  1.036433E+04	  2.757410E+00	
  5.311104E+02	  1.024240E+04	  2.687322E+00	
  5.312354E+02	  9.975822E+03	  2.532215E+00	
  5.313604E+02	  9.403158E+03	  2.197201E+00	
  5.314854E+02	  8.824388E+03	  1.858599E+00	
  5.316104E+02	  8.259826E+03	  1.528347E+00	
  5.317354E+02	  7.954361E+03	  1.350384E+00	
  5.318604E+02	  7.396823E+03	  1.024261E+00	
  5.319854E+02	  6.908689E+03	  7.389311E-01	
  5.321104E+02	  6.575496E+03	  5.446700E-01	
  5.322354E+02	  6.314663E+03	  3.929401E-01	
  5.323604E+02	  6.221796E+03	  3.399344E-01	
  5.324854E+02	  6.081867E+03	  2.592675E-01	
  5.326104E+02	  5.999229E+03	  2.122739E-01	
  5.327354E+02	  5.852135E+03	  1.273954E-01	
  5.328604E+02	  5.881334E+03	  1.461359E-01	
  5.329854E+02	  5.753833E+03	  7.277333E-02	
  5.331104E+02	  5.887962E+03	  1.531884E-01	
  5.332354E+02	  5.851938E+03	  1.335926E-01	
  5.333604E+02	  5.956098E+03	  1.963928E-01	
  5.334854E+02	  5.988737E+03	  2.171552E-01	
  5.336104E+02	  6.112468E+03	  2.914579E-01	
  5.337354E+02	  6.055365E+03	  2.594731E-01	
  5.338604E+02	  6.004702E+03	  2.312734E-01	
  5.339854E+02	  5.968598E+03	  2.116310E-01	
  5.341104E+02	  5.981433E+03	  2.207535E-01	
  5.342354E+02	  5.960998E+03	  2.103208E-01	
  5.343604E+02	  5.852302E+03	  1.480115E-01	
  5.344854E+02	  5.918232E+03	  1.883409E-01	
  5.346104E+02	  5.952833E+03	  2.102567E-01	
  5.347354E+02	  5.773531E+03	  1.064475E-01	
  5.348604E+02	  5.769399E+03	  1.055972E-01	
  5.349854E+02	  5.817600E+03	  1.355059E-01	
  5.351104E+02	  5.664269E+03	  4.696155E-02	
  5.352354E+02	  5.842463E+03	  1.532762E-01	
  5.353604E+02	  5.747572E+03	  9.908082E-02	
  5.354854E+02	  5.775998E+03	  1.173671E-01	
  5.356104E+02	  5.798368E+03	  1.320934E-01	
  5.357354E+02	  5.852233E+03	  1.653318E-01	
  5.358604E+02	  5.746467E+03	  1.047445E-01	
  5.359854E+02	  5.849603E+03	  1.669423E-01	
  5.361104E+02	  5.904630E+03	  2.008640E-01	
  5.362354E+02	  5.878004E+03	  1.867922E-01	
  5.363604E+02	  5.883464E+03	  1.915797E-01	
  5.364854E+02	  5.925001E+03	  2.175720E-01	
  5.366104E+02	  5.972836E+03	  2.472663E-01	
  5.367354E+02	  5.966665E+03	  2.452172E-01	
  5.368604E+02	  5.922033E+03	  2.205622E-01	
  5.369854E+02	  5.969236E+03	  2.498848E-01	
  5.371104E+02	  6.044198E+03	  2.955233E-01	
  5.372354E+02	  5.961266E+03	  2.483568E-01	
  5.373604E+02	  6.022166E+03	  2.857299E-01	
  5.374854E+02	  6.015103E+03	  2.831571E-01	
  5.376104E+02	  6.007367E+03	  2.801882E-01	
  5.377354E+02	  6.154602E+03	  3.683060E-01	
  5.378604E+02	  6.189237E+03	  3.902416E-01	
  5.379854E+02	  6.224666E+03	  4.126439E-01	
  5.381104E+02	  6.288135E+03	  4.515269E-01	
  5.382354E+02	  6.380604E+03	  5.074556E-01	
  5.383604E+02	  6.463498E+03	  5.577555E-01	
  5.384854E+02	  6.424969E+03	  5.366882E-01	
  5.386104E+02	  6.414963E+03	  5.323855E-01	
  5.387354E+02	  6.401302E+03	  5.259341E-01	
  5.388604E+02	  6.531735E+03	  6.041765E-01	
  5.389854E+02	  6.626400E+03	  6.613956E-01	
  5.391104E+02	  6.679135E+03	  6.939692E-01	
  5.392354E+02	  6.681501E+03	  6.969386E-01	
  5.393604E+02	  6.746035E+03	  7.364472E-01	
  5.394854E+02	  6.824863E+03	  7.843581E-01	
  5.396104E+02	  6.785234E+03	  7.626437E-01	
  5.397354E+02	  6.843837E+03	  7.986671E-01	
  5.398604E+02	  6.869966E+03	  8.156030E-01	
  5.399854E+02	  6.869399E+03	  8.168481E-01	
  5.401104E+02	  6.798430E+03	  7.767131E-01	
  5.402354E+02	  6.809569E+03	  7.848384E-01	
  5.403604E+02	  6.797834E+03	  7.795196E-01	
  5.404854E+02	  6.895231E+03	  8.383441E-01	
  5.406104E+02	  6.738733E+03	  7.479387E-01	
  5.407354E+02	  6.732232E+03	  7.456955E-01	
  5.408604E+02	  6.715238E+03	  7.372853E-01	
  5.409854E+02	  6.816663E+03	  7.984777E-01	
  5.411104E+02	  6.780205E+03	  7.786272E-01	
  5.412354E+02	  6.930663E+03	  8.686395E-01	
  5.413604E+02	  6.871333E+03	  8.353456E-01	
  5.414854E+02	  6.845637E+03	  8.218209E-01	
  5.416104E+02	  6.966766E+03	  8.945944E-01	
  5.417354E+02	  7.055367E+03	  9.482490E-01	
  5.418604E+02	  6.832131E+03	  8.186171E-01	
  5.419854E+02	  6.925435E+03	  8.750364E-01	
  5.421104E+02	  6.833231E+03	  8.224203E-01	
  5.422354E+02	  6.889000E+03	  8.567776E-01	
  5.423604E+02	  6.846604E+03	  8.334368E-01	
  5.424854E+02	  6.858732E+03	  8.421440E-01	
  5.426104E+02	  6.809093E+03	  8.145460E-01	
  5.427354E+02	  6.658300E+03	  7.274936E-01	
  5.428604E+02	  6.681771E+03	  7.428671E-01	
  5.429854E+02	  6.813301E+03	  8.217543E-01	
  5.431104E+02	  6.851700E+03	  8.459018E-01	
  5.432354E+02	  6.800631E+03	  8.174639E-01	
  5.433604E+02	  6.686432E+03	  7.519200E-01	
  5.434854E+02	  6.704569E+03	  7.641583E-01	
  5.436104E+02	  6.803729E+03	  8.240192E-01	
  5.437354E+02	  6.702139E+03	  7.658865E-01	
  5.438604E+02	  6.793464E+03	  8.211426E-01	
  5.439854E+02	  6.676528E+03	  7.539902E-01	
  5.441104E+02	  6.656468E+03	  7.437776E-01	
  5.442354E+02	  6.587836E+03	  7.050167E-01	
  5.443604E+02	  6.730269E+03	  7.903117E-01	
  5.444854E+02	  6.711663E+03	  7.809544E-01	
  5.446104E+02	  6.538700E+03	  6.808707E-01	
  5.447354E+02	  6.666868E+03	  7.577820E-01	
  5.448604E+02	  6.684068E+03	  7.694699E-01	
  5.449854E+02	  6.619963E+03	  7.333695E-01	
  5.451104E+02	  6.583099E+03	  7.132804E-01	
  5.452354E+02	  6.569397E+03	  7.068053E-01	
  5.453604E+02	  6.505702E+03	  6.709453E-01	
  5.454854E+02	  6.524267E+03	  6.834354E-01	
  5.456104E+02	  6.529901E+03	  6.883254E-01	
  5.457354E+02	  6.443964E+03	  6.393932E-01	
  5.458604E+02	  6.501230E+03	  6.746302E-01	
  5.459854E+02	  6.446906E+03	  6.442786E-01	
  5.461104E+02	  6.511633E+03	  6.839015E-01	
  5.462354E+02	  6.467799E+03	  6.597154E-01	
  5.463604E+02	  6.401264E+03	  6.221867E-01	
  5.464854E+02	  6.388666E+03	  6.163605E-01	
  5.466104E+02	  6.330372E+03	  5.836754E-01	
  5.467354E+02	  6.517530E+03	  6.952589E-01	
  5.468604E+02	  6.392736E+03	  6.234877E-01	
  5.469854E+02	  6.529399E+03	  7.053917E-01	
  5.471104E+02	  6.418198E+03	  6.416099E-01	
  5.472354E+02	  6.444836E+03	  6.588451E-01	
  5.473604E+02	  6.534498E+03	  7.131230E-01	
  5.474854E+02	  6.435802E+03	  6.566914E-01	
  5.476104E+02	  6.542396E+03	  7.209224E-01	
  5.477354E+02	  6.496000E+03	  6.952304E-01	
  5.478604E+02	  6.447337E+03	  6.682063E-01	
  5.479854E+02	  6.357931E+03	  6.172347E-01	
  5.481104E+02	  6.406201E+03	  6.471846E-01	
  5.482354E+02	  6.495432E+03	  7.012098E-01	
  5.483604E+02	  6.491534E+03	  7.004969E-01	
  5.484854E+02	  6.518433E+03	  7.178855E-01	
  5.486104E+02	  6.399630E+03	  6.496357E-01	
  5.487354E+02	  6.234136E+03	  5.539420E-01	
  5.488604E+02	  6.309366E+03	  5.997379E-01	
  5.489854E+02	  6.370433E+03	  6.372095E-01	
  5.491104E+02	  6.316167E+03	  6.068917E-01	
  5.492354E+02	  6.347835E+03	  6.270840E-01	
  5.493604E+02	  6.430630E+03	  6.773261E-01	
  5.494854E+02	  6.208200E+03	  5.481677E-01	
  5.496104E+02	  6.346134E+03	  6.308186E-01	
  5.497354E+02	  6.254834E+03	  5.787342E-01	
  5.498604E+02	  6.431936E+03	  6.844063E-01	
  5.499854E+02	  6.367899E+03	  6.483462E-01	
  5.501104E+02	  6.447301E+03	  6.965944E-01	
  5.502354E+02	  6.404332E+03	  6.729168E-01	
  5.503604E+02	  6.342366E+03	  6.380736E-01	
  5.504854E+02	  6.414899E+03	  6.822842E-01	
  5.506104E+02	  6.304032E+03	  6.186987E-01	
  5.507354E+02	  6.401137E+03	  6.773518E-01	
  5.508604E+02	  6.517770E+03	  7.474830E-01	
  5.509854E+02	  6.300294E+03	  6.212370E-01	
  5.511104E+02	  6.158500E+03	  5.394737E-01	
  5.512354E+02	  6.246768E+03	  5.929325E-01	
  5.513604E+02	  6.276729E+03	  6.121211E-01	
  5.514854E+02	  6.176936E+03	  5.550439E-01	
  5.516104E+02	  6.227132E+03	  5.861259E-01	
  5.517354E+02	  6.201800E+03	  5.728149E-01	
  5.518604E+02	  6.313602E+03	  6.401063E-01	
  5.519854E+02	  6.252531E+03	  6.057897E-01	
  5.521104E+02	  6.232168E+03	  5.953993E-01	
  5.522354E+02	  6.259732E+03	  6.131788E-01	
  5.523604E+02	  6.297400E+03	  6.368970E-01	
  5.524854E+02	  6.232567E+03	  6.003684E-01	
  5.526104E+02	  6.262804E+03	  6.197187E-01	
  5.527354E+02	  6.266830E+03	  6.236634E-01	
  5.528604E+02	  6.173299E+03	  5.702679E-01	
  5.529854E+02	  6.181033E+03	  5.763915E-01	
  5.531104E+02	  6.139702E+03	  5.536769E-01	
  5.532354E+02	  6.261232E+03	  6.266864E-01	
  5.533604E+02	  6.269403E+03	  6.330675E-01	
  5.534854E+02	  6.278865E+03	  6.402071E-01	
  5.536104E+02	  6.232959E+03	  6.148036E-01	
  5.537354E+02	  6.131273E+03	  5.566145E-01	
  5.538604E+02	  6.231133E+03	  6.168866E-01	
  5.539854E+02	  6.070763E+03	  5.242051E-01	
  5.541104E+02	  6.087604E+03	  5.356816E-01	
  5.542354E+02	  6.195666E+03	  6.007752E-01	
  5.543604E+02	  6.210767E+03	  6.112294E-01	
  5.544854E+02	  6.284499E+03	  6.561445E-01	
  5.546104E+02	  5.954030E+03	  4.634848E-01	
  5.547354E+02	  6.075936E+03	  5.367150E-01	
  5.548604E+02	  6.080598E+03	  5.410335E-01	
  5.549854E+02	  6.002671E+03	  4.968092E-01	
  5.551104E+02	  6.130068E+03	  5.732672E-01	
  5.552354E+02	  6.195164E+03	  6.131061E-01	
  5.553604E+02	  6.059933E+03	  5.352005E-01	
  5.554854E+02	  5.990365E+03	  4.958892E-01	
  5.556104E+02	  5.963399E+03	  4.816182E-01	
  5.557354E+02	  6.115638E+03	  5.726771E-01	
  5.558604E+02	  6.099834E+03	  5.649665E-01	
  5.559854E+02	  6.076197E+03	  5.526517E-01	
  5.561104E+02	  5.997429E+03	  5.079329E-01	
  5.562354E+02	  5.856835E+03	  4.268751E-01	
  5.563604E+02	  6.013198E+03	  5.203579E-01	
  5.564854E+02	  5.968404E+03	  4.956079E-01	
  5.566104E+02	  6.050764E+03	  5.455945E-01	
  5.567354E+02	  6.054403E+03	  5.493116E-01	
  5.568604E+02	  6.053063E+03	  5.501019E-01	
  5.569854E+02	  5.978101E+03	  5.076204E-01	
  5.571104E+02	  5.924866E+03	  4.779092E-01	
  5.572354E+02	  6.037802E+03	  5.458670E-01	
  5.573604E+02	  5.951734E+03	  4.968578E-01	
  5.574854E+02	  5.948030E+03	  4.962587E-01	
  5.576104E+02	  5.971370E+03	  5.115554E-01	
  5.577354E+02	  5.892263E+03	  4.666373E-01	
  5.578604E+02	  5.793064E+03	  4.099103E-01	
  5.579854E+02	  5.833739E+03	  4.353958E-01	
  5.581104E+02	  5.947899E+03	  5.040731E-01	
  5.582354E+02	  5.956070E+03	  5.104544E-01	
  5.583604E+02	  6.068265E+03	  5.779765E-01	
  5.584854E+02	  5.895328E+03	  4.779088E-01	
  5.586104E+02	  5.810801E+03	  4.298048E-01	
  5.587354E+02	  5.856431E+03	  4.582031E-01	
  5.588604E+02	  5.863938E+03	  4.641938E-01	
  5.589854E+02	  5.915130E+03	  4.958607E-01	
  5.591104E+02	  5.909670E+03	  4.942297E-01	
  5.592354E+02	  5.866532E+03	  4.704532E-01	
  5.593604E+02	  5.825065E+03	  4.476588E-01	
  5.594854E+02	  5.810700E+03	  4.407934E-01	
  5.596104E+02	  5.854969E+03	  4.683917E-01	
  5.597354E+02	  5.985233E+03	  5.465344E-01	
  5.598604E+02	  5.992867E+03	  5.525998E-01	
  5.599854E+02	  5.905468E+03	  5.028078E-01	
  5.601104E+02	  5.716525E+03	  3.933324E-01	
  5.602354E+02	  5.750107E+03	  4.146488E-01	
  5.603604E+02	  5.835695E+03	  4.665326E-01	
  5.604854E+02	  5.810303E+03	  4.531866E-01	
  5.606104E+02	  5.844798E+03	  4.750396E-01	
  5.607354E+02	  5.911967E+03	  5.160977E-01	
  5.608604E+02	  5.735432E+03	  4.139148E-01	
  5.609854E+02	  5.796938E+03	  4.516438E-01	
  5.611104E+02	  5.982832E+03	  5.624841E-01	
  5.612354E+02	  5.791165E+03	  4.514073E-01	
  5.613604E+02	  5.741733E+03	  4.239317E-01	
  5.614854E+02	  5.892100E+03	  5.138901E-01	
  5.616104E+02	  5.834402E+03	  4.815558E-01	
  5.617354E+02	  5.739665E+03	  4.274507E-01	
  5.618604E+02	  5.799766E+03	  4.643543E-01	
  5.619854E+02	  5.801999E+03	  4.672450E-01	
  5.621104E+02	  5.796902E+03	  4.658274E-01	
  5.622354E+02	  5.831500E+03	  4.877415E-01	
  5.623604E+02	  5.881499E+03	  5.187069E-01	
  5.624854E+02	  5.779635E+03	  4.604135E-01	
  5.626104E+02	  5.754599E+03	  4.472762E-01	
  5.627354E+02	  5.771601E+03	  4.588476E-01	
  5.628604E+02	  5.754801E+03	  4.505515E-01	
  5.629854E+02	  5.753930E+03	  4.516178E-01	
  5.631104E+02	  5.731336E+03	  4.399163E-01	
  5.632354E+02	  5.734999E+03	  4.436476E-01	
  5.633604E+02	  5.708200E+03	  4.294745E-01	
  5.634854E+02	  5.818802E+03	  4.960605E-01	
  5.636104E+02	  5.821231E+03	  4.990665E-01	
  5.637354E+02	  5.735702E+03	  4.503737E-01	
  5.638604E+02	  5.713002E+03	  4.386099E-01	
  5.639854E+02	  5.784930E+03	  4.824648E-01	
  5.641104E+02	  5.767703E+03	  4.739177E-01	
  5.642354E+02	  5.870263E+03	  5.357771E-01	
  5.643604E+02	  5.642004E+03	  4.031928E-01	
  5.644854E+02	  5.838834E+03	  5.204612E-01	
  5.646104E+02	  5.866697E+03	  5.384160E-01	
  5.647354E+02	  5.754268E+03	  4.739124E-01	
  5.648604E+02	  5.716532E+03	  4.533111E-01	
  5.649854E+02	  5.754732E+03	  4.773421E-01	
  5.651104E+02	  5.736167E+03	  4.680086E-01	
  5.652354E+02	  5.663835E+03	  4.270727E-01	
  5.653604E+02	  5.761297E+03	  4.859355E-01	
  5.654854E+02	  5.777202E+03	  4.968622E-01	
  5.656104E+02	  5.678165E+03	  4.402296E-01	
  5.657354E+02	  5.737534E+03	  4.767033E-01	
  5.658604E+02	  5.754301E+03	  4.881366E-01	
  5.659854E+02	  5.810266E+03	  5.226089E-01	
  5.661104E+02	  5.681332E+03	  4.484045E-01	
  5.662354E+02	  5.685268E+03	  4.522959E-01	
  5.663604E+02	  5.597531E+03	  4.023059E-01	
  5.664854E+02	  5.588934E+03	  3.988308E-01	
  5.666104E+02	  5.748303E+03	  4.940809E-01	
  5.667354E+02	  5.736565E+03	  4.887599E-01	
  5.668604E+02	  5.648237E+03	  4.384220E-01	
  5.669854E+02	  5.870962E+03	  5.709106E-01	
  5.671104E+02	  5.727300E+03	  4.880493E-01	
  5.672354E+02	  5.621765E+03	  4.275977E-01	
  5.673604E+02	  5.617903E+03	  4.269059E-01	
  5.674854E+02	  5.808100E+03	  5.402754E-01	
  5.676104E+02	  5.876469E+03	  5.820384E-01	
  5.677354E+02	  5.724529E+03	  4.943120E-01	
  5.678604E+02	  5.760135E+03	  5.168179E-01	
  5.679854E+02	  5.675365E+03	  4.685713E-01	
  5.681104E+02	  5.644836E+03	  4.522062E-01	
  5.682354E+02	  5.763201E+03	  5.233551E-01	
  5.683604E+02	  5.757598E+03	  5.216399E-01	
  5.684854E+02	  5.684598E+03	  4.803112E-01	
  5.686104E+02	  5.606834E+03	  4.361830E-01	
  5.687354E+02	  5.707968E+03	  4.972042E-01	
  5.688604E+02	  5.738600E+03	  5.167866E-01	
  5.689854E+02	  5.730195E+03	  5.134250E-01	
  5.691104E+02	  5.540331E+03	  4.034078E-01	
  5.692354E+02	  5.522707E+03	  3.946270E-01	
  5.693604E+02	  5.727801E+03	  5.167525E-01	
  5.694854E+02	  5.702499E+03	  5.034590E-01	
  5.696104E+02	  5.588134E+03	  4.378177E-01	
  5.697354E+02	  5.698235E+03	  5.041096E-01	
  5.698604E+02	  5.675765E+03	  4.924808E-01	
  5.699854E+02	  5.617760E+03	  4.599660E-01	
  5.701104E+02	  5.520271E+03	  4.042432E-01	
  5.702354E+02	  5.674768E+03	  4.966297E-01	
  5.703604E+02	  5.541398E+03	  4.198180E-01	
  5.704854E+02	  5.574802E+03	  4.410296E-01	
  5.706104E+02	  5.598535E+03	  4.565575E-01	
  5.707354E+02	  5.609628E+03	  4.646560E-01	
  5.708604E+02	  5.549938E+03	  4.311506E-01	
  5.709854E+02	  5.643199E+03	  4.875444E-01	
  5.711104E+02	  5.645667E+03	  4.905731E-01	
  5.712354E+02	  5.562096E+03	  4.430314E-01	
  5.713604E+02	  5.535300E+03	  4.288599E-01	
  5.714854E+02	  5.586701E+03	  4.606496E-01	
  5.716104E+02	  5.565099E+03	  4.495312E-01	
  5.717354E+02	  5.621301E+03	  4.841431E-01	
  5.718604E+02	  5.604096E+03	  4.756089E-01	
  5.719854E+02	  5.434870E+03	  3.777220E-01	
  5.721104E+02	  5.573966E+03	  4.610562E-01	
  5.722354E+02	  5.562265E+03	  4.557566E-01	
  5.723604E+02	  5.429635E+03	  3.793800E-01	
  5.724854E+02	  5.508600E+03	  4.273708E-01	
  5.726104E+02	  5.589406E+03	  4.764443E-01	
  5.727354E+02	  5.639861E+03	  5.076784E-01	
  5.728604E+02	  5.569131E+03	  4.676838E-01	
  5.729854E+02	  5.473467E+03	  4.130341E-01	
  5.731104E+02	  5.443835E+03	  3.971961E-01	
  5.732354E+02	  5.533466E+03	  4.514560E-01	
  5.733604E+02	  5.536666E+03	  4.549152E-01	
  5.734854E+02	  5.536632E+03	  4.564736E-01	
  5.736104E+02	  5.423403E+03	  3.914999E-01	
  5.737354E+02	  5.596366E+03	  4.947394E-01	
  5.738604E+02	  5.661837E+03	  5.347996E-01	
  5.739854E+02	  5.538561E+03	  4.639204E-01	
  5.741104E+02	  5.513066E+03	  4.505138E-01	
  5.742354E+02	  5.432337E+03	  4.046422E-01	
  5.743604E+02	  5.494466E+03	  4.427376E-01	
  5.744854E+02	  5.514265E+03	  4.559530E-01	
  5.746104E+02	  5.524401E+03	  4.634893E-01	
  5.747354E+02	  5.505298E+03	  4.538395E-01	
  5.748604E+02	  5.520036E+03	  4.640798E-01	
  5.749854E+02	  5.503663E+03	  4.560349E-01	
  5.751104E+02	  5.390536E+03	  3.911211E-01	
  5.752354E+02	  5.508131E+03	  4.618175E-01	
  5.753604E+02	  5.453470E+03	  4.312678E-01	
  5.754854E+02	  5.479063E+03	  4.478886E-01	
  5.756104E+02	  5.485503E+03	  4.532527E-01	
  5.757354E+02	  5.530331E+03	  4.811790E-01	
  5.758604E+02	  5.426600E+03	  4.217876E-01	
  5.759854E+02	  5.511006E+03	  4.729769E-01	
  5.761104E+02	  5.535860E+03	  4.891638E-01	
  5.762354E+02	  5.422370E+03	  4.240362E-01	
  5.763604E+02	  5.484833E+03	  4.623280E-01	
  5.764854E+02	  5.439732E+03	  4.373980E-01	
  5.766104E+02	  5.382203E+03	  4.051626E-01	
  5.767354E+02	  5.504232E+03	  4.784651E-01	
  5.768604E+02	  5.417430E+03	  4.290244E-01	
  5.769854E+02	  5.351333E+03	  3.917531E-01	
  5.771104E+02	  5.381366E+03	  4.109835E-01	
  5.772354E+02	  5.340502E+03	  3.885438E-01	
  5.773604E+02	  5.468067E+03	  4.651003E-01	
  5.774854E+02	  5.372599E+03	  4.105654E-01	
  5.776104E+02	  5.473272E+03	  4.713162E-01	
  5.777354E+02	  5.569860E+03	  5.296655E-01	
  5.778604E+02	  5.449237E+03	  4.603455E-01	
  5.779854E+02	  5.558665E+03	  5.262418E-01	
  5.781104E+02	  5.421801E+03	  4.473760E-01	
  5.782354E+02	  5.453166E+03	  4.673894E-01	
  5.783604E+02	  5.380996E+03	  4.265491E-01	
  5.784854E+02	  5.342937E+03	  4.057573E-01	
  5.786104E+02	  5.416400E+03	  4.505151E-01	
  5.787354E+02	  5.427701E+03	  4.587353E-01	
  5.788604E+02	  5.403098E+03	  4.458530E-01	
  5.789854E+02	  5.415102E+03	  4.544868E-01	
  5.791104E+02	  5.426331E+03	  4.626651E-01	
  5.792354E+02	  5.330570E+03	  4.079583E-01	
  5.793604E+02	  5.439296E+03	  4.734422E-01	
  5.794854E+02	  5.252665E+03	  3.653251E-01	
  5.796104E+02	  5.331468E+03	  4.132209E-01	
  5.797354E+02	  5.310269E+03	  4.023391E-01	
  5.798604E+02	  5.384800E+03	  4.477241E-01	
  5.799854E+02	  5.358200E+03	  4.336682E-01	
  5.801104E+02	  5.317999E+03	  4.116176E-01	
  5.802354E+02	  5.312601E+03	  4.100228E-01	
  5.803604E+02	  5.329899E+03	  4.217685E-01	
  5.804854E+02	  5.334868E+03	  4.262675E-01	
  5.806104E+02	  5.422336E+03	  4.792563E-01	
  5.807354E+02	  5.436934E+03	  4.894145E-01	
  5.808604E+02	  5.432960E+03	  4.886575E-01	
  5.809854E+02	  5.336235E+03	  4.333839E-01	
  5.811104E+02	  5.237235E+03	  3.767735E-01	
  5.812354E+02	  5.372603E+03	  4.579161E-01	
  5.813604E+02	  5.340564E+03	  4.406632E-01	