# XDI/1.0 Athena/0.9.24
# Element.edge:                  L3
# Element.symbol:                Sc
# Column.1:                      energy eV
# Column.2:                      norm
# Column.3:                      nbkg
# Column.4:                      flat
# Column.5:                      fbkg
# Column.6:                      nder
# Column.7:                      nsec
# Athena.e0:                     399.5223
# Athena.eshift:                 0
# Athena.rbkg:                   1.0
# Athena.importance:             1
# Athena.standard:               None
# Athena.bkg_kweight:            2
# Athena.edge_step:              5574.9032891
# Athena.fixed_step:             no
# Athena.pre_edge_range:         -6.740 -1.366
# Athena.pre_edge_line:          33532.347766 - 63.2795 * E
# Athena.normalization_range:    21.585 36.452
# Athena.post_edge_polynomial:   65362.721589 - 128.997 * E + 0 * E^2 + 0 * E^3
# Athena.spline_range_energy:    0.000 36.520
# Athena.clamps:                 0 24
# Athena.spline_range_k:         0.000 3.096
# Athena.kweight:                2
# Athena.window:                 hanning
# Athena.phase_correction:       no
# Athena.k_range:                1.096 3.000
# Athena.dk:                     1
# Athena.r_range:                1 3
# Athena.dr:                     0.0
# Athena.window:                 hanning
# Athena.plot_multiplier:        1
# Athena.y_offset:               0
# ///
#------------------------
#   e         norm        flat        fbkg        nder        nsec
  392.78220       0.20957642E-01   0.20957642E-01   -1.5564222      -0.21008908       0.38553436
  392.89450      -0.26353615E-02  -0.26353615E-02   -1.5551476      -0.16679357       0.99534983
  393.00690      -0.16520873E-01  -0.16520873E-01   -1.5538717       0.13566026E-01    1.3248477
  393.11920       0.41292453E-03   0.41292453E-03   -1.5525970       0.13089971       0.12957429
  393.23150       0.12879201E-01   0.12879201E-01   -1.5513223       0.42668413E-01  -0.89438681
  393.34390       0.10000517E-01   0.10000517E-01   -1.5500465      -0.70069009E-01  -0.77323944
  393.45620      -0.28653053E-02  -0.28653053E-02   -1.5487718      -0.13107849       0.42207611
  393.56850      -0.19439712E-01  -0.19439712E-01   -1.5474971       0.24729285E-01   0.74952883
  393.68090       0.26913651E-02   0.26913651E-02   -1.5462213       0.37340639E-01  -0.33914992
  393.79320      -0.11049270E-01  -0.11049270E-01   -1.5449466      -0.51477701E-01   0.33255128
  393.90550      -0.88705266E-02  -0.88705266E-02   -1.5436719       0.11203166       0.31909502
  394.01790       0.14124242E-01   0.14124242E-01   -1.5423961       0.20222949E-01  -0.55165003
  394.13020      -0.43264299E-02  -0.43264299E-02   -1.5411214      -0.11924107E-01   0.14853770
  394.24260       0.11444896E-01   0.11444896E-01   -1.5398456       0.53599370E-01   0.34519388
  394.35490       0.77173485E-02   0.77173485E-02   -1.5385709       0.65640958E-01  -0.82709175
  394.46720       0.26187855E-01   0.26187855E-01   -1.5372962      -0.13216544       -1.2045489
  394.57960      -0.21980225E-01  -0.21980225E-01   -1.5360204      -0.20502119        1.4012548
  394.69190      -0.19880406E-01  -0.19880406E-01   -1.5347457       0.18269653        1.5792809
  394.80420       0.19053415E-01   0.19053415E-01   -1.5334710       0.14968530       -1.6936940
  394.91660       0.13753881E-01   0.13753881E-01   -1.5321951      -0.19787651       -1.1691609
  395.02890      -0.25409438E-01  -0.25409438E-01   -1.5309205      -0.11302516        1.5901001
  395.14120      -0.11631569E-01  -0.11631569E-01   -1.5296458       0.15925997        1.2667958
  395.25360       0.10376277E-01   0.10376277E-01   -1.5283699       0.17162385       -1.0906993
  395.36590       0.26932311E-01   0.26932311E-01   -1.5270952      -0.85820166E-01   -1.3376406
  395.47820      -0.88989319E-02  -0.88989319E-02   -1.5258206      -0.12881023       0.67836776
  395.59060      -0.20113481E-02  -0.20113481E-02   -1.5245447       0.66609069E-01   0.51350198
  395.70290       0.60681259E-02   0.60681259E-02   -1.5232700      -0.13426336E-01  -0.58217443
  395.81520      -0.50269032E-02  -0.50269032E-02   -1.5219953      -0.64147309E-01  -0.80991190E-01
  395.92760      -0.83457744E-02  -0.83457744E-02   -1.5207195      -0.31625057E-01   0.48905175
  396.03990      -0.12133053E-01  -0.12133053E-01   -1.5194448       0.45742620E-01   0.46939831
  396.15230       0.19325922E-02   0.19325922E-02   -1.5181690       0.73848743E-01  -0.73917638
  396.26460       0.44607591E-02   0.44607591E-02   -1.5168943      -0.12035031      -0.42699521
  396.37690      -0.25098088E-01  -0.25098088E-01   -1.5156196      -0.22054382E-01    1.0068356
  396.48930      -0.49486053E-03  -0.49486053E-03   -1.5143438       0.10588564       0.80484123E-01
  396.60160      -0.13055856E-02  -0.13055856E-02   -1.5130691      -0.39695996E-02  -0.21263392
  396.71390      -0.13864326E-02  -0.13864326E-02   -1.5117944       0.58128058E-01   0.24015622
  396.82630       0.11755789E-01   0.11755789E-01   -1.5105186       0.49993503E-01  -0.81901973
  396.93860       0.98471075E-02   0.98471075E-02   -1.5092439      -0.12590568      -0.41057806
  397.05090      -0.16522626E-01  -0.16522626E-01   -1.5079692      -0.42222329E-01   0.38038056
  397.16330       0.35975010E-03   0.35975010E-03   -1.5066934      -0.40434164E-01   0.40006146
  397.27560      -0.25608183E-01  -0.25608183E-01   -1.5054187       0.47671482E-01   0.15568037
  397.38790       0.11066765E-01   0.11066765E-01   -1.5041440      -0.54683526E-02  -0.15024031
  397.50030      -0.26836922E-01  -0.26836922E-01   -1.5028681       0.13912483E-01   0.91023533
  397.61260       0.14192900E-01   0.14192900E-01   -1.5015935       0.19906153      -0.31372433
  397.72490       0.17872297E-01   0.17872297E-01   -1.5003188      -0.56550002E-01   -1.2176668
  397.83730       0.14861143E-02   0.14861143E-02   -1.4990429      -0.74548203E-01   0.99325925E-01
  397.94960       0.11213162E-02   0.11213162E-02   -1.4977682      -0.34231467E-01   0.85992704
  398.06200      -0.62056963E-02  -0.62056963E-02   -1.4964924       0.11867740       0.46407895
  398.17430       0.27788129E-01   0.27788129E-01   -1.4952177       0.70047074E-01  -0.32221192
  398.28660       0.95268765E-02   0.95268765E-02   -1.4939430       0.46308606E-01  -0.16944781
  398.39900       0.38193672E-01   0.38193672E-01   -1.4926672       0.31972152E-01  -0.22080699
  398.51130       0.16711019E-01   0.16711019E-01   -1.4913925      -0.33067256E-02   0.48201524
  398.62360       0.37450982E-01   0.37450982E-01   -1.4901178       0.14023277       0.74473188
  398.73600       0.48221324E-01   0.48221324E-01   -1.4888420       0.16403453        1.1591520
  398.84830       0.74309540E-01   0.74309540E-01   -1.4875673       0.40069423        2.0741981
  398.96060       0.13821725       0.13821725       -1.4862926       0.62989943        3.2707139
  399.07300       0.21584794       0.21584794       -1.4850168        1.1356236        4.9539521
  399.18530       0.39339188       0.39339188       -1.4837421        1.7430525        4.6078028
  399.29760       0.60733753       0.60733753       -1.4824674        2.1705362        5.2401037
  399.41000       0.88111135       0.88111135       -1.4811916        2.9205038        4.9247321
  399.52230        1.2635747        1.2635747       -1.4799169        3.2771235       -1.6859302
  399.63460        1.6171533        1.6184771       -1.4773184        2.5418438       -9.0502858
  399.74700        1.8347270        1.8373758       -1.4747176        1.2435242       -11.064674
  399.85930        1.8965732        1.9005457       -1.4721191       0.55611594E-01   -10.962136
  399.97160        1.8472174        1.8525138       -1.4695206       -1.2185715       -10.529282
  400.08400        1.6227602        1.6293815       -1.4669198       -2.3103181       -5.9264800
  400.19630        1.3280889        1.3360340       -1.4643213       -2.5502516       0.19109884
  400.30870        1.0497186        1.0589887       -1.4617205       -2.2673782        2.6966279
  400.42100       0.81860902       0.82920293       -1.4591220       -1.9443193        5.0309203
  400.53330       0.61302452       0.62494223       -1.4565235       -1.1374335        6.9289417
  400.64570       0.56302771       0.57627039       -1.4539227      -0.38738609        4.5949881
  400.75800       0.52597887       0.54054535       -1.4513242      -0.10493969        3.2491316
  400.87030       0.53945826       0.55534853       -1.4487258       0.34236887        3.3149195
  400.98270       0.60290915       0.62012440       -1.4461250       0.63992273       0.79048473
  401.09500       0.68324890       0.70178794       -1.4435265       0.51999079       -1.9881138
  401.20730       0.71969909       0.73956193       -1.4409280       0.19339237       -1.7731570
  401.31970       0.72670416       0.74789198       -1.4383272       0.12156242       0.62399209
  401.43200       0.74701416       0.76952577       -1.4357287       0.33360339        3.0450101
  401.54430       0.80163148       0.82546689       -1.4331302       0.80547169        4.3418068
  401.65670       0.92800365       0.95316403       -1.4305294        1.3092074        3.6337127
  401.76900        1.0958104        1.1222946       -1.4279309        1.6219669        3.0596893
  401.88130        1.2922974        1.3201054       -1.4253324        1.9964136        1.5374668
  401.99370        1.5444045        1.5735375       -1.4227316        1.9674357       -3.1185811
  402.10600        1.7343802        1.7648370       -1.4201331        1.2956684       -6.2484242
  402.21840        1.8355412        1.8673229       -1.4175323       0.56341481       -7.1392536
  402.33070        1.8609795        1.8940851       -1.4149338      -0.30852188       -6.5088549
  402.44300        1.7662472        1.8006765       -1.4123353      -0.89847400       -4.6415514
  402.55540        1.6590924        1.6948467       -1.4097345       -1.3514785       -4.2870027
  402.66770        1.4625700        1.4996481       -1.4071361       -1.8617635       -2.7701588
  402.78000        1.2409404        1.2793422       -1.4045376       -1.9736561       0.18695728
  402.89240        1.0190894        1.0588163       -1.4019368       -1.8197542        1.4220025
  403.00470       0.83204158       0.87309224       -1.3993383       -1.6541322        2.1525341
  403.11700       0.64757135       0.68994580       -1.3967398       -1.3362950        2.4289643
  403.22940       0.53177608       0.57547551       -1.3941390       -1.1083439        2.6262064
  403.34170       0.39852647       0.44354969       -1.3915405      -0.74618645        4.3629317
  403.45400       0.36418261       0.41052963       -1.3889420      -0.12842945        3.8598567
  403.56640       0.36966837       0.41734037       -1.3863412       0.12112336       0.92923448
  403.67870       0.39139903       0.44039482       -1.3837427       0.80369540E-01   0.10552614
  403.79100       0.38771937       0.43803896       -1.3811442       0.14482453       0.51482477
  403.90340       0.42394110       0.47558566       -1.3785434       0.19605067        1.4417500
  404.01570       0.43177196       0.48474032       -1.3759449       0.46878575        1.4644872
  404.12810       0.52927726       0.58357059       -1.3733441       0.52512094       -1.0526845
  404.24040       0.54976663       0.60538376       -1.3707456       0.23224756      -0.41926113
  404.35270       0.58144006       0.63838099       -1.3681472       0.43095489        1.2781022
  404.46510       0.64660219       0.70486810       -1.3655464       0.51943713      -0.15029593
  404.57740       0.69815758       0.75774728       -1.3629479       0.39718339       -1.3325296
  404.68970       0.73580958       0.79672308       -1.3603494       0.22015098      -0.94130160
  404.80210       0.74762551       0.80986398       -1.3577486       0.18567292      -0.41657267
  404.91440       0.77753029       0.84109256       -1.3551501       0.12654710      -0.17092462
  405.02670       0.77604798       0.84093405       -1.3525516       0.14728325        1.3557601
  405.13910       0.81062484       0.87683588       -1.3499508       0.43118639        1.3879256
  405.25140       0.87293557       0.94047040       -1.3473523       0.45915013       -1.1603965
  405.36370       0.91374996       0.98260859       -1.3447538       0.17056133       -1.6991051
  405.47610       0.91126070       0.98144430       -1.3421530       0.77361210E-01   0.65216772
  405.58840       0.93113302        1.0026404       -1.3395545       0.31710342       0.97276686
  405.70070       0.98248213        1.0553133       -1.3369560       0.29584465      -0.19362286
  405.81310       0.99760931        1.0717655       -1.3343552       0.27359636      -0.98054064E-01
  405.92540        1.0439592        1.1194392       -1.3317567       0.27381190      -0.18790143
  406.03780        1.0591348        1.1359398       -1.3291559       0.23137491       0.62755243E-01
  406.15010        1.0959492        1.1740779       -1.3265575       0.28791300      -0.13332049
  406.26240        1.1238001        1.2032526       -1.3239590       0.20143113      -0.34487384
  406.37480        1.1412107        1.2219883       -1.3213582       0.21041985       0.23574008
  406.48710        1.1710814        1.2531828       -1.3187597       0.25440192       0.68504909
  406.59940        1.1983494        1.2817745       -1.3161612       0.36428188       0.83187683
  406.71180        1.2529356        1.3376857       -1.3135604       0.44132465      -0.88079401
  406.82410        1.2975151        1.3835889       -1.3109619       0.16636746       -2.6094705
  406.93640        1.2903017        1.3776994       -1.3083634      -0.14476242       -1.1450172
  407.04880        1.2649869        1.3537096       -1.3057626      -0.90917896E-01   0.51061630
  407.16110        1.2698725        1.3599189       -1.3031641      -0.30026938E-01   0.19854126
  407.27340        1.2582429        1.3496131       -1.3005656      -0.46325530E-01  -0.10720909
  407.38580        1.2594631        1.3521583       -1.2979648      -0.54116820E-01  -0.35387031
  407.49810        1.2460828        1.3401019       -1.2953663      -0.12584019      -0.80863089
  407.61040        1.2311994        1.3265422       -1.2927678      -0.23573532        1.1368107
  407.72280        1.1931131        1.2897809       -1.2901670       0.12960118        1.7758256
  407.83510        1.2603208        1.3583124       -1.2875686       0.16329268       -2.1215409
  407.94740        1.2297887        1.3291040       -1.2849701      -0.34689692      -0.95554647
  408.05980        1.1823731        1.2830134       -1.2823693      -0.51418607E-01    1.6931024
  408.17210        1.2182349        1.3201991       -1.2797708       0.33543183E-01  -0.48209915
  408.28450        1.1899102        1.2931993       -1.2771700      -0.15974629      -0.65571797
  408.39680        1.1823399        1.2869528       -1.2745715      -0.11379664       0.65131911
  408.50910        1.1643515        1.2702882       -1.2719730      -0.13460014E-01    1.1760795
  408.62150        1.1793154        1.2865771       -1.2693722       0.15046842      -0.31076303
  408.73380        1.1981617        1.3067472       -1.2667737      -0.83288467E-01   -2.0511309
  408.84610        1.1606089        1.2705181       -1.2641752      -0.31021559       0.34593460
  408.95850        1.1284563        1.2396906       -1.2615744      -0.55569626E-02    1.3338117
  409.07080        1.1593602        1.2719183       -1.2589759      -0.10508093E-01  -0.52681320
  409.18310        1.1260962        1.2399780       -1.2563774      -0.12387921       0.54179200
  409.29550        1.1315245        1.2467314       -1.2537766       0.11123257       0.61632598
  409.40780        1.1510901        1.2676208       -1.2511781       0.14609242E-01   -1.1267732
  409.52010        1.1348058        1.2526602       -1.2485797      -0.14184069       0.60495746E-01
  409.63250        1.1192185        1.2383979       -1.2459789       0.28202636E-01    1.4628453
  409.74480        1.1411429        1.2616461       -1.2433804       0.18686065       0.37426413E-01
  409.85710        1.1611874        1.2830144       -1.2407819       0.36608609E-01  -0.51072612
  409.96950        1.1493689        1.2725208       -1.2381811       0.72100492E-01   0.43108261
  410.08180        1.1773884        1.3018642       -1.2355826       0.13347287       0.48103334E-01
  410.19420        1.1793602        1.3051610       -1.2329818       0.82909311E-01   0.60599541
  410.30650        1.1960181        1.3231427       -1.2303833       0.26964004       0.47900833
  410.41880        1.2399214        1.3683697       -1.2277848       0.19049458      -0.76963201
  410.53120        1.2388223        1.3685956       -1.2251840       0.96703728E-01  -0.23422654
  410.64350        1.2616507        1.3927478       -1.2225855       0.13786388      -0.14970565
  410.75580        1.2697865        1.4022074       -1.2199870       0.63079838E-01  -0.13646046
  410.86820        1.2758247        1.4095706       -1.2173862       0.10720121       0.24509800
  410.98050        1.2938746        1.4289443       -1.2147877       0.11815336      -0.45789599
  411.09280        1.3023620        1.4387555       -1.2121892       0.43577741E-02   -1.0962144
  411.20520        1.2948538        1.4325722       -1.2095884      -0.12816601       0.44970733
  411.31750        1.2735631        1.4126053       -1.2069900       0.10540701       0.43298060
  411.42980        1.3185282        1.4588943       -1.2043915      -0.30918572E-01   -1.6655067
  411.54220        1.2666157        1.4083067       -1.2017907      -0.26883234        1.0520143
  411.65450        1.2581216        1.4011364       -1.1991922       0.20546904       0.93839712
  411.76680        1.3127640        1.4571026       -1.1965937      -0.58068346E-01   -1.7999963
  411.87920        1.2450736        1.3907372       -1.1939929      -0.19899012        1.1771106
  411.99150        1.2680509        1.4150383       -1.1913944       0.20642841       0.77967192
  412.10390        1.2914581        1.4397705       -1.1887936      -0.23797843E-01   -1.8792866
  412.21620        1.2627036        1.4123397       -1.1861951      -0.21584730       0.90665753
  412.32850        1.2429788        1.3939387       -1.1835966       0.17983744        1.1008582
  412.44090        1.3031130        1.4553980       -1.1809958       0.31515531E-01   -2.6303200
  412.55320        1.2500603        1.4036691       -1.1783973      -0.41119548      -0.13083250
  412.66550        1.2107585        1.3656911       -1.1757988       0.21305507E-02    2.1316299
  412.77790        1.2505391        1.4067966       -1.1731980       0.67781754E-01  -0.22112911
  412.89020        1.2259891        1.3835704       -1.1705995      -0.47557161E-01  -0.95129910
  413.00250        1.2398577        1.3987628       -1.1680011      -0.14588002      -0.74516527
  413.11490        1.1932099        1.3534399       -1.1654003      -0.21499580       0.81208686
  413.22720        1.1915482        1.3531020       -1.1628018       0.36595895E-01    1.4120030
  413.33950        1.2014293        1.3643069       -1.1602033       0.10214007      -0.55682656
  413.45190        1.2144991        1.3787017       -1.1576025      -0.88523032E-01   -1.4954194
  413.56420        1.1815382        1.3470646       -1.1550040      -0.23388067       0.49368745E-01
  413.67650        1.1619695        1.3288197       -1.1524055      -0.77434812E-01    1.4836600
  413.78890        1.1641386        1.3323138       -1.1498047       0.99497736E-01   0.88455178
  413.90120        1.1843266        1.3538256       -1.1472062       0.12132397      -0.36054467
  414.01350        1.1913879        1.3622107       -1.1446077       0.18519403E-01   -1.2807115
  414.12590        1.1884879        1.3606357       -1.1420069      -0.16645190      -0.60747335
  414.23820        1.1539862        1.3274577       -1.1394084      -0.11797986        1.3668239
  414.35060        1.1619778        1.3367744       -1.1368076       0.14067343       0.65084959
  414.46290        1.1855955        1.3617158       -1.1342091       0.28266044E-01  -0.98950745
  414.57520        1.1683264        1.3457705       -1.1316106      -0.81569944E-01  -0.71302155
  414.68760        1.1672667        1.3460358       -1.1290098      -0.13194990      -0.89986973E-02
  414.79990        1.1386772        1.3187701       -1.1264114      -0.83591951E-01   0.29507510
  414.91220        1.1484920        1.3299087       -1.1238129      -0.65676030E-01  -0.57294377E-01
  415.02460        1.1239198        1.3066615       -1.1212121      -0.96465998E-01    1.1998384
  415.13690        1.1268161        1.3108815       -1.1186136       0.20392766       0.56057872
  415.24920        1.1697220        1.3551112       -1.1160151       0.29439982E-01   -2.3381893
  415.36160        1.1334312        1.3201455       -1.1134143      -0.32146346      -0.69318805
  415.47390        1.0974892        1.2855272       -1.1108158      -0.12631937        1.4068137
  415.58620        1.1050599        1.2944217       -1.1082173      -0.54930995E-02   0.47984941
  415.69860        1.0962549        1.2869417       -1.1056165      -0.18497211E-01  -0.81882947
  415.81090        1.1009036        1.2929142       -1.1030180      -0.18948408      -0.52834153
  415.92320        1.0536967        1.2470311       -1.1004195      -0.13716272        1.5302188
  416.03560        1.0700831        1.2647425       -1.0978187       0.15435609       0.84028070
  416.14790        1.0883805        1.2843637       -1.0952202       0.51648354E-01   -1.2192454
  416.26030        1.0816885        1.2789967       -1.0926194      -0.11960837      -0.70007487
  416.37260        1.0615045        1.2601365       -1.0900209      -0.10565847      -0.52439630
  416.48490        1.0579576        1.2579134       -1.0874225      -0.23738777      -0.10497357E-01
  416.59730        1.0081635        1.2094442       -1.0848216      -0.10801722        1.2027681
  416.70960        1.0336862        1.2362907       -1.0822232       0.32874217E-01  -0.21250952
  416.82190        1.0155471        1.2194754       -1.0796247      -0.15574686       0.38717148E-01
  416.93430       0.99868983        1.2039431       -1.0770239       0.41573960E-01  -0.14353245
  417.04660        1.0248887        1.2314658       -1.0744254      -0.18799860       -1.8928240
  417.15890       0.95646535        1.1643662       -1.0718269      -0.38355430       0.47773338
  417.27130       0.93870407        1.1479299       -1.0692261      -0.80651913E-01    2.0892321
  417.38360       0.93834286        1.1488925       -1.0666276       0.85896152E-01   0.68302316
  417.49590       0.95799635        1.1698698       -1.0640291       0.72755088E-01  -0.60424594
  417.60830       0.95469093        1.1678893       -1.0614283      -0.49877911E-01   -1.2081864
  417.72060       0.94678878        1.1613110       -1.0588298      -0.19872438       0.17501202
  417.83290       0.91005743        1.1259034       -1.0562313      -0.10570211E-01    1.5152448
  417.94530       0.94441365        1.1615846       -1.0536305       0.14175112       -1.2764081
  418.05760       0.94190891        1.1604037       -1.0510320      -0.29737912       -1.2618776
  418.17000       0.87759257        1.0974123       -1.0484312      -0.14179279        2.2852429
  418.28230       0.91004807        1.1311916       -1.0458328       0.21611496       0.98371400
  418.39460       0.92613199        1.1485993       -1.0432343       0.79149375E-01   -1.1575856
  418.50700       0.92783293        1.1516253       -1.0406335      -0.43994529E-01   -1.3876996
  418.61930       0.91624642        1.1413625       -1.0380350      -0.23266673      -0.85366343
  418.73160       0.87557599        1.1020159       -1.0354365      -0.23572734       0.37113477
  418.84400       0.86327848        1.0910434       -1.0328357      -0.14927275        1.0736449
  418.95630       0.84203440        1.0711231       -1.0302372       0.55206800E-02   0.55602926
  419.06860       0.86451843        1.0949309       -1.0276387      -0.24388576E-01  -0.61023555E-01
  419.18100       0.83655429        1.0682917       -1.0250379      -0.81913129E-02   0.81108602E-01
  419.29330       0.86267784        1.0957391       -1.0224394      -0.61634731E-02  -0.78591914
  419.40560       0.83516997        1.0695550       -1.0198409      -0.18470875       0.53620568
  419.51800       0.82117378        1.0568838       -1.0172401       0.11432194        1.1659792
  419.63030       0.86085811        1.0978919       -1.0146416       0.77286776E-01  -0.97802717
  419.74260       0.83853239        1.0768900       -1.0120431      -0.10534296      -0.86816069E-01
  419.85500       0.83718755        1.0768701       -1.0094423       0.57779206E-01   0.51251012
  419.96730       0.85151538        1.0925218       -1.0068439       0.98180639E-02  -0.83651485
  420.07970       0.83939367        1.0817250       -1.0042430      -0.13018568      -0.28764973
  420.19200       0.82226266        1.0659178       -1.0016446      -0.54816829E-01   0.36939479
  420.30430       0.82708181        1.0720608      -0.99904607      -0.47219612E-01   0.13371195
  420.41670       0.81165241        1.0579563      -0.99644527      -0.24771754E-01   0.34582058
  420.52900       0.82151559        1.0691433      -0.99384678       0.30486273E-01  -0.96235286
  420.64130       0.81849963        1.0674512      -0.99124829      -0.24091621      -0.54430901
  420.75370       0.76738172        1.0176582      -0.98864749      -0.91819962E-01    1.5386036
  420.86600       0.79786768        1.0494680      -0.98604900       0.10480803       0.55197740
  420.97830       0.79092161        1.0438457      -0.98345051       0.32154162E-01  -0.76994117E-01
  421.09070       0.80509272        1.0593418      -0.98084971       0.87507450E-01  -0.69325376
  421.20300       0.81058453        1.0661574      -0.97825122      -0.12361996      -0.91767575
  421.31530       0.77732768        1.0342243      -0.97565273      -0.11860252       0.10588860
  421.42770       0.78393454        1.0421562      -0.97305193      -0.99826790E-01  -0.67184313E-01
  421.54000       0.75489660        1.0144420      -0.97045344      -0.13369884       0.85810626
  421.65230       0.75390578        1.0147750      -0.96785495       0.92903877E-01   0.70332782
  421.76470       0.77577210        1.0379663      -0.96525415       0.24338922E-01   -1.2127670
  421.87700       0.75937474        1.0228927      -0.96265566      -0.17960486      -0.51682571
  421.98930       0.73543285        1.0002746      -0.96005717      -0.91740133E-01   0.55132836
  422.10170       0.73876073        1.0049275      -0.95745637      -0.55721379E-01   0.75906635
  422.21400       0.72291226       0.99040283      -0.95485788       0.78822077E-01    1.1706447
  422.32640       0.75647205        1.0252876      -0.95225708       0.20732249      -0.99164849
  422.43870       0.76949762        1.0396370      -0.94965859      -0.14400134       -1.4099770
  422.55100       0.72412935       0.99559249      -0.94706010      -0.10935835        1.4506907
  422.66340       0.74492480        1.0177129      -0.94445930       0.18196887       0.30404147
  422.77570       0.76501776        1.0391297      -0.94186081      -0.41040231E-01   -1.2917977
  422.88800       0.73570716        1.0111429      -0.93926232      -0.10816890      -0.46153193
  423.00040       0.74071220        1.0174729      -0.93666152      -0.14474645       0.15387612
  423.11270       0.70318264       0.98126711      -0.93406303      -0.73592936E-01   0.61716262
  423.22500       0.72418323        1.0035915      -0.93146454      -0.61317299E-02  -0.19675701
  423.33740       0.70180484       0.98253809      -0.92886374      -0.11780424       0.13932810
  423.44970       0.69771262       0.97976967      -0.92626525       0.25175294E-01   0.32322488
  423.56200       0.70745921       0.99084005      -0.92366676      -0.45207927E-01  -0.77667952
  423.67440       0.68755440       0.97226022      -0.92106596      -0.14934459       0.70960362
  423.78670       0.67390148       0.95993109      -0.91846747       0.11424001        1.0254766
  423.89900       0.71321270        1.0005661      -0.91586898       0.80977454E-01  -0.53673004
  424.01140       0.69209711       0.98077550      -0.91326818      -0.63632334E-02   0.55517785
  424.12370       0.71178289        1.0017851      -0.91066969       0.20572592       0.40063612
  424.23610       0.73832372        1.0296509      -0.90806889       0.83659702E-01   -1.9796960
  424.34840       0.73058122        1.0232322      -0.90547040      -0.23911178       -1.7791941
  424.46070       0.68461922       0.97859397      -0.90287191      -0.31594729       0.95318367
  424.57310       0.65958786       0.95488759      -0.90027111      -0.24931412E-01    2.5043621
  424.68540       0.67901713       0.97564065      -0.89767262       0.24678287       0.92553068E-01
  424.79770       0.71501530        1.0129626      -0.89507413      -0.41439928E-02   -1.4667653
  424.91010       0.67808598       0.97735827      -0.89247333      -0.82799307E-01   0.13670188
  425.02240       0.69641029       0.99700638      -0.88987484       0.26572920E-01  -0.11952994
  425.13470       0.68405425       0.98597414      -0.88727635      -0.10964573       0.10075948
  425.24710       0.67177289       0.97501776      -0.88467555       0.49213576E-01    1.1467217
  425.35940       0.69511254       0.99968120      -0.88207706       0.14802262       0.29766972
  425.47170       0.70501878        1.0109112      -0.87947857       0.11607019      -0.16369413
  425.58410       0.72119352        1.0284109      -0.87687777       0.11124055       -1.5674723
  425.69640       0.73001453        1.0385558      -0.87427928      -0.23614083       -1.1929891
  425.80870       0.66815629       0.97802131      -0.87168079      -0.15670481        1.2083670
  425.92110       0.69480296        1.0059930      -0.86907999       0.35379245E-01  -0.45051579
  426.03340       0.67610600       0.98861980      -0.86648150      -0.25793571      -0.53627757
  426.14580       0.63684480       0.95068357      -0.86388070      -0.85122325E-01    1.3574090
  426.25810       0.65697902       0.97214158      -0.86128221       0.47074096E-01   0.55826845
  426.37040       0.64741765       0.96390401      -0.85868372       0.40264767E-01  -0.15240712E-01
  426.48280       0.66602651       0.98383785      -0.85608292       0.43649508E-01  -0.59951172
  426.59510       0.65722569       0.97636082      -0.85348443      -0.94445515E-01  -0.66141322
  426.70740       0.64481405       0.96527298      -0.85088594      -0.10490390        1.1183101
  426.81980       0.63365378       0.95543769      -0.84828514       0.15683876        1.9680151
  426.93210       0.68005572        1.0031634      -0.84568665       0.33730910       -1.1474235
  427.04440       0.70941341        1.0338449      -0.84308816      -0.10087255       -2.0157632
  427.15680       0.65738965       0.98314613      -0.84048736      -0.11563289       0.83392815
  427.26910       0.68343070        1.0105110      -0.83788887       0.86511108E-01   0.47673360
  427.38140       0.67682005        1.0052241      -0.83529038      -0.85585254E-02   -1.4948552
  427.49380       0.68150760        1.0112366      -0.83268958      -0.24938285      -0.75816423
  427.60610       0.62078372       0.95183656      -0.83009109      -0.17891803        1.7285529
  427.71840       0.64132261       0.97369924      -0.82749260       0.13885014        1.4029408
  427.83080       0.65198335       0.98568496      -0.82489180       0.13632276      -0.37664129
  427.94310       0.67195433        1.0069797      -0.82229331       0.54218841E-01   -1.7922791
  428.05550       0.66416632        1.0005167      -0.81969251      -0.26640235      -0.87726411
  428.16780       0.61209372       0.94976790      -0.81709402      -0.14290241        2.1065490
  428.28010       0.63207044       0.97106842      -0.81449553       0.20672857       0.86818346
  428.39250       0.65854563       0.99886858      -0.81189473       0.52178417E-01  -0.74361300
  428.50480       0.64379493       0.98544168      -0.80929624       0.39638726E-01   0.16228775E-01
  428.61710       0.66744849        1.0104190      -0.80669775       0.55823400E-01  -0.51121613
  428.72950       0.65633845        1.0006340      -0.80409695      -0.75231537E-01   -1.0498703
  428.84180       0.65054396       0.99616328      -0.80149846      -0.18008245       0.33666001
  428.95410       0.61589193       0.96283504      -0.79889997       0.38230000E-03    1.6407455
  429.06650       0.65062987       0.99889795      -0.79629917       0.18859306       0.42250932
  429.17880       0.65826879        1.0078607      -0.79370068       0.95320145E-01   -1.4030284
  429.29110       0.67203877        1.0229544      -0.79110219      -0.12652713       -1.6217354
  429.40350       0.62983815       0.98207880      -0.78850139      -0.26908380        1.0360262
  429.51580       0.61157564       0.96514009      -0.78590290       0.10626795        1.5848113
  429.62810       0.65370593        1.0085942      -0.78330441       0.86864828E-01   -1.1852815
  429.74050       0.63109417       0.98730739      -0.78070361      -0.16006480      -0.84574773
  429.85280       0.61773937       0.97527639      -0.77810512      -0.10317469       0.88822866
  429.96510       0.60792113       0.96678195      -0.77550663       0.39431355E-01    1.0398770
  430.07750       0.62659959       0.98678538      -0.77290583       0.13048568      -0.14747544
  430.18980       0.63724126       0.99875085      -0.77030734       0.62936225E-02  -0.98687863
  430.30220       0.62801377       0.99084833      -0.76770654      -0.91265950E-01   0.27360798
  430.41450       0.61673381       0.98089216      -0.76510805       0.67773336E-01    1.5052100
  430.52680       0.64323566        1.0087178      -0.76250956       0.24680422      -0.56247668
  430.63920       0.67219071        1.0389978      -0.75990876      -0.58615173E-01   -2.4207238
  430.75150       0.63006483       0.99819576      -0.75731027      -0.29713243       0.67431165
  430.86380       0.60545477       0.97490949      -0.75471178       0.92835224E-01    1.9780843
  430.97620       0.65092491        1.0217046      -0.75211098       0.14734313      -0.99506480
  431.08850       0.63856277        1.0106663      -0.74951249      -0.13075584       -1.1283513
  431.20080       0.62155715       0.99498444      -0.74691400      -0.10608457       0.37370046
  431.31320       0.61472557       0.98947783      -0.74431320      -0.46785344E-01   0.32582849
  431.42550       0.61104448       0.98712054      -0.74171471      -0.32870907E-01   0.24783892E-01
  431.53780       0.60734276       0.98474262      -0.73911622      -0.41218881E-01   0.23506918
  431.65020       0.60178260       0.98050743      -0.73651542       0.19949137E-01   0.73367390
  431.76250       0.61182533       0.99187396      -0.73391693       0.12363764      -0.35213172
  431.87480       0.62955161        1.0109240      -0.73131844      -0.59139648E-01  -0.85703728
  431.98720       0.59853665       0.98123406      -0.72871764      -0.68938633E-01   0.65035779
  432.09950       0.61406110       0.99808230      -0.72611915       0.86995747E-01   0.29896897
  432.21190       0.61808460        1.0034308      -0.72351835      -0.17603049E-02  -0.89007272
  432.32420       0.61366556        1.0003355      -0.72091986      -0.11300359      -0.11462150
  432.43650       0.59270399       0.98069776      -0.71832137      -0.27504294E-01    1.0140045
  432.54890       0.60748535       0.99680409      -0.71572057       0.11484323       0.10118047
  432.66120       0.61850927        1.0091518      -0.71312208      -0.47690417E-02   -1.0245276
  432.77350       0.60641422       0.99838055      -0.71052359      -0.11526568       0.63948255E-01
  432.88590       0.59260907       0.98590038      -0.70792279       0.96001313E-02    1.2873315
  432.99820       0.60857137        1.0031865      -0.70532430       0.17399770       0.15467807
  433.11050       0.63168895        1.0276279      -0.70272581       0.44340826E-01   -1.2296394
  433.22290       0.61853475        1.0157986      -0.70012501      -0.10230228      -0.39768179
  433.33520       0.60870163        1.0072893      -0.69752652      -0.45018273E-01   0.63962913
  433.44750       0.60842365        1.0083351      -0.69492803       0.41358422E-01   0.28914731
  433.55990       0.61799487        1.0192313      -0.69232723       0.19953128E-01   -1.1335557
  433.67220       0.61290712        1.0154674      -0.68972874      -0.21335154      -0.25478040
  433.78450       0.57007611       0.97396015      -0.68713025      -0.37270549E-01    1.4871898
  433.89690       0.60453242        1.0097414      -0.68452945       0.12082001       0.29559748
  434.00920       0.59722437        1.0037572      -0.68193096       0.29150204E-01  -0.66236586
  434.12160       0.61108247        1.0189403      -0.67933016      -0.28013602E-01   0.10561827
  434.23390       0.59092971        1.0001113      -0.67673167       0.52882630E-01   0.81225269
  434.34620       0.62295991        1.0334653      -0.67413318       0.15441835      -0.34285937
  434.45860       0.62562751        1.0374579      -0.67153238      -0.24157871E-01   -1.9763856
  434.57090       0.61753164        1.0306858      -0.66893389      -0.28967549      -0.41901589
  434.68320       0.56056640       0.97504434      -0.66633540      -0.11826884        2.1197684
  434.79560       0.59095663        1.0067596      -0.66373460       0.18663646       0.34665367
  434.90790       0.60250361        1.0196303      -0.66113611      -0.40375759E-01   -1.3035410
  435.02020       0.58188824        1.0003387      -0.65853762      -0.10613885       0.26099376
  435.13260       0.57865421       0.99842970      -0.65593682       0.18269539E-01   0.93898180
  435.24490       0.58599340        1.0070927      -0.65333833       0.10485036      -0.20363452
  435.35720       0.60220360        1.0246267      -0.65073984      -0.27466774E-01  -0.49836023
  435.46960       0.57982162        1.0035697      -0.64813904      -0.71311865E-02   0.36692585
  435.58190       0.60060122        1.0256731      -0.64554055       0.54981465E-01  -0.41553626
  435.69420       0.59217045        1.0185661      -0.64294206      -0.10046063       0.16437117E-01
  435.80660       0.57802772        1.0057483      -0.64034126       0.58674885E-01   0.58235943
  435.91890       0.60535470        1.0343991      -0.63774277       0.30395533E-01   -1.0726902
  436.03130       0.58485759        1.0152270      -0.63514197      -0.18235860       -1.8928304
