*********************  Core Excitation Data  ********************
****************  A.P. Hitchcock & D.C. Mancini  ****************
*
* Formula: (CH3O)2CO
* Name: dimethyl carbonate
* Edge: C 1s
* Alpha Formula: C3H6O3
* Data Source: Hitchcock
* Filename:  gm-0cckk.os
* Ref. Code: HW&91
* Write Date: 06/02/04
* Reference: Hitchcock (unpublished)
* Source and Purity: N/A
* Acquisition Mode: EELS, 2 deg, 2500 eV CRE mode, 0.7 eV fwhm
*--------------------------------------------------------------
* No. of Spectra: 2    name1- 0gmc.    name2-  0gmc.os
*   E (eV)        Raw data             Osc. Str. per atom (E-2)
*--------------------------------------------------------------	
   2.7385E+02 5.5102E+03 1.2760E-03
   2.7403E+02 5.3970E+03 -4.2340E-03
   2.7421E+02 5.5281E+03 4.1242E-03
   2.7439E+02 5.4347E+03 -2.7016E-04
   2.7457E+02 5.2990E+03 -7.1051E-03
   2.7475E+02 5.3397E+03 -3.8792E-03
   2.7494E+02 5.3620E+03 -1.7041E-03
   2.7512E+02 5.3283E+03 -2.7320E-03
   2.7530E+02 5.3725E+03 7.0655E-04
   2.7548E+02 5.3054E+03 -2.2441E-03
   2.7566E+02 5.2456E+03 -4.7881E-03
   2.7584E+02 5.2341E+03 -4.5551E-03
   2.7602E+02 5.1576E+03 -8.0781E-03
   2.7620E+02 5.0959E+03 -1.0759E-02
   2.7638E+02 5.1102E+03 -9.0466E-03
   2.7656E+02 5.1376E+03 -6.5768E-03
   2.7674E+02 5.2337E+03 -1.1647E-04
   2.7692E+02 5.2155E+03 -2.8079E-04
   2.7710E+02 5.1230E+03 -4.7729E-03
   2.7728E+02 5.0978E+03 -5.3657E-03
   2.7746E+02 5.0633E+03 -6.4959E-03
   2.7765E+02 4.9637E+03 -1.1445E-02
   2.7783E+02 4.9504E+03 -1.1354E-02
   2.7801E+02 5.1569E+03 1.6291E-03
   2.7819E+02 5.1180E+03 2.3513E-04
   2.7837E+02 4.9580E+03 -8.3012E-03
   2.7855E+02 4.9442E+03 -8.2438E-03
   2.7873E+02 5.0080E+03 -3.6076E-03
   2.7891E+02 5.0404E+03 -8.2442E-04
   2.7909E+02 5.0712E+03 1.8787E-03
   2.7927E+02 4.9757E+03 -2.9049E-03
   2.7945E+02 4.9445E+03 -3.8900E-03
   2.7963E+02 4.9487E+03 -2.7689E-03
   2.7981E+02 4.9410E+03 -2.3582E-03
   2.7999E+02 4.8425E+03 -7.3710E-03
   2.8017E+02 4.7819E+03 -1.0131E-02
   2.8036E+02 4.8134E+03 -7.3866E-03
   2.8054E+02 4.7963E+03 -7.5611E-03
   2.8072E+02 4.8806E+03 -1.6425E-03
   2.8090E+02 4.7609E+03 -7.9744E-03
   2.8108E+02 4.7111E+03 -1.0124E-02
   2.8126E+02 4.7118E+03 -9.2348E-03
   2.8144E+02 4.7450E+03 -6.3759E-03
   2.8162E+02 4.6964E+03 -8.4710E-03
   2.8180E+02 4.7432E+03 -4.7880E-03
   2.8198E+02 4.7640E+03 -2.6730E-03
   2.8216E+02 4.7578E+03 -2.2031E-03
   2.8234E+02 4.6973E+03 -5.0296E-03
   2.8252E+02 4.7464E+03 -1.1897E-03
   2.8270E+02 4.7474E+03 -2.7591E-04
   2.8288E+02 4.5574E+03 -1.1034E-02
   2.8307E+02 4.5419E+03 -1.1145E-02
   2.8325E+02 4.5491E+03 -9.8759E-03
   2.8343E+02 4.6872E+03 -5.6367E-04
   2.8361E+02 4.6859E+03 2.0273E-04
   2.8379E+02 4.4860E+03 -1.1259E-02
   2.8397E+02 4.5722E+03 -5.1177E-03
   2.8431E+02 4.6491E+03 1.2022E-03
   2.8443E+02 4.6339E+03 8.5007E-04
   2.8468E+02 4.6598E+03 3.6262E-03
   2.8489E+02 4.7454E+03 9.9208E-03
   2.8502E+02 4.6516E+03 4.6842E-03
   2.8523E+02 4.7759E+03 1.3401E-02
   2.8548E+02 4.5879E+03 2.8583E-03
   2.8559E+02 4.6330E+03 6.2038E-03
   2.8578E+02 4.6537E+03 8.3467E-03
   2.8596E+02 4.6800E+03 1.0835E-02
   2.8614E+02 4.6672E+03 1.0876E-02
   2.8650E+02 4.8711E+03 2.5400E-02
   2.8668E+02 5.0463E+03 3.7305E-02
   2.8686E+02 5.3249E+03 5.5775E-02
   2.8704E+02 5.6831E+03 7.9325E-02
   2.8722E+02 6.0178E+03 1.0145E-01
   2.8740E+02 6.3929E+03 1.2621E-01
   2.8758E+02 6.9948E+03 1.6543E-01
   2.8776E+02 8.0945E+03 2.3643E-01
   2.8794E+02 1.0141E+04 3.6794E-01
   2.8812E+02 1.3303E+04 5.7094E-01
   2.8830E+02 1.7443E+04 8.3705E-01
   2.8849E+02 2.2043E+04 1.1333E+00
   2.8867E+02 2.5896E+04 1.3826E+00
   2.8885E+02 2.8148E+04 1.5299E+00
   2.8903E+02 2.8350E+04 1.5460E+00
   2.8921E+02 2.8832E+04 1.5801E+00
   2.8939E+02 3.0880E+04 1.7152E+00
   2.8957E+02 3.7001E+04 2.1135E+00
   2.8975E+02 4.4795E+04 2.6211E+00
   2.8993E+02 5.3597E+04 3.1955E+00
   2.9011E+02 6.0660E+04 3.6588E+00
   2.9029E+02 6.4453E+04 3.9112E+00
   2.9047E+02 6.2644E+04 3.8001E+00
   2.9065E+02 5.6131E+04 3.3825E+00
   2.9083E+02 4.6571E+04 2.7649E+00
   2.9101E+02 3.8445E+04 2.2392E+00
   2.9120E+02 3.2847E+04 1.8772E+00
   2.9138E+02 2.9294E+04 1.6481E+00
   2.9156E+02 2.7460E+04 1.5311E+00
   2.9174E+02 2.6155E+04 1.4484E+00
   2.9192E+02 2.5421E+04 1.4030E+00
   2.9210E+02 2.4939E+04 1.3741E+00
   2.9228E+02 2.4794E+04 1.3674E+00
   2.9246E+02 2.4291E+04 1.3369E+00
   2.9264E+02 2.3956E+04 1.3175E+00
   2.9282E+02 2.3956E+04 1.3202E+00
   2.9300E+02 2.3600E+04 1.2992E+00
   2.9318E+02 2.3188E+04 1.2746E+00
   2.9336E+02 2.2865E+04 1.2557E+00
   2.9354E+02 2.2524E+04 1.2356E+00
   2.9372E+02 2.2068E+04 1.2077E+00
   2.9390E+02 2.1551E+04 1.1757E+00
   2.9409E+02 2.1090E+04 1.1474E+00
   2.9427E+02 2.0799E+04 1.1303E+00
   2.9445E+02 2.0889E+04 1.1388E+00
   2.9463E+02 2.0748E+04 1.1318E+00
   2.9481E+02 2.1023E+04 1.1527E+00
   2.9499E+02 2.1163E+04 1.1646E+00
   2.9517E+02 2.1427E+04 1.1849E+00
   2.9535E+02 2.1438E+04 1.1881E+00
   2.9553E+02 2.1416E+04 1.1891E+00
   2.9571E+02 2.2060E+04 1.2353E+00
   2.9589E+02 2.2547E+04 1.2709E+00
   2.9607E+02 2.3436E+04 1.3340E+00
   2.9625E+02 2.4226E+04 1.3905E+00
   2.9643E+02 2.4997E+04 1.4458E+00
   2.9661E+02 2.6020E+04 1.5186E+00
   2.9680E+02 2.6518E+04 1.5556E+00
   2.9698E+02 2.7277E+04 1.6107E+00
   2.9716E+02 2.7758E+04 1.6467E+00
   2.9734E+02 2.7829E+04 1.6548E+00
   2.9752E+02 2.8186E+04 1.6824E+00
   2.9770E+02 2.7927E+04 1.6678E+00
   2.9788E+02 2.7591E+04 1.6478E+00
   2.9806E+02 2.6958E+04 1.6072E+00
   2.9824E+02 2.6611E+04 1.5862E+00
   2.9842E+02 2.6049E+04 1.5504E+00
   2.9860E+02 2.5287E+04 1.5005E+00
   2.9878E+02 2.4663E+04 1.4600E+00
   2.9896E+02 2.4040E+04 1.4195E+00
   2.9914E+02 2.3273E+04 1.3688E+00
   2.9932E+02 2.2525E+04 1.3194E+00
   2.9951E+02 2.2188E+04 1.2984E+00
   2.9969E+02 2.1629E+04 1.2619E+00
   2.9987E+02 2.1020E+04 1.2218E+00
   3.0005E+02 2.0740E+04 1.2047E+00
   3.0023E+02 2.0443E+04 1.1863E+00
   3.0041E+02 2.0071E+04 1.1625E+00
   3.0059E+02 1.9742E+04 1.1417E+00
   3.0077E+02 1.9652E+04 1.1377E+00
   3.0095E+02 1.9197E+04 1.1079E+00
   3.0113E+02 1.9257E+04 1.1145E+00
   3.0131E+02 1.9120E+04 1.1071E+00
   3.0149E+02 1.8970E+04 1.0988E+00
   3.0167E+02 1.8720E+04 1.0834E+00
   3.0185E+02 1.9163E+04 1.1171E+00
   3.0203E+02 1.9148E+04 1.1184E+00
   3.0222E+02 1.9011E+04 1.1110E+00
   3.0240E+02 1.9057E+04 1.1166E+00
   3.0258E+02 1.9199E+04 1.1291E+00
   3.0276E+02 1.9289E+04 1.1379E+00
   3.0294E+02 1.9231E+04 1.1361E+00
   3.0312E+02 1.9070E+04 1.1268E+00
   3.0330E+02 1.9311E+04 1.1465E+00
   3.0348E+02 1.9290E+04 1.1474E+00
   3.0366E+02 1.9174E+04 1.1414E+00
   3.0384E+02 1.9159E+04 1.1426E+00
   3.0402E+02 1.9420E+04 1.1639E+00
   3.0420E+02 1.9161E+04 1.1475E+00
   3.0438E+02 1.9079E+04 1.1439E+00
   3.0456E+02 1.9251E+04 1.1588E+00
   3.0474E+02 1.9124E+04 1.1519E+00
   3.0493E+02 1.9069E+04 1.1503E+00
   3.0511E+02 1.8786E+04 1.1319E+00
   3.0529E+02 1.8739E+04 1.1308E+00
   3.0547E+02 1.8496E+04 1.1153E+00
   3.0565E+02 1.8303E+04 1.1034E+00
   3.0583E+02 1.8413E+04 1.1138E+00
   3.0601E+02 1.8023E+04 1.0874E+00
   3.0619E+02 1.7984E+04 1.0868E+00
   3.0637E+02 1.7614E+04 1.0617E+00
   3.0655E+02 1.7465E+04 1.0529E+00
   3.0673E+02 1.7208E+04 1.0361E+00
   3.0691E+02 1.6864E+04 1.0128E+00
   3.0709E+02 1.7148E+04 1.0360E+00
   3.0727E+02 1.6835E+04 1.0149E+00
   3.0745E+02 1.6762E+04 1.0116E+00
   3.0764E+02 1.6442E+04 9.8992E-01
   3.0782E+02 1.6402E+04 9.8907E-01
   3.0800E+02 1.6389E+04 9.9020E-01
   3.0818E+02 1.5994E+04 9.6267E-01
   3.0836E+02 1.5722E+04 9.4438E-01
   3.0854E+02 1.5751E+04 9.4859E-01
   3.0872E+02 1.5630E+04 9.4151E-01
   3.0890E+02 1.5672E+04 9.4669E-01
   3.0908E+02 1.5447E+04 9.3176E-01
   3.0926E+02 1.5488E+04 9.3688E-01
   3.0944E+02 1.5338E+04 9.2760E-01
   3.0962E+02 1.5230E+04 9.2141E-01
   3.0980E+02 1.5207E+04 9.2167E-01
   3.0998E+02 1.5114E+04 9.1659E-01
   3.1016E+02 1.4953E+04 9.0631E-01
   3.1035E+02 1.4888E+04 9.0337E-01
   3.1053E+02 1.4871E+04 9.0400E-01
   3.1071E+02 1.4750E+04 8.9675E-01
   3.1089E+02 1.4807E+04 9.0301E-01
   3.1107E+02 1.4633E+04 8.9166E-01
   3.1125E+02 1.4682E+04 8.9734E-01
   3.1143E+02 1.4789E+04 9.0750E-01
   3.1161E+02 1.4561E+04 8.9197E-01
   3.1179E+02 1.4501E+04 8.8927E-01
   3.1197E+02 1.4421E+04 8.8506E-01
   3.1215E+02 1.4383E+04 8.8399E-01
   3.1233E+02 1.4283E+04 8.7822E-01
   3.1251E+02 1.4451E+04 8.9316E-01
   3.1269E+02 1.4156E+04 8.7218E-01
   3.1287E+02 1.4069E+04 8.6732E-01
   3.1306E+02 1.4133E+04 8.7421E-01
   3.1324E+02 1.3978E+04 8.6406E-01
   3.1342E+02 1.4014E+04 8.6875E-01
   3.1360E+02 1.3984E+04 8.6827E-01
   3.1378E+02 1.4099E+04 8.7916E-01
   3.1396E+02 1.4046E+04 8.7687E-01
   3.1414E+02 1.3649E+04 8.4763E-01
   3.1432E+02 1.3728E+04 8.5569E-01
   3.1450E+02 1.3854E+04 8.6747E-01
   3.1468E+02 1.3925E+04 8.7493E-01
   3.1486E+02 1.3789E+04 8.6613E-01
   3.1504E+02 1.3677E+04 8.5912E-01
   3.1522E+02 1.3585E+04 8.5373E-01
   3.1540E+02 1.3553E+04 8.5310E-01
   3.1558E+02 1.3743E+04 8.6996E-01
   3.1577E+02 1.3539E+04 8.5568E-01
   3.1595E+02 1.3536E+04 8.5729E-01
   3.1613E+02 1.3360E+04 8.4514E-01
   3.1631E+02 1.3230E+04 8.3655E-01
   3.1649E+02 1.3438E+04 8.5498E-01
   3.1667E+02 1.3134E+04 8.3257E-01
   3.1685E+02 1.3254E+04 8.4397E-01
   3.1703E+02 1.3187E+04 8.4042E-01
   3.1721E+02 1.2956E+04 8.2371E-01
   3.1739E+02 1.2990E+04 8.2821E-01
   3.1757E+02 1.3003E+04 8.3106E-01
   3.1775E+02 1.2729E+04 8.1080E-01
   3.1793E+02 1.2829E+04 8.2069E-01
   3.1811E+02 1.2754E+04 8.1640E-01
   3.1829E+02 1.2657E+04 8.1028E-01
   3.1848E+02 1.2627E+04 8.0967E-01
   3.1866E+02 1.2582E+04 8.0779E-01
   3.1884E+02 1.2612E+04 8.1199E-01
   3.1902E+02 1.2526E+04 8.0672E-01
   3.1920E+02 1.2526E+04 8.0846E-01
   3.1938E+02 1.2701E+04 8.2452E-01
   3.1956E+02 1.2440E+04 8.0496E-01
   3.1974E+02 1.2204E+04 7.8747E-01
   3.1992E+02 1.2182E+04 7.8735E-01
   3.2010E+02 1.2194E+04 7.9010E-01
   3.2028E+02 1.2149E+04 7.8807E-01
   3.2046E+02 1.2065E+04 7.8293E-01
   3.2064E+02 1.2015E+04 7.8054E-01
   3.2082E+02 1.1978E+04 7.7919E-01
   3.2100E+02 1.1938E+04 7.7757E-01
   3.2119E+02 1.1924E+04 7.7813E-01
   3.2137E+02 1.2021E+04 7.8790E-01
   3.2155E+02 1.2042E+04 7.9138E-01
   3.2173E+02 1.1966E+04 7.8676E-01
   3.2191E+02 1.1811E+04 7.7556E-01
   3.2209E+02 1.1890E+04 7.8385E-01
   3.2227E+02 1.1787E+04 7.7694E-01
   3.2245E+02 1.1755E+04 7.7598E-01
   3.2263E+02 1.1716E+04 7.7447E-01
   3.2281E+02 1.1847E+04 7.8708E-01
   3.2299E+02 1.1553E+04 7.6410E-01
   3.2317E+02 1.1651E+04 7.7400E-01
   3.2335E+02 1.1563E+04 7.6829E-01
   3.2353E+02 1.1456E+04 7.6095E-01
   3.2371E+02 1.1533E+04 7.6914E-01
   3.2390E+02 1.1419E+04 7.6119E-01
   3.2408E+02 1.1457E+04 7.6608E-01
   3.2426E+02 1.1600E+04 7.7987E-01
   3.2444E+02 1.1492E+04 7.7242E-01
   3.2462E+02 1.1370E+04 7.6372E-01
   3.2480E+02 1.1294E+04 7.5887E-01
   3.2498E+02 1.1244E+04 7.5631E-01
   3.2516E+02 1.1415E+04 7.7254E-01
   3.2534E+02 1.1380E+04 7.7123E-01
   3.2552E+02 1.1262E+04 7.6278E-01
   3.2570E+02 1.1046E+04 7.4595E-01
   3.2588E+02 1.1181E+04 7.5916E-01
   3.2606E+02 1.1244E+04 7.6627E-01
   3.2624E+02 1.1057E+04 7.5180E-01
   3.2642E+02 1.0894E+04 7.3940E-01
   3.2661E+02 1.0966E+04 7.4721E-01
   3.2679E+02 1.0800E+04 7.3458E-01
   3.2697E+02 1.1048E+04 7.5758E-01
   3.2715E+02 1.0896E+04 7.4609E-01
   3.2733E+02 1.0994E+04 7.5616E-01
   3.2751E+02 1.0862E+04 7.4635E-01
   3.2769E+02 1.0783E+04 7.4117E-01
   3.2787E+02 1.0751E+04 7.3993E-01
   3.2805E+02 1.0848E+04 7.5002E-01
   3.2823E+02 1.0604E+04 7.3036E-01
   3.2841E+02 1.0548E+04 7.2702E-01
   3.2859E+02 1.0712E+04 7.4301E-01
   3.2877E+02 1.0652E+04 7.3931E-01
   3.2895E+02 1.0724E+04 7.4727E-01
   3.2913E+02 1.0494E+04 7.2866E-01
   3.2932E+02 1.0376E+04 7.1986E-01
   3.2950E+02 1.0418E+04 7.2512E-01
   3.2968E+02 1.0468E+04 7.3117E-01
   3.2986E+02 1.0509E+04 7.3631E-01
   3.3004E+02 1.0460E+04 7.3357E-01
   3.3022E+02 1.0270E+04 7.1839E-01
   3.3040E+02 1.0249E+04 7.1806E-01
   3.3058E+02 1.0177E+04 7.1327E-01
   3.3076E+02 1.0176E+04 7.1473E-01
   3.3094E+02 1.0144E+04 7.1340E-01
   3.3112E+02 1.0248E+04 7.2426E-01
   3.3130E+02 1.0115E+04 7.1393E-01
   3.3148E+02 1.0004E+04 7.0555E-01
   3.3166E+02 1.0037E+04 7.1005E-01
   3.3184E+02 9.9821E+03 7.0668E-01
   3.3203E+02 1.0094E+04 7.1830E-01
   3.3221E+02 9.9138E+03 7.0362E-01
   3.3239E+02 9.8376E+03 6.9829E-01
   3.3257E+02 9.7710E+03 6.9383E-01
   3.3275E+02 9.7113E+03 6.8994E-01
   3.3293E+02 9.7222E+03 6.9245E-01
   3.3311E+02 9.7273E+03 6.9442E-01
   3.3329E+02 9.7585E+03 6.9877E-01
   3.3347E+02 9.8061E+03 7.0461E-01
   3.3365E+02 9.6746E+03 6.9418E-01
   3.3383E+02 9.6087E+03 6.8970E-01
   3.3401E+02 9.8089E+03 7.0945E-01
   3.3419E+02 9.6711E+03 6.9841E-01
   3.3437E+02 9.7724E+03 7.0917E-01
   3.3455E+02 9.5430E+03 6.8972E-01
   3.3474E+02 9.4956E+03 6.8688E-01
   3.3492E+02 9.6229E+03 7.0004E-01
   3.3510E+02 9.5636E+03 6.9612E-01
   3.3528E+02 9.3064E+03 6.7397E-01
   3.3546E+02 9.4741E+03 6.9088E-01
   3.3564E+02 9.3435E+03 6.8034E-01
   3.3582E+02 9.2342E+03 6.7173E-01
   3.3600E+02 9.3936E+03 6.8793E-01
   3.3618E+02 9.3261E+03 6.8318E-01
   3.3636E+02 9.3281E+03 6.8485E-01
   3.3654E+02 9.0342E+03 6.5905E-01
   3.3672E+02 9.1690E+03 6.7303E-01
   3.3690E+02 9.1910E+03 6.7655E-01
   3.3708E+02 9.3422E+03 6.9210E-01
   3.3726E+02 9.0901E+03 6.7006E-01
   3.3745E+02 9.1760E+03 6.7955E-01
   3.3763E+02 8.9190E+03 6.5696E-01
   3.3781E+02 8.9802E+03 6.6415E-01
   3.3799E+02 9.2088E+03 6.8705E-01
   3.3817E+02 9.1778E+03 6.8561E-01
   3.3835E+02 9.1382E+03 6.8335E-01
   3.3853E+02 9.0411E+03 6.7568E-01
   3.3871E+02 8.9253E+03 6.6621E-01
   3.3889E+02 8.9176E+03 6.6693E-01
   3.3907E+02 8.8827E+03 6.6507E-01
   3.3925E+02 8.7144E+03 6.5057E-01
   3.3943E+02 8.8302E+03 6.6298E-01
   3.3961E+02 8.9601E+03 6.7675E-01
   3.3979E+02 9.0282E+03 6.8468E-01
   3.3997E+02 8.7999E+03 6.6441E-01
   3.4015E+02 8.7346E+03 6.5961E-01
   3.4034E+02 8.5470E+03 6.4313E-01
   3.4052E+02 8.6322E+03 6.5269E-01
   3.4070E+02 8.6792E+03 6.5860E-01
   3.4088E+02 8.8573E+03 6.7710E-01
   3.4106E+02 8.6564E+03 6.5927E-01
   3.4124E+02 8.4279E+03 6.3873E-01
   3.4142E+02 8.5753E+03 6.5430E-01
   3.4160E+02 8.4856E+03 6.4708E-01
   3.4178E+02 8.6389E+03 6.6326E-01
   3.4196E+02 8.6752E+03 6.6819E-01
   3.4214E+02 8.5403E+03 6.5658E-01
   3.4232E+02 8.5209E+03 6.5611E-01
   3.4250E+02 8.4757E+03 6.5314E-01
   3.4268E+02 8.5214E+03 6.5899E-01
   3.4286E+02 8.5749E+03 6.6559E-01
   3.4305E+02 8.4669E+03 6.5650E-01
   3.4323E+02 8.4724E+03 6.5845E-01
   3.4341E+02 8.2626E+03 6.3938E-01
   3.4359E+02 8.3138E+03 6.4576E-01
   3.4377E+02 8.2111E+03 6.3711E-01
   3.4395E+02 8.3097E+03 6.4814E-01
   3.4413E+02 8.3126E+03 6.4982E-01
   3.4431E+02 8.4239E+03 6.6215E-01
   3.4449E+02 8.2880E+03 6.5018E-01
   3.4467E+02 8.1965E+03 6.4257E-01
   3.4485E+02 8.2694E+03 6.5114E-01
   3.4503E+02 8.3223E+03 6.5775E-01
   3.4521E+02 8.1712E+03 6.4420E-01
   3.4539E+02 8.2969E+03 6.5803E-01
   3.4557E+02 8.3322E+03 6.6293E-01
   3.4576E+02 8.1968E+03 6.5088E-01
   3.4594E+02 8.2398E+03 6.5655E-01
   3.4612E+02 8.1470E+03 6.4870E-01
   3.4630E+02 8.0787E+03 6.4327E-01
   3.4648E+02 8.0659E+03 6.4337E-01
   3.4666E+02 8.1528E+03 6.5342E-01
   3.4684E+02 8.0338E+03 6.4289E-01
   3.4702E+02 8.1359E+03 6.5450E-01
   3.4720E+02 7.9895E+03 6.4118E-01
   3.4738E+02 8.0993E+03 6.5358E-01
   3.4756E+02 8.0325E+03 6.4825E-01
   3.4774E+02 8.0346E+03 6.4983E-01
   3.4792E+02 7.8428E+03 6.3186E-01
   3.4810E+02 8.1007E+03 6.5925E-01
   3.4828E+02 7.9771E+03 6.4813E-01
   3.4847E+02 8.0024E+03 6.5206E-01
   3.4865E+02 7.9709E+03 6.5024E-01
   3.4883E+02 7.9104E+03 6.4546E-01
   3.4901E+02 7.7871E+03 6.3430E-01
   3.4919E+02 7.9134E+03 6.4850E-01
   3.4937E+02 7.9328E+03 6.5184E-01
   3.4955E+02 7.7370E+03 6.3322E-01
   3.4973E+02 7.9004E+03 6.5127E-01
   3.4991E+02 7.8000E+03 6.4235E-01
   3.5009E+02 7.8452E+03 6.4834E-01
   3.5027E+02 7.8040E+03 6.4547E-01
   3.5045E+02 7.6885E+03 6.3496E-01
   3.5063E+02 7.6050E+03 6.2771E-01
   3.5081E+02 7.8519E+03 6.5447E-01