*********************  Core Excitation Data  ********************
****************  A.P. Hitchcock & D.C. Mancini  ****************
*
* Formula: (CH3O)2CO
* Name: dimethyl carbonate
* Edge: O 1s
* Alpha Formula: C3H6O3
* Data Source: Hitchcock
* Filename:  gm-0ookk.os
* Ref. Code: HW&91
* Write Date: 06/02/04
* Reference: Hitchcock (unpublished)
* Source and Purity: N/A
* Acquisition Mode: EELS, 2 deg, 2500 eV CRE mode, 0.7 eV fwhm
*--------------------------------------------------------------
* No. of Spectra: 2    name1- 0gmo1.    name2- 0gmo1-ox      name3- 0gmo-ox.os
*   E (eV)        Raw data             Osc. Str. per atom (E-2)
*--------------------------------------------------------------	
  5.256000E+02   9.314000E+03  -1.280000E-02
  5.258000E+02   9.393000E+03  -8.310000E-03
  5.260000E+02   9.332000E+03  -1.060000E-02
  5.262000E+02   9.369000E+03  -8.140000E-03
  5.264000E+02   9.467000E+03  -2.750000E-03
  5.265000E+02   9.316000E+03  -9.380000E-03
  5.267000E+02   9.355000E+03  -6.830000E-03
  5.269000E+02   9.319000E+03  -7.930000E-03
  5.271000E+02   9.445000E+03  -1.100000E-03
  5.273000E+02   9.225000E+03  -1.110000E-02
  5.275000E+02   9.378000E+03  -3.020000E-03
  5.276000E+02   9.302000E+03  -6.070000E-03
  5.278000E+02   9.345000E+03  -3.290000E-03
  5.280000E+02   9.416000E+03   7.940000E-04
  5.282000E+02   9.144000E+03  -1.180000E-02
  5.284000E+02   9.398000E+03   1.290000E-03
  5.285000E+02   9.270000E+03  -4.320000E-03
  5.287000E+02   9.292000E+03  -2.550000E-03
  5.289000E+02   9.437000E+03   5.190000E-03
  5.291000E+02   9.291000E+03  -1.300000E-03
  5.293000E+02   9.056000E+03  -1.210000E-02
  5.294000E+02   9.177000E+03  -5.540000E-03
  5.296000E+02   9.133000E+03  -7.050000E-03
  5.298000E+02   9.107000E+03  -7.630000E-03
  5.300000E+02   9.315000E+03   3.220000E-03
  5.302000E+02   9.134000E+03  -5.000000E-03
  5.303000E+02   9.260000E+03   1.870000E-03
  5.305000E+02   9.342000E+03   6.580000E-03
  5.307000E+02   9.405000E+03   1.030000E-02
  5.309000E+02   9.113000E+03  -3.360000E-03
  5.311000E+02   9.185000E+03   8.150000E-04
  5.312000E+02   9.301000E+03   7.220000E-03
  5.314000E+02   9.264000E+03   6.040000E-03
  5.316000E+02   9.667000E+03   2.660000E-02
  5.318000E+02   1.038000E+04   6.260000E-02
  5.320000E+02   1.157000E+04   1.222000E-01
  5.322000E+02   1.384000E+04   2.352000E-01
  5.323000E+02   1.685000E+04   3.849000E-01
  5.325000E+02   2.001000E+04   5.424000E-01
  5.327000E+02   2.267000E+04   6.751000E-01
  5.329000E+02   2.373000E+04   7.290000E-01
  5.331000E+02   2.307000E+04   6.974000E-01
  5.332000E+02   2.153000E+04   6.222000E-01
  5.334000E+02   1.927000E+04   5.105000E-01
  5.336000E+02   1.631000E+04   3.643000E-01
  5.338000E+02   1.413000E+04   2.569000E-01
  5.340000E+02   1.250000E+04   1.766000E-01
  5.341000E+02   1.176000E+04   1.406000E-01
  5.343000E+02   1.157000E+04   1.316000E-01
  5.345000E+02   1.171000E+04   1.395000E-01
  5.347000E+02   1.246000E+04   1.777000E-01
  5.349000E+02   1.387000E+04   2.488000E-01
  5.350000E+02   1.568000E+04   3.401000E-01
  5.352000E+02   1.855000E+04   4.848000E-01
  5.354000E+02   2.155000E+04   6.357000E-01
  5.356000E+02   2.496000E+04   8.078000E-01
  5.358000E+02   2.710000E+04   9.160000E-01
  5.359000E+02   2.928000E+04   1.026000E+00
  5.361000E+02   2.990000E+04   1.059000E+00
  5.363000E+02   2.933000E+04   1.032000E+00
  5.365000E+02   2.805000E+04   9.690000E-01
  5.367000E+02   2.648000E+04   8.910000E-01
  5.369000E+02   2.425000E+04   7.804000E-01
  5.370000E+02   2.276000E+04   7.063000E-01
  5.372000E+02   2.202000E+04   6.701000E-01
  5.374000E+02   2.208000E+04   6.744000E-01
  5.376000E+02   2.260000E+04   7.016000E-01
  5.378000E+02   2.349000E+04   7.476000E-01
  5.379000E+02   2.496000E+04   8.228000E-01
  5.381000E+02   2.609000E+04   8.813000E-01
  5.383000E+02   2.693000E+04   9.248000E-01
  5.385000E+02   2.745000E+04   9.525000E-01
  5.387000E+02   2.836000E+04   1.000000E+00
  5.388000E+02   2.881000E+04   1.024000E+00
  5.390000E+02   2.912000E+04   1.041000E+00
  5.392000E+02   2.952000E+04   1.062000E+00
  5.394000E+02   2.967000E+04   1.071000E+00
  5.396000E+02   2.950000E+04   1.064000E+00
  5.397000E+02   3.030000E+04   1.106000E+00
  5.399000E+02   3.053000E+04   1.119000E+00
  5.401000E+02   3.042000E+04   1.115000E+00
  5.403000E+02   3.058000E+04   1.124000E+00
  5.405000E+02   3.048000E+04   1.121000E+00
  5.406000E+02   3.050000E+04   1.123000E+00
  5.408000E+02   3.015000E+04   1.107000E+00
  5.410000E+02   3.003000E+04   1.102000E+00
  5.412000E+02   2.957000E+04   1.080000E+00
  5.414000E+02   2.946000E+04   1.076000E+00
  5.416000E+02   2.869000E+04   1.037000E+00
  5.417000E+02   2.842000E+04   1.025000E+00
  5.419000E+02   2.793000E+04   1.001000E+00
  5.421000E+02   2.667000E+04   9.378000E-01
  5.423000E+02   2.680000E+04   9.457000E-01
  5.425000E+02   2.617000E+04   9.145000E-01
  5.426000E+02   2.554000E+04   8.836000E-01
  5.428000E+02   2.503000E+04   8.586000E-01
  5.430000E+02   2.442000E+04   8.282000E-01
  5.432000E+02   2.451000E+04   8.344000E-01
  5.434000E+02   2.436000E+04   8.275000E-01
  5.435000E+02   2.388000E+04   8.043000E-01
  5.437000E+02   2.392000E+04   8.072000E-01
  5.439000E+02   2.388000E+04   8.063000E-01
  5.441000E+02   2.320000E+04   7.723000E-01
  5.443000E+02   2.312000E+04   7.697000E-01
  5.444000E+02   2.316000E+04   7.729000E-01
  5.446000E+02   2.289000E+04   7.600000E-01
  5.448000E+02   2.292000E+04   7.625000E-01
  5.450000E+02   2.261000E+04   7.476000E-01
  5.452000E+02   2.236000E+04   7.358000E-01
  5.453000E+02   2.235000E+04   7.364000E-01
  5.455000E+02   2.214000E+04   7.267000E-01
  5.457000E+02   2.205000E+04   7.232000E-01
  5.459000E+02   2.158000E+04   6.995000E-01
  5.461000E+02   2.188000E+04   7.161000E-01
  5.463000E+02   2.126000E+04   6.852000E-01
  5.464000E+02   2.126000E+04   6.864000E-01
  5.466000E+02   2.121000E+04   6.849000E-01
  5.468000E+02   2.103000E+04   6.766000E-01
  5.470000E+02   2.108000E+04   6.803000E-01
  5.472000E+02   2.096000E+04   6.747000E-01
  5.473000E+02   2.056000E+04   6.549000E-01
  5.475000E+02   2.090000E+04   6.739000E-01
  5.477000E+02   2.067000E+04   6.627000E-01
  5.479000E+02   2.059000E+04   6.598000E-01
  5.481000E+02   2.063000E+04   6.632000E-01
  5.482000E+02   2.079000E+04   6.724000E-01
  5.484000E+02   2.052000E+04   6.593000E-01
  5.486000E+02   2.045000E+04   6.569000E-01
  5.488000E+02   2.023000E+04   6.464000E-01
  5.490000E+02   2.031000E+04   6.517000E-01
  5.491000E+02   2.031000E+04   6.525000E-01
  5.493000E+02   2.017000E+04   6.464000E-01
  5.495000E+02   1.991000E+04   6.334000E-01
  5.497000E+02   2.000000E+04   6.392000E-01
  5.499000E+02   1.977000E+04   6.285000E-01
  5.501000E+02   1.942000E+04   6.109000E-01
  5.502000E+02   1.937000E+04   6.091000E-01
  5.504000E+02   1.904000E+04   5.930000E-01
  5.506000E+02   1.907000E+04   5.954000E-01
  5.508000E+02   1.878000E+04   5.809000E-01
  5.510000E+02   1.865000E+04   5.753000E-01
  5.511000E+02   1.867000E+04   5.773000E-01
  5.513000E+02   1.849000E+04   5.687000E-01
  5.515000E+02   1.833000E+04   5.614000E-01
  5.517000E+02   1.811000E+04   5.506000E-01
  5.519000E+02   1.801000E+04   5.460000E-01
  5.520000E+02   1.794000E+04   5.435000E-01
  5.522000E+02   1.757000E+04   5.246000E-01
  5.524000E+02   1.775000E+04   5.354000E-01
  5.526000E+02   1.761000E+04   5.290000E-01
  5.528000E+02   1.769000E+04   5.338000E-01
  5.529000E+02   1.733000E+04   5.158000E-01
  5.531000E+02   1.676000E+04   4.863000E-01
  5.533000E+02   1.720000E+04   5.107000E-01
  5.535000E+02   1.705000E+04   5.039000E-01
  5.537000E+02   1.693000E+04   4.982000E-01
  5.538000E+02   1.677000E+04   4.906000E-01
  5.540000E+02   1.668000E+04   4.870000E-01
  5.542000E+02   1.669000E+04   4.885000E-01
  5.544000E+02   1.657000E+04   4.829000E-01
  5.546000E+02   1.663000E+04   4.870000E-01
  5.548000E+02   1.676000E+04   4.949000E-01
  5.549000E+02   1.661000E+04   4.875000E-01
  5.551000E+02   1.662000E+04   4.894000E-01
  5.553000E+02   1.646000E+04   4.816000E-01
  5.555000E+02   1.634000E+04   4.758000E-01
  5.557000E+02   1.636000E+04   4.783000E-01
  5.558000E+02   1.625000E+04   4.733000E-01
  5.560000E+02   1.644000E+04   4.843000E-01
  5.562000E+02   1.617000E+04   4.705000E-01
  5.564000E+02   1.632000E+04   4.796000E-01
  5.566000E+02   1.612000E+04   4.695000E-01
  5.567000E+02   1.616000E+04   4.726000E-01
  5.569000E+02   1.601000E+04   4.658000E-01
  5.571000E+02   1.622000E+04   4.781000E-01
  5.573000E+02   1.595000E+04   4.643000E-01
  5.575000E+02   1.622000E+04   4.797000E-01
  5.576000E+02   1.590000E+04   4.635000E-01
  5.578000E+02   1.595000E+04   4.670000E-01
  5.580000E+02   1.601000E+04   4.712000E-01
  5.582000E+02   1.601000E+04   4.719000E-01
  5.584000E+02   1.600000E+04   4.725000E-01
  5.585000E+02   1.582000E+04   4.637000E-01
  5.587000E+02   1.575000E+04   4.607000E-01
  5.589000E+02   1.593000E+04   4.713000E-01
  5.591000E+02   1.589000E+04   4.700000E-01
  5.593000E+02   1.591000E+04   4.720000E-01
  5.595000E+02   1.580000E+04   4.669000E-01
  5.596000E+02   1.563000E+04   4.588000E-01
  5.598000E+02   1.567000E+04   4.618000E-01
  5.600000E+02   1.559000E+04   4.581000E-01
  5.602000E+02   1.567000E+04   4.638000E-01
  5.604000E+02   1.539000E+04   4.491000E-01
  5.605000E+02   1.563000E+04   4.630000E-01
  5.607000E+02   1.554000E+04   4.591000E-01
  5.609000E+02   1.564000E+04   4.655000E-01
  5.611000E+02   1.553000E+04   4.603000E-01
  5.613000E+02   1.529000E+04   4.482000E-01
  5.614000E+02   1.535000E+04   4.523000E-01
  5.616000E+02   1.529000E+04   4.498000E-01
  5.618000E+02   1.532000E+04   4.525000E-01
  5.620000E+02   1.532000E+04   4.536000E-01
  5.622000E+02   1.538000E+04   4.576000E-01
  5.623000E+02   1.521000E+04   4.491000E-01
  5.625000E+02   1.536000E+04   4.585000E-01
  5.627000E+02   1.527000E+04   4.542000E-01
  5.629000E+02   1.519000E+04   4.505000E-01
  5.631000E+02   1.550000E+04   4.685000E-01
  5.632000E+02   1.525000E+04   4.560000E-01
  5.634000E+02   1.504000E+04   4.450000E-01
  5.636000E+02   1.515000E+04   4.523000E-01
  5.638000E+02   1.493000E+04   4.408000E-01
  5.640000E+02   1.503000E+04   4.471000E-01
  5.642000E+02   1.521000E+04   4.584000E-01
  5.643000E+02   1.509000E+04   4.522000E-01
  5.645000E+02   1.512000E+04   4.548000E-01
  5.647000E+02   1.518000E+04   4.589000E-01
  5.649000E+02   1.506000E+04   4.531000E-01
  5.651000E+02   1.508000E+04   4.556000E-01
  5.652000E+02   1.507000E+04   4.556000E-01
  5.654000E+02   1.483000E+04   4.433000E-01
  5.656000E+02   1.498000E+04   4.523000E-01
  5.658000E+02   1.494000E+04   4.510000E-01
  5.660000E+02   1.484000E+04   4.462000E-01
  5.661000E+02   1.488000E+04   4.496000E-01
  5.663000E+02   1.477000E+04   4.442000E-01
  5.665000E+02   1.485000E+04   4.495000E-01
  5.667000E+02   1.468000E+04   4.411000E-01
  5.669000E+02   1.460000E+04   4.377000E-01
  5.670000E+02   1.479000E+04   4.490000E-01
  5.672000E+02   1.476000E+04   4.483000E-01
  5.674000E+02   1.453000E+04   4.360000E-01
  5.676000E+02   1.440000E+04   4.300000E-01
  5.678000E+02   1.470000E+04   4.477000E-01
  5.679000E+02   1.457000E+04   4.410000E-01
  5.681000E+02   1.445000E+04   4.353000E-01
  5.683000E+02   1.472000E+04   4.511000E-01
  5.685000E+02   1.456000E+04   4.431000E-01
  5.687000E+02   1.452000E+04   4.420000E-01
  5.689000E+02   1.447000E+04   4.398000E-01
  5.690000E+02   1.443000E+04   4.387000E-01
  5.692000E+02   1.431000E+04   4.324000E-01
  5.694000E+02   1.438000E+04   4.377000E-01
  5.696000E+02   1.439000E+04   4.387000E-01
  5.698000E+02   1.428000E+04   4.334000E-01
  5.699000E+02   1.433000E+04   4.370000E-01
  5.701000E+02   1.415000E+04   4.278000E-01
  5.703000E+02   1.422000E+04   4.326000E-01
  5.705000E+02   1.424000E+04   4.346000E-01
  5.707000E+02   1.417000E+04   4.315000E-01
  5.708000E+02   1.424000E+04   4.365000E-01
  5.710000E+02   1.408000E+04   4.280000E-01
  5.712000E+02   1.426000E+04   4.391000E-01
  5.714000E+02   1.424000E+04   4.389000E-01
  5.716000E+02   1.416000E+04   4.356000E-01
  5.717000E+02   1.430000E+04   4.440000E-01
  5.719000E+02   1.411000E+04   4.342000E-01
  5.721000E+02   1.390000E+04   4.231000E-01
  5.723000E+02   1.398000E+04   4.288000E-01
  5.725000E+02   1.396000E+04   4.286000E-01
  5.726000E+02   1.425000E+04   4.457000E-01
  5.728000E+02   1.401000E+04   4.329000E-01
  5.730000E+02   1.402000E+04   4.345000E-01
  5.732000E+02   1.401000E+04   4.345000E-01
  5.734000E+02   1.397000E+04   4.335000E-01
  5.736000E+02   1.392000E+04   4.313000E-01
  5.737000E+02   1.407000E+04   4.407000E-01
  5.739000E+02   1.404000E+04   4.400000E-01
  5.741000E+02   1.388000E+04   4.315000E-01
  5.743000E+02   1.383000E+04   4.295000E-01
  5.745000E+02   1.412000E+04   4.471000E-01
  5.746000E+02   1.382000E+04   4.309000E-01
  5.748000E+02   1.396000E+04   4.398000E-01
  5.750000E+02   1.374000E+04   4.276000E-01
  5.752000E+02   1.398000E+04   4.422000E-01
  5.754000E+02   1.410000E+04   4.500000E-01
  5.755000E+02   1.391000E+04   4.401000E-01
  5.757000E+02   1.374000E+04   4.314000E-01
  5.759000E+02   1.376000E+04   4.333000E-01
  5.761000E+02   1.354000E+04   4.216000E-01
  5.763000E+02   1.385000E+04   4.402000E-01
  5.764000E+02   1.370000E+04   4.322000E-01
  5.766000E+02   1.375000E+04   4.361000E-01
  5.768000E+02   1.377000E+04   4.379000E-01
  5.770000E+02   1.361000E+04   4.299000E-01
  5.772000E+02   1.369000E+04   4.354000E-01
  5.773000E+02   1.380000E+04   4.427000E-01
  5.775000E+02   1.374000E+04   4.401000E-01
  5.777000E+02   1.376000E+04   4.418000E-01
  5.779000E+02   1.367000E+04   4.375000E-01
  5.781000E+02   1.341000E+04   4.235000E-01
  5.783000E+02   1.361000E+04   4.358000E-01
  5.784000E+02   1.353000E+04   4.320000E-01
  5.786000E+02   1.345000E+04   4.278000E-01
  5.788000E+02   1.366000E+04   4.411000E-01
  5.790000E+02   1.354000E+04   4.350000E-01
  5.792000E+02   1.367000E+04   4.433000E-01
  5.793000E+02   1.352000E+04   4.355000E-01
  5.795000E+02   1.352000E+04   4.365000E-01
  5.797000E+02   1.309000E+04   4.121000E-01
  5.799000E+02   1.343000E+04   4.331000E-01
  5.801000E+02   1.345000E+04   4.352000E-01
  5.802000E+02   1.319000E+04   4.207000E-01
  5.804000E+02   1.323000E+04   4.239000E-01
  5.806000E+02   1.326000E+04   4.264000E-01
  5.808000E+02   1.331000E+04   4.302000E-01
  5.810000E+02   1.295000E+04   4.099000E-01
  5.811000E+02   1.337000E+04   4.354000E-01
  5.813000E+02   1.314000E+04   4.230000E-01
  5.815000E+02   1.337000E+04   4.368000E-01
  5.817000E+02   1.306000E+04   4.200000E-01
  5.819000E+02   1.319000E+04   4.281000E-01
  5.820000E+02   1.325000E+04   4.328000E-01
  5.822000E+02   1.285000E+04   4.098000E-01
  5.824000E+02   1.323000E+04   4.328000E-01
  5.826000E+02   1.312000E+04   4.274000E-01
  5.828000E+02   1.278000E+04   4.082000E-01
  5.830000E+02   1.316000E+04   4.315000E-01
  5.831000E+02   1.281000E+04   4.118000E-01
  5.833000E+02   1.280000E+04   4.120000E-01
  5.835000E+02   1.306000E+04   4.280000E-01
  5.837000E+02   1.291000E+04   4.203000E-01
  5.839000E+02   1.295000E+04   4.234000E-01
  5.840000E+02   1.304000E+04   4.296000E-01
  5.842000E+02   1.284000E+04   4.187000E-01
  5.844000E+02   1.286000E+04   4.207000E-01
  5.846000E+02   1.278000E+04   4.168000E-01
  5.848000E+02   1.267000E+04   4.111000E-01
  5.849000E+02   1.286000E+04   4.227000E-01
  5.851000E+02   1.275000E+04   4.172000E-01
  5.853000E+02   1.273000E+04   4.169000E-01
  5.855000E+02   1.266000E+04   4.138000E-01
  5.857000E+02   1.277000E+04   4.208000E-01
  5.858000E+02   1.254000E+04   4.081000E-01
  5.860000E+02   1.269000E+04   4.181000E-01
  5.862000E+02   1.260000E+04   4.134000E-01
  5.864000E+02   1.253000E+04   4.098000E-01
  5.866000E+02   1.248000E+04   4.077000E-01
  5.868000E+02   1.254000E+04   4.122000E-01
  5.869000E+02   1.258000E+04   4.152000E-01
  5.871000E+02   1.259000E+04   4.172000E-01
  5.873000E+02   1.231000E+04   4.010000E-01
  5.875000E+02   1.261000E+04   4.198000E-01
  5.877000E+02   1.252000E+04   4.150000E-01
  5.878000E+02   1.222000E+04   3.982000E-01
  5.880000E+02   1.240000E+04   4.098000E-01
  5.882000E+02   1.238000E+04   4.093000E-01
  5.884000E+02   1.237000E+04   4.092000E-01
  5.886000E+02   1.254000E+04   4.205000E-01
  5.887000E+02   1.246000E+04   4.162000E-01
  5.889000E+02   1.217000E+04   3.996000E-01
  5.891000E+02   1.230000E+04   4.084000E-01
  5.893000E+02   1.241000E+04   4.158000E-01
  5.895000E+02   1.218000E+04   4.032000E-01
  5.896000E+02   1.216000E+04   4.027000E-01
  5.898000E+02   1.237000E+04   4.158000E-01
  5.900000E+02   1.222000E+04   4.079000E-01
  5.902000E+02   1.211000E+04   4.020000E-01
  5.904000E+02   1.211000E+04   4.029000E-01
  5.905000E+02   1.197000E+04   3.955000E-01
  5.907000E+02   1.215000E+04   4.069000E-01
  5.909000E+02   1.201000E+04   3.989000E-01
  5.911000E+02   1.225000E+04   4.144000E-01
  5.913000E+02   1.204000E+04   4.024000E-01
  5.915000E+02   1.216000E+04   4.105000E-01
  5.916000E+02   1.187000E+04   3.941000E-01
  5.918000E+02   1.232000E+04   4.221000E-01
  5.920000E+02   1.211000E+04   4.098000E-01
  5.922000E+02   1.180000E+04   3.921000E-01
  5.924000E+02   1.200000E+04   4.053000E-01
  5.925000E+02   1.218000E+04   4.168000E-01
  5.927000E+02   1.178000E+04   3.935000E-01
  5.929000E+02   1.191000E+04   4.018000E-01
  5.931000E+02   1.199000E+04   4.078000E-01
  5.933000E+02   1.192000E+04   4.042000E-01
  5.934000E+02   1.163000E+04   3.872000E-01
  5.936000E+02   1.177000E+04   3.965000E-01
  5.938000E+02   1.159000E+04   3.868000E-01
  5.940000E+02   1.164000E+04   3.901000E-01
  5.942000E+02   1.185000E+04   4.040000E-01
  5.943000E+02   1.179000E+04   4.013000E-01
  5.945000E+02   1.184000E+04   4.053000E-01
  5.947000E+02   1.159000E+04   3.903000E-01
  5.949000E+02   1.171000E+04   3.987000E-01
  5.951000E+02   1.181000E+04   4.059000E-01
  5.952000E+02   1.169000E+04   3.992000E-01
  5.954000E+02   1.159000E+04   3.937000E-01
  5.956000E+02   1.156000E+04   3.926000E-01
  5.958000E+02   1.175000E+04   4.052000E-01
  5.960000E+02   1.163000E+04   3.989000E-01
  5.962000E+02   1.164000E+04   4.002000E-01
  5.963000E+02   1.148000E+04   3.912000E-01
  5.965000E+02   1.138000E+04   3.859000E-01
  5.967000E+02   1.134000E+04   3.837000E-01
  5.969000E+02   1.140000E+04   3.882000E-01
  5.971000E+02   1.137000E+04   3.875000E-01
  5.972000E+02   1.146000E+04   3.935000E-01
  5.974000E+02   1.157000E+04   4.014000E-01
  5.976000E+02   1.141000E+04   3.921000E-01
  5.978000E+02   1.143000E+04   3.940000E-01
  5.980000E+02   1.144000E+04   3.955000E-01
  5.981000E+02   1.144000E+04   3.965000E-01
  5.983000E+02   1.123000E+04   3.843000E-01
  5.985000E+02   1.146000E+04   3.993000E-01
  5.987000E+02   1.131000E+04   3.909000E-01
  5.989000E+02   1.132000E+04   3.924000E-01
  5.990000E+02   1.137000E+04   3.963000E-01
  5.992000E+02   1.135000E+04   3.957000E-01
  5.994000E+02   1.124000E+04   3.896000E-01
  5.996000E+02   1.119000E+04   3.870000E-01
  5.998000E+02   1.105000E+04   3.792000E-01
  5.999000E+02   1.124000E+04   3.919000E-01
  6.001000E+02   1.120000E+04   3.904000E-01
  6.003000E+02   1.122000E+04   3.922000E-01
  6.005000E+02   1.113000E+04   3.873000E-01
  6.007000E+02   1.113000E+04   3.883000E-01
  6.009000E+02   1.106000E+04   3.846000E-01
  6.010000E+02   1.120000E+04   3.940000E-01
  6.012000E+02   1.137000E+04   4.057000E-01
  6.014000E+02   1.137000E+04   4.066000E-01
  6.016000E+02   1.085000E+04   3.749000E-01
  6.018000E+02   1.117000E+04   3.956000E-01
  6.019000E+02   1.086000E+04   3.771000E-01
  6.021000E+02   1.103000E+04   3.884000E-01
  6.023000E+02   1.094000E+04   3.837000E-01
  6.025000E+02   1.081000E+04   3.762000E-01
  6.027000E+02   1.074000E+04   3.728000E-01
  6.028000E+02   1.075000E+04   3.741000E-01
  6.030000E+02   1.085000E+04   3.810000E-01
  6.032000E+02   1.083000E+04   3.802000E-01
  6.034000E+02   1.103000E+04   3.938000E-01
  6.036000E+02   1.088000E+04   3.853000E-01
  6.037000E+02   1.100000E+04   3.934000E-01
  6.039000E+02   1.081000E+04   3.821000E-01
  6.041000E+02   1.090000E+04   3.885000E-01
  6.043000E+02   1.083000E+04   3.851000E-01
  6.045000E+02   1.073000E+04   3.797000E-01
  6.046000E+02   1.070000E+04   3.784000E-01
  6.048000E+02   1.076000E+04   3.829000E-01
  6.050000E+02   1.073000E+04   3.820000E-01
  6.052000E+02   1.078000E+04   3.859000E-01
  6.054000E+02   1.079000E+04   3.869000E-01
  6.056000E+02   1.065000E+04   3.794000E-01
  6.057000E+02   1.067000E+04   3.812000E-01
  6.059000E+02   1.068000E+04   3.827000E-01
  6.061000E+02   1.056000E+04   3.757000E-01
  6.063000E+02   1.072000E+04   3.866000E-01
  6.065000E+02   1.062000E+04   3.814000E-01
  6.066000E+02   1.056000E+04   3.782000E-01
  6.068000E+02   1.092000E+04   4.018000E-01
  6.070000E+02   1.061000E+04   3.830000E-01
  6.072000E+02   1.069000E+04   3.885000E-01
  6.074000E+02   1.047000E+04   3.752000E-01
  6.075000E+02   1.047000E+04   3.763000E-01
  6.077000E+02   1.076000E+04   3.953000E-01
  6.079000E+02   1.041000E+04   3.738000E-01
  6.081000E+02   1.049000E+04   3.796000E-01
  6.083000E+02   1.049000E+04   3.807000E-01
  6.084000E+02   1.057000E+04   3.866000E-01
  6.086000E+02   1.034000E+04   3.725000E-01
  6.088000E+02   1.052000E+04   3.846000E-01
  6.090000E+02   1.026000E+04   3.689000E-01
  6.092000E+02   1.043000E+04   3.808000E-01
  6.093000E+02   1.024000E+04   3.691000E-01
  6.095000E+02   1.037000E+04   3.782000E-01
  6.097000E+02   1.025000E+04   3.710000E-01
  6.099000E+02   1.028000E+04   3.739000E-01
  6.101000E+02   1.022000E+04   3.711000E-01
  6.103000E+02   1.024000E+04   3.729000E-01
  6.104000E+02   1.022000E+04   3.727000E-01
  6.106000E+02   1.025000E+04   3.748000E-01
  6.108000E+02   1.023000E+04   3.748000E-01
  6.110000E+02   1.042000E+04   3.874000E-01
  6.112000E+02   1.004000E+04   3.641000E-01
  6.113000E+02   1.018000E+04   3.739000E-01
  6.115000E+02   1.033000E+04   3.842000E-01
  6.117000E+02   1.014000E+04   3.729000E-01
  6.119000E+02   1.027000E+04   3.818000E-01
  6.121000E+02   1.008000E+04   3.703000E-01
  6.122000E+02   1.023000E+04   3.807000E-01
  6.124000E+02   1.019000E+04   3.786000E-01
  6.126000E+02   1.027000E+04   3.845000E-01
  6.128000E+02   1.024000E+04   3.837000E-01
  6.130000E+02   1.010000E+04   3.752000E-01
  6.131000E+02   1.017000E+04   3.805000E-01
  6.133000E+02   1.008000E+04   3.753000E-01
  6.135000E+02   1.019000E+04   3.832000E-01
  6.137000E+02   1.011000E+04   3.790000E-01
  6.139000E+02   1.003000E+04   3.745000E-01
  6.140000E+02   9.951000E+03   3.702000E-01
  6.142000E+02   1.012000E+04   3.818000E-01
  6.144000E+02   9.884000E+03   3.673000E-01
  6.146000E+02   1.004000E+04   3.782000E-01
  6.148000E+02   9.974000E+03   3.747000E-01
  6.150000E+02   1.009000E+04   3.833000E-01
  6.151000E+02   9.900000E+03   3.713000E-01
  6.153000E+02   9.905000E+03   3.725000E-01
  6.155000E+02   9.847000E+03   3.694000E-01
  6.157000E+02   1.008000E+04   3.853000E-01
  6.159000E+02   9.981000E+03   3.797000E-01