524.7713200000001	0.0
524.83132	0.0
524.8813200000001	0.0
524.9413200000001	0.0
524.9913200000001	0.0
525.05132	0.0
525.11132	0.0
525.16132	0.0
525.2213200000001	0.0
525.28132	0.0
525.33132	0.0
525.3913200000001	0.0
525.4413200000001	0.0
525.5013200000001	0.0
525.56132	0.0
525.61132	0.0
525.67132	0.0
525.7213200000001	0.0
525.78132	0.0
525.8413200000001	0.0
525.8913200000001	0.0
525.95132	0.0
526.0013200000001	0.0
526.06132	0.0
526.1213200000001	0.0
526.17132	0.0
526.2313200000001	0.0
526.29132	0.0
526.3413200000001	0.0
526.40132	0.0
526.45132	0.0
526.5113200000001	0.0
526.57132	0.0
526.6213200000001	0.0
526.68132	0.0
526.7313200000001	0.0
526.79132	0.0
526.8513200000001	0.0
526.90132	0.0
526.9613200000001	0.0
527.0113200000001	0.0
527.07132	0.0
527.1313200000001	0.0
527.18132	0.0
527.2413200000001	1.3274961639124383e-07
527.30132	4.4683247166743417e-07
527.3513200000001	1.4362961072434064e-06
527.41132	4.394422868374061e-06
527.4613200000001	1.2808285152635577e-05
527.5213200000001	3.5565264494509786e-05
527.58132	9.40818428208686e-05
527.6313200000001	0.00023709697336211984
527.69132	0.0005692235123219221
527.7413200000001	0.0013018987533456154
527.80132	0.002836670442001891
527.8613200000001	0.0058881372903649195
527.91132	0.011643520858680357
527.9713200000001	0.021934520197929405
528.0213200000001	0.03936491776072309
528.08132	0.0673019944699247
528.1413200000001	0.10961851373228408
528.19132	0.17008940933003447
528.2513200000001	0.2514247482591701
528.31132	0.35405942784285804
528.3613200000001	0.4749869635086769
528.42132	0.6070501986926462
528.4713200000001	0.7391029042317854
528.53132	0.8572798178938026
528.5913200000001	0.947278496008705
528.6413200000001	0.9971721608288701
528.70132	1.0
528.7513200000001	0.9553604144557982
528.81132	0.869504577473641
528.8713200000001	0.7539002562628703
528.92132	0.6227206921658061
528.9813200000001	0.4900158082896278
529.03132	0.3673366599109885
529.0913200000001	0.262334761796757
529.15132	0.1784780450815234
529.20132	0.11567809988932379
529.2613200000001	0.0714257613987682
529.32132	0.042014190222344795
529.3713200000001	0.02354368915098012
529.43132	0.012568701518933427
529.4813200000001	0.006392102049255829
529.54132	0.0030969513831627313
529.6013200000001	0.0014294287095624654
529.65132	0.0006286796021086168
529.7113200000001	0.0002637625393474311
529.7613200000001	0.00010653361998309263
529.82132	4.42514687752853e-05
529.8813200000001	2.6538290579905202e-05
529.93132	3.720273785545951e-05
529.9913200000001	8.35241426595258e-05
530.04132	0.0001988233429826794
530.1013200000001	0.00045771930876426246
530.16132	0.0010058479490546934
530.2113200000001	0.002106624190803843
530.2713200000001	0.004203660301067098
530.33132	0.00799220023470406
530.3813200000001	0.014478325279012666
530.44132	0.02499207779028985
530.4913200000001	0.041109481742623646
530.55132	0.06444170212324526
530.6113200000001	0.09627496775655517
530.66132	0.1370966866503195
530.7213200000001	0.1861078429691376
530.7713200000001	0.24087843240384743
530.83132	0.2973150610009806
530.8913200000001	0.35005601075824794
530.94132	0.3932900146244915
531.0013200000001	0.42184691708380956
531.05132	0.43229139277079254
531.1113200000001	0.4237214641527247
531.17132	0.39805385914699126
531.2213200000001	0.3597395170604538
531.28132	0.31502607414591605
531.3413200000001	0.27099532418900146
531.3913200000001	0.2346102103806341
531.45132	0.2119197782846015
531.5013200000001	0.20744935147090884
531.56132	0.2237189289087622
531.6213200000001	0.2608325363452369
531.67132	0.31616196813541164
531.7313200000001	0.3842568965923324
531.78132	0.4571728586539153
531.8413200000001	0.5253591434808628
531.90132	0.5790835434529388
531.95132	0.6101490722081412
532.0113200000001	0.6134811703770024
532.06132	0.5881283920349628
532.1213200000001	0.5373624082729233
532.18132	0.4678381174812482
532.2313200000001	0.3880707739115144
532.29132	0.3066829715128493
532.3513200000001	0.2308977181860036
532.40132	0.16561321201368703
532.4613200000001	0.11316554516278123
532.5113200000001	0.07366870507580202
532.57132	0.04569114110215383
532.6313200000001	0.02700799841072707
532.68132	0.015234685378140227
532.7413200000001	0.008247659764539679
532.79132	0.00439066961246733
532.8513200000001	0.002520322631930572
532.91132	0.001961884683802252
532.9613200000001	0.0024352752900644124
533.0213200000001	0.003986383392853289
533.07132	0.006932595533774644
533.1313200000001	0.011810181159295831
533.19132	0.019299164549184837
533.2413200000001	0.03010112742606938
533.30132	0.04475897671723638
533.3613200000001	0.06343385608718098
533.41132	0.08568750978429679
533.4713200000001	0.11034395480349082
533.5213200000001	0.13550888559557314
533.58132	0.15879474967329568
533.6413200000001	0.177739199720443
533.69132	0.1903289584762074
533.7513200000001	0.19548587940277617
533.80132	0.19336277646835415
533.8613200000001	0.18534746206204142
533.92132	0.17376933886489582
533.9713200000001	0.16140634793064082
534.03132	0.15095796844694898
534.08132	0.144650518912092
534.1413200000001	0.14407453201209786
534.20132	0.15024684654312678
534.2513200000001	0.16378964148174247
534.31132	0.1850695035250566
534.3713200000001	0.21416595927315674
534.42132	0.2506328146842316
534.4813200000001	0.2931383084997349
534.53132	0.339166161476825
534.5913200000001	0.3849805640191799
534.65132	0.42598488274739593
534.70132	0.4574588547011792
534.7613200000001	0.47549970753343535
534.81132	0.477887497464585
534.8713200000001	0.4645930531085643
534.93132	0.4377540825947037
534.9813200000001	0.4011210486135801
535.04132	0.35914959418784415
535.0913200000001	0.316023769626261
535.15132	0.27489497213017605
535.2113200000001	0.2375239262365945
535.2613200000001	0.20436061414132944
535.32132	0.17495238018077788
535.3813200000001	0.14848631770916423
535.43132	0.12426919933410056
535.4913200000001	0.10201576186831865
535.54132	0.08191446186774796
535.6013200000001	0.06452589480392136
535.66132	0.05061194699195597
535.7113200000001	0.0409859657516117
535.7713200000001	0.036429804582574235
535.82132	0.03766813063947229
535.8813200000001	0.04534873125785832
535.94132	0.05996644773974003
535.9913200000001	0.08169123517646962
536.05132	0.11011079994631442
536.1013200000001	0.14395724772601617
536.16132	0.1809315015948224
536.2213200000001	0.21774507984417274
536.2713200000001	0.25045279662453585
536.33132	0.2750580071345666
536.3913200000001	0.2882658166275354
536.44132	0.28818108610563004
536.5013200000001	0.27473884831715434
536.55132	0.24972656589839448
536.6113200000001	0.21638536110584866
536.67132	0.17871234815445391
536.7213200000001	0.1406718781064009
536.78132	0.1055303955496526
536.83132	0.07546286540922854
536.8913200000001	0.051473946361846906
536.95132	0.03358031695982686
537.0013200000001	0.021143636987223643
537.06132	0.01323675712065863
537.1113200000001	0.008955074943248513
537.17132	0.0076276307843404344
537.2313200000001	0.008918217764961494
537.28132	0.012826000383660077
537.3413200000001	0.019600044976117455
537.40132	0.02958218591019932
537.45132	0.042997567219581596
537.5113200000001	0.05972607513537964
537.56132	0.07910742811974361
537.6213200000001	0.0998443962370219
537.68132	0.12006190620976842
537.7313200000001	0.13754523528713078
