*********************  Core Excitation Data  ********************
****************  A.P. Hitchcock & D.C. Mancini  ****************
*
* Formula: C3N2H2(CN)2
* Name: Dicyanoimidazole
* Edge: C 1s
* Alpha Formula: C5H2N4
* Data Source: Hitchcock
* Filename:  di-0cckk.os
* Ref. Code: AHG93
* Write Date: 98/08/07
* Reference: J. Phys. Chem. 97 (1993) 6859.
* Source and Purity: U. Michigan (Gland) frm Jpn
* Acquisition Mode: EELS, 2 deg, 2500eV CRE mode, 0.7eV fwhm
*--------------------------------------------------------------
* No. of Spectra: 2	name1- 0dic	name2- 0dic.os
*   E (eV)        Raw data             Osc. Str. per atom (E-2)
*--------------------------------------------------------------
  2.779814E+02	  3.588166E+03	  3.893918E-04	
  2.781518E+02	  3.503662E+03	 -9.311447E-03	
  2.783464E+02	  3.527629E+03	 -5.647636E-03	
  2.785411E+02	  3.499930E+03	 -8.315934E-03	
  2.787114E+02	  3.456762E+03	 -1.298093E-02	
  2.789061E+02	  3.562328E+03	  7.168659E-04	
  2.791008E+02	  3.619161E+03	  8.445346E-03	
  2.792711E+02	  3.488855E+03	 -6.953071E-03	
  2.794658E+02	  3.462445E+03	 -9.482687E-03	
  2.796604E+02	  3.498670E+03	 -4.288483E-03	
  2.798308E+02	  3.505626E+03	 -2.791819E-03	
  2.800255E+02	  3.593261E+03	  8.774413E-03	
  2.802201E+02	  3.471330E+03	 -5.577516E-03	
  2.803904E+02	  3.432602E+03	 -9.740544E-03	
  2.805851E+02	  3.499609E+03	 -7.088220E-04	
  2.807798E+02	  3.609348E+03	  1.364572E-02	
  2.809501E+02	  3.503791E+03	  1.180205E-03	
  2.811448E+02	  3.441130E+03	 -5.882831E-03	
  2.813394E+02	  3.391468E+03	 -1.134309E-02	
  2.815098E+02	  3.540258E+03	  7.828778E-03	
  2.817044E+02	  3.440864E+03	 -3.834710E-03	
  2.818991E+02	  3.474412E+03	  1.079782E-03	
  2.820694E+02	  3.431254E+03	 -3.677022E-03	
  2.822641E+02	  3.567014E+03	  1.403459E-02	
  2.824344E+02	  3.546559E+03	  1.212184E-02	
  2.826291E+02	  3.542559E+03	  1.235975E-02	
  2.828238E+02	  3.489192E+03	  6.401414E-03	
  2.829941E+02	  3.524321E+03	  1.145525E-02	
  2.831888E+02	  3.468981E+03	  5.234337E-03	
  2.833835E+02	  3.486936E+03	  8.225096E-03	
  2.835538E+02	  3.440662E+03	  3.036968E-03	
  2.837484E+02	  3.543123E+03	  1.668627E-02	
  2.839431E+02	  3.533117E+03	  1.616442E-02	
  2.841134E+02	  3.523586E+03	  1.560791E-02	
  2.843081E+02	  3.572332E+03	  2.251284E-02	
  2.845028E+02	  3.642763E+03	  3.217640E-02	
  2.846731E+02	  3.750160E+03	  4.644734E-02	
  2.848678E+02	  3.918492E+03	  6.857076E-02	
  2.848836E+02	  3.934360E+03	  7.064813E-02	
  2.849324E+02	  3.930680E+03	  7.038032E-02	
  2.849812E+02	  4.072923E+03	  8.863422E-02	
  2.850301E+02	  4.151109E+03	  9.876472E-02	
  2.850789E+02	  4.246226E+03	  1.110503E-01	
  2.851033E+02	  4.271178E+03	  1.143242E-01	
  2.851522E+02	  4.344475E+03	  1.238462E-01	
  2.852010E+02	  4.462106E+03	  1.390071E-01	
  2.852498E+02	  4.588117E+03	  1.552405E-01	
  2.852986E+02	  4.771728E+03	  1.788056E-01	
  2.853475E+02	  4.914322E+03	  1.971665E-01	
  2.853719E+02	  5.048196E+03	  2.143094E-01	
  2.854207E+02	  5.216624E+03	  2.359728E-01	
  2.854696E+02	  5.546854E+03	  2.782374E-01	
  2.855184E+02	  5.963140E+03	  3.314772E-01	
  2.855672E+02	  6.407004E+03	  3.882554E-01	
  2.856161E+02	  6.902017E+03	  4.515765E-01	
  2.856649E+02	  7.591474E+03	  5.396990E-01	
  2.856893E+02	  8.035341E+03	  5.964077E-01	
  2.857382E+02	  8.739112E+03	  6.864247E-01	
  2.857870E+02	  9.717445E+03	  8.114851E-01	
  2.858358E+02	  1.080959E+04	  9.511197E-01	
  2.858847E+02	  1.189126E+04	  1.089490E+00	
  2.859335E+02	  1.320054E+04	  1.256966E+00	
  2.859823E+02	  1.468192E+04	  1.446486E+00	
  2.860067E+02	  1.534468E+04	  1.531337E+00	
  2.860556E+02	  1.664436E+04	  1.697807E+00	
  2.861044E+02	  1.805749E+04	  1.878846E+00	
  2.861532E+02	  1.951898E+04	  2.066152E+00	
  2.862021E+02	  2.100089E+04	  2.256163E+00	
  2.862509E+02	  2.230599E+04	  2.423677E+00	
  2.862997E+02	  2.357704E+04	  2.586926E+00	
  2.863242E+02	  2.406804E+04	  2.650108E+00	
  2.863730E+02	  2.497236E+04	  2.766586E+00	
  2.864218E+02	  2.571558E+04	  2.862522E+00	
  2.864707E+02	  2.629472E+04	  2.937515E+00	
  2.865195E+02	  2.667768E+04	  2.987445E+00	
  2.865683E+02	  2.673893E+04	  2.996225E+00	
  2.865927E+02	  2.652317E+04	  2.969078E+00	
  2.866416E+02	  2.624580E+04	  2.934501E+00	
  2.866904E+02	  2.582879E+04	  2.882022E+00	
  2.867393E+02	  2.524560E+04	  2.808228E+00	
  2.867881E+02	  2.430966E+04	  2.689197E+00	
  2.868369E+02	  2.332031E+04	  2.563259E+00	
  2.868857E+02	  2.220509E+04	  2.421121E+00	
  2.869102E+02	  2.140285E+04	  2.318660E+00	
  2.869590E+02	  2.023197E+04	  2.169266E+00	
  2.870078E+02	  1.908079E+04	  2.022324E+00	
  2.870567E+02	  1.773221E+04	  1.849978E+00	
  2.871055E+02	  1.634437E+04	  1.672504E+00	
  2.871543E+02	  1.526231E+04	  1.534196E+00	
  2.872032E+02	  1.414466E+04	  1.391247E+00	
  2.872276E+02	  1.335692E+04	  1.290346E+00	
  2.872764E+02	  1.249183E+04	  1.179725E+00	
  2.873253E+02	  1.154804E+04	  1.058933E+00	
  2.873741E+02	  1.068208E+04	  9.480850E-01	
  2.874229E+02	  9.969383E+03	  8.568823E-01	
  2.874717E+02	  9.259477E+03	  7.659925E-01	
  2.875206E+02	  8.778581E+03	  7.045124E-01	
  2.875450E+02	  8.495104E+03	  6.682252E-01	
  2.875938E+02	  8.036030E+03	  6.095044E-01	
  2.876427E+02	  7.725314E+03	  5.698481E-01	
  2.876915E+02	  7.499956E+03	  5.411602E-01	
  2.877403E+02	  7.315793E+03	  5.177624E-01	
  2.877892E+02	  7.235138E+03	  5.076846E-01	
  2.878380E+02	  7.159543E+03	  4.982536E-01	
  2.878624E+02	  7.067200E+03	  4.865079E-01	
  2.879113E+02	  7.073820E+03	  4.876643E-01	
  2.879601E+02	  6.995959E+03	  4.779297E-01	
  2.880089E+02	  7.014449E+03	  4.806145E-01	
  2.880577E+02	  6.955259E+03	  4.732812E-01	
  2.881066E+02	  7.026986E+03	  4.828345E-01	
  2.881310E+02	  6.975835E+03	  4.763852E-01	
  2.881798E+02	  7.066939E+03	  4.884437E-01	
  2.882287E+02	  7.076699E+03	  4.900067E-01	
  2.882775E+02	  7.142839E+03	  4.988508E-01	
  2.883263E+02	  7.161854E+03	  5.016123E-01	
  2.883752E+02	  7.224503E+03	  5.100125E-01	
  2.884240E+02	  7.179978E+03	  5.045671E-01	
  2.884484E+02	  7.207897E+03	  5.083290E-01	
  2.884973E+02	  7.276133E+03	  5.174583E-01	
  2.885461E+02	  7.323599E+03	  5.239061E-01	
  2.885949E+02	  7.336499E+03	  5.258864E-01	
  2.886437E+02	  7.283426E+03	  5.193322E-01	
  2.886926E+02	  7.399135E+03	  5.346162E-01	
  2.887414E+02	  7.429840E+03	  5.389054E-01	
  2.887658E+02	  7.511873E+03	  5.496826E-01	
  2.888147E+02	  7.465956E+03	  5.440550E-01	
  2.888635E+02	  7.574857E+03	  5.584766E-01	
  2.889123E+02	  7.572925E+03	  5.585464E-01	
  2.889612E+02	  7.679039E+03	  5.726176E-01	
  2.890100E+02	  7.764376E+03	  5.840027E-01	
  2.890588E+02	  7.758779E+03	  5.836037E-01	
  2.890833E+02	  7.828769E+03	  5.928423E-01	
  2.891321E+02	  7.925975E+03	  6.057791E-01	
  2.891809E+02	  7.963140E+03	  6.109324E-01	
  2.892297E+02	  8.035391E+03	  6.206414E-01	
  2.892786E+02	  7.998548E+03	  6.161945E-01	
  2.893274E+02	  8.148297E+03	  6.359718E-01	
  2.893518E+02	  8.112155E+03	  6.314484E-01	
  2.894007E+02	  8.126108E+03	  6.335987E-01	
  2.894495E+02	  8.049641E+03	  6.240029E-01	
  2.894983E+02	  8.189093E+03	  6.424608E-01	
  2.895471E+02	  8.228528E+03	  6.479274E-01	
  2.895960E+02	  8.271974E+03	  6.539180E-01	
  2.896448E+02	  8.329911E+03	  6.617963E-01	
  2.896693E+02	  8.313149E+03	  6.597890E-01	
  2.897181E+02	  8.372479E+03	  6.678524E-01	
  2.897669E+02	  8.367579E+03	  6.675618E-01	
  2.898157E+02	  8.540542E+03	  6.904218E-01	
  2.898646E+02	  8.536343E+03	  6.902275E-01	
  2.899134E+02	  8.708084E+03	  7.129456E-01	
  2.899622E+02	  8.696200E+03	  7.117559E-01	
  2.899867E+02	  8.839501E+03	  7.306033E-01	
  2.900355E+02	  9.030269E+03	  7.558246E-01	
  2.900843E+02	  9.136031E+03	  7.699788E-01	
  2.901331E+02	  9.363979E+03	  8.000699E-01	
  2.901820E+02	  9.470438E+03	  8.143331E-01	
  2.902308E+02	  9.750753E+03	  8.512808E-01	
  2.902797E+02	  9.929475E+03	  8.749918E-01	
  2.903041E+02	  9.995797E+03	  8.838457E-01	
  2.903529E+02	  1.013996E+04	  9.030636E-01	
  2.904017E+02	  1.038501E+04	  9.354616E-01	
  2.904506E+02	  1.047018E+04	  9.469973E-01	
  2.904994E+02	  1.062307E+04	  9.673850E-01	
  2.905482E+02	  1.078155E+04	  9.885122E-01	
  2.905727E+02	  1.072150E+04	  9.808785E-01	
  2.906215E+02	  1.090075E+04	  1.004732E+00	
  2.906703E+02	  1.080683E+04	  9.928840E-01	
  2.907191E+02	  1.074502E+04	  9.852294E-01	
  2.907680E+02	  1.081675E+04	  9.950372E-01	
  2.908168E+02	  1.068513E+04	  9.782448E-01	
  2.908657E+02	  1.061861E+04	  9.699633E-01	
  2.908901E+02	  1.056589E+04	  9.632741E-01	
  2.909389E+02	  1.039673E+04	  9.415490E-01	
  2.909877E+02	  1.034418E+04	  9.350814E-01	
  2.910366E+02	  1.041416E+04	  9.446610E-01	
  2.910854E+02	  1.029301E+04	  9.292035E-01	
  2.911342E+02	  1.017483E+04	  9.141265E-01	
  2.911831E+02	  1.014758E+04	  9.109632E-01	
  2.912075E+02	  1.009434E+04	  9.041861E-01	
  2.912563E+02	  1.014686E+04	  9.114784E-01	
  2.913051E+02	  1.003479E+04	  8.971850E-01	
  2.913540E+02	  1.007387E+04	  9.027154E-01	
  2.914028E+02	  1.000072E+04	  8.935204E-01	
  2.914517E+02	  1.004784E+04	  9.001068E-01	
  2.915005E+02	  9.958982E+03	  8.888440E-01	
  2.915249E+02	  1.002181E+04	  8.972943E-01	
  2.915737E+02	  1.006980E+04	  9.040000E-01	
  2.916226E+02	  9.936954E+03	  8.869517E-01	
  2.916714E+02	  9.998730E+03	  8.954699E-01	
  2.917202E+02	  1.001023E+04	  8.973837E-01	
  2.917691E+02	  1.004408E+04	  9.022370E-01	
  2.918179E+02	  1.007863E+04	  9.071840E-01	
  2.918423E+02	  1.006571E+04	  9.056867E-01	
  2.918912E+02	  1.016571E+04	  9.192480E-01	
  2.919400E+02	  1.011490E+04	  9.129695E-01	
  2.919888E+02	  1.019606E+04	  9.240575E-01	
  2.920377E+02	  1.035209E+04	  9.450097E-01	
  2.920865E+02	  1.030337E+04	  9.390081E-01	
  2.921109E+02	  1.054791E+04	  9.714223E-01	
  2.921597E+02	  1.047982E+04	  9.628727E-01	
  2.922086E+02	  1.058175E+04	  9.767220E-01	
  2.922574E+02	  1.072451E+04	  9.959615E-01	
  2.923062E+02	  1.087426E+04	  1.016131E+00	
  2.923551E+02	  1.097077E+04	  1.029289E+00	
  2.924039E+02	  1.110097E+04	  1.046899E+00	
  2.924283E+02	  1.119976E+04	  1.060151E+00	
  2.924772E+02	  1.141375E+04	  1.088830E+00	
  2.925260E+02	  1.142281E+04	  1.090475E+00	
  2.925748E+02	  1.161306E+04	  1.116042E+00	
  2.926237E+02	  1.164673E+04	  1.120945E+00	
  2.926725E+02	  1.185652E+04	  1.149114E+00	
  2.927213E+02	  1.205270E+04	  1.175497E+00	
  2.927457E+02	  1.209686E+04	  1.181567E+00	
  2.927946E+02	  1.221170E+04	  1.197218E+00	
  2.928434E+02	  1.226911E+04	  1.205284E+00	
  2.928922E+02	  1.240482E+04	  1.223708E+00	
  2.929411E+02	  1.250825E+04	  1.237872E+00	
  2.929899E+02	  1.266021E+04	  1.258462E+00	
  2.930388E+02	  1.270538E+04	  1.264931E+00	
  2.930632E+02	  1.281880E+04	  1.280189E+00	
  2.931120E+02	  1.287392E+04	  1.287984E+00	
  2.932384E+02	  1.315512E+04	  1.326525E+00	
  2.934331E+02	  1.288622E+04	  1.292893E+00	
  2.936278E+02	  1.270836E+04	  1.271275E+00	
  2.937981E+02	  1.271105E+04	  1.273355E+00	
  2.939928E+02	  1.229167E+04	  1.219553E+00	
  2.941874E+02	  1.189844E+04	  1.169123E+00	
  2.943578E+02	  1.172919E+04	  1.148205E+00	
  2.945524E+02	  1.164253E+04	  1.138489E+00	
  2.947471E+02	  1.112101E+04	  1.070700E+00	
  2.949174E+02	  1.132171E+04	  1.099058E+00	
  2.951121E+02	  1.108023E+04	  1.068553E+00	
  2.953068E+02	  1.099074E+04	  1.058331E+00	
  2.954771E+02	  1.078704E+04	  1.032567E+00	
  2.956718E+02	  1.080862E+04	  1.037182E+00	
  2.958665E+02	  1.085380E+04	  1.044973E+00	
  2.960368E+02	  1.095250E+04	  1.059750E+00	
  2.962314E+02	  1.092428E+04	  1.057700E+00	
  2.964261E+02	  1.111813E+04	  1.085541E+00	
  2.965964E+02	  1.118395E+04	  1.095959E+00	
  2.967911E+02	  1.107417E+04	  1.082930E+00	
  2.969615E+02	  1.102966E+04	  1.078466E+00	
  2.971561E+02	  1.097911E+04	  1.073393E+00	
  2.973508E+02	  1.118370E+04	  1.102820E+00	
  2.975211E+02	  1.117843E+04	  1.103666E+00	
  2.977158E+02	  1.097656E+04	  1.078090E+00	
  2.979104E+02	  1.110082E+04	  1.096702E+00	
  2.980808E+02	  1.088595E+04	  1.069080E+00	
  2.982755E+02	  1.104634E+04	  1.092621E+00	
  2.984701E+02	  1.110913E+04	  1.102930E+00	
  2.986404E+02	  1.101197E+04	  1.091255E+00	
  2.988351E+02	  1.089974E+04	  1.077723E+00	
  2.990298E+02	  1.117912E+04	  1.117585E+00	
  2.992001E+02	  1.108092E+04	  1.105740E+00	
  2.993948E+02	  1.100239E+04	  1.096783E+00	
  2.995894E+02	  1.089918E+04	  1.084428E+00	
  2.997598E+02	  1.119936E+04	  1.127061E+00	
  2.999544E+02	  1.113130E+04	  1.119527E+00	
  3.001491E+02	  1.097354E+04	  1.099668E+00	
  3.003194E+02	  1.108841E+04	  1.116984E+00	
  3.005141E+02	  1.123694E+04	  1.139178E+00	
  3.007088E+02	  1.115523E+04	  1.129738E+00	
  3.008791E+02	  1.110839E+04	  1.124856E+00	
  3.010738E+02	  1.085652E+04	  1.091926E+00	
  3.012684E+02	  1.078921E+04	  1.084392E+00	
  3.014388E+02	  1.094618E+04	  1.107592E+00	
  3.016335E+02	  1.049023E+04	  1.046341E+00	
  3.018038E+02	  1.047083E+04	  1.045149E+00	
  3.019984E+02	  1.024504E+04	  1.015589E+00	
  3.021931E+02	  1.037648E+04	  1.035478E+00	
  3.023634E+02	  1.024271E+04	  1.018404E+00	
  3.025581E+02	  1.007168E+04	  9.963313E-01	
  3.027528E+02	  1.006523E+04	  9.970866E-01	
  3.029231E+02	  1.005688E+04	  9.973699E-01	
  3.031178E+02	  9.977972E+03	  9.880341E-01	
  3.033124E+02	  9.819802E+03	  9.676315E-01	
  3.034828E+02	  9.822339E+03	  9.694034E-01	
  3.036774E+02	  9.864867E+03	  9.769628E-01	
  3.038721E+02	  9.712360E+03	  9.572769E-01	
  3.040424E+02	  9.777716E+03	  9.678257E-01	
  3.042371E+02	  9.691607E+03	  9.573870E-01	
  3.044318E+02	  9.484169E+03	  9.299219E-01	
  3.046021E+02	  9.520285E+03	  9.363697E-01	
  3.047968E+02	  9.469888E+03	  9.308786E-01	
  3.049915E+02	  9.579380E+03	  9.478443E-01	
  3.051618E+02	  9.563985E+03	  9.470736E-01	
  3.053564E+02	  9.486043E+03	  9.376926E-01	
  3.055511E+02	  9.479361E+03	  9.383337E-01	
  3.057214E+02	  9.483678E+03	  9.403267E-01	
  3.059161E+02	  9.489080E+03	  9.426728E-01	
  3.061108E+02	  9.428602E+03	  9.357114E-01	
  3.062811E+02	  9.434639E+03	  9.379452E-01	
  3.064758E+02	  9.470353E+03	  9.445797E-01	
  3.066461E+02	  9.487287E+03	  9.483653E-01	
  3.068408E+02	  9.402500E+03	  9.379278E-01	
  3.070354E+02	  9.258645E+03	  9.190824E-01	
  3.072058E+02	  9.394782E+03	  9.397870E-01	
  3.074005E+02	  9.470825E+03	  9.521776E-01	
  3.075951E+02	  9.232154E+03	  9.197906E-01	
  3.077654E+02	  9.477183E+03	  9.560597E-01	
  3.079601E+02	  9.287157E+03	  9.305510E-01	
  3.081548E+02	  9.159728E+03	  9.139262E-01	
  3.083251E+02	  9.216878E+03	  9.234444E-01	
  3.085198E+02	  9.217351E+03	  9.250677E-01	
  3.087144E+02	  9.314284E+03	  9.404984E-01	
  3.088848E+02	  9.193314E+03	  9.245433E-01	
  3.090794E+02	  9.211077E+03	  9.286448E-01	
  3.092741E+02	  9.200554E+03	  9.286917E-01	
  3.094445E+02	  9.061904E+03	  9.101384E-01	
  3.096391E+02	  9.109248E+03	  9.184832E-01	
  3.098338E+02	  9.202272E+03	  9.334162E-01	
  3.100041E+02	  9.277008E+03	  9.455445E-01	
  3.101988E+02	  9.048589E+03	  9.141827E-01	
  3.103934E+02	  9.152747E+03	  9.307522E-01	
  3.105638E+02	  9.146527E+03	  9.312134E-01	
  3.107585E+02	  9.085749E+03	  9.239805E-01	
  3.109531E+02	  9.092234E+03	  9.264647E-01	
  3.111234E+02	  9.149104E+03	  9.360542E-01	
  3.113181E+02	  8.978250E+03	  9.128433E-01	
  3.114884E+02	  9.057760E+03	  9.257193E-01	
  3.116831E+02	  8.894044E+03	  9.034896E-01	
  3.118778E+02	  8.780555E+03	  8.885162E-01	
  3.120481E+02	  8.959820E+03	  9.159132E-01	
  3.122428E+02	  8.860946E+03	  9.030488E-01	
  3.124374E+02	  8.635513E+03	  8.717124E-01	
  3.126078E+02	  8.715304E+03	  8.846543E-01	
  3.128024E+02	  8.883159E+03	  9.106624E-01	
  3.129971E+02	  8.794171E+03	  8.991818E-01	
  3.131674E+02	  8.887570E+03	  9.141665E-01	
  3.133621E+02	  8.613154E+03	  8.755184E-01	
  3.135568E+02	  8.577221E+03	  8.717416E-01	
  3.137271E+02	  8.550686E+03	  8.691491E-01	
  3.139218E+02	  8.678918E+03	  8.894545E-01	
  3.141165E+02	  8.699247E+03	  8.939414E-01	
  3.142868E+02	  8.599105E+03	  8.805301E-01	
  3.144814E+02	  8.552228E+03	  8.751202E-01	
  3.146761E+02	  8.429866E+03	  8.585768E-01	
  3.148464E+02	  8.428290E+03	  8.596283E-01	
  3.150411E+02	  8.381183E+03	  8.541439E-01	
  3.152358E+02	  8.357741E+03	  8.521430E-01	
  3.154061E+02	  8.257271E+03	  8.385656E-01	
  3.156008E+02	  8.267656E+03	  8.415485E-01	
  3.157954E+02	  8.390210E+03	  8.611498E-01	
  3.159658E+02	  8.219852E+03	  8.371775E-01	
  3.161604E+02	  8.145609E+03	  8.276034E-01	
  3.163308E+02	  8.211809E+03	  8.386881E-01	
  3.165255E+02	  8.203623E+03	  8.389137E-01	
  3.167201E+02	  8.245302E+03	  8.465568E-01	
  3.168904E+02	  8.102875E+03	  8.266161E-01	
  3.170851E+02	  8.172083E+03	  8.383598E-01	
  3.172798E+02	  7.944170E+03	  8.057991E-01	
  3.174501E+02	  7.990423E+03	  8.139366E-01	
  3.176448E+02	  8.038249E+03	  8.224988E-01	
  3.178394E+02	  7.871797E+03	  7.990233E-01	
  3.180098E+02	  7.966878E+03	  8.144813E-01	
  3.182044E+02	  7.798175E+03	  7.906165E-01	
  3.183991E+02	  7.804394E+03	  7.929395E-01	
  3.185695E+02	  7.672462E+03	  7.743546E-01	
  3.187641E+02	  7.788910E+03	  7.932232E-01	
  3.189588E+02	  7.701963E+03	  7.815391E-01	
  3.191291E+02	  7.630332E+03	  7.719654E-01	
  3.193238E+02	  7.686530E+03	  7.818007E-01	
  3.195184E+02	  7.709998E+03	  7.867169E-01	
  3.196888E+02	  7.812829E+03	  8.034433E-01	
  3.198835E+02	  7.601152E+03	  7.728683E-01	
  3.200781E+02	  7.633951E+03	  7.791944E-01	
  3.202484E+02	  7.581258E+03	  7.724229E-01	
  3.204431E+02	  7.752876E+03	  7.997787E-01	
  3.206378E+02	  7.618187E+03	  7.807526E-01	
  3.208081E+02	  7.478997E+03	  7.608376E-01	
  3.210028E+02	  7.583921E+03	  7.781227E-01	
  3.211731E+02	  7.511623E+03	  7.683329E-01	
  3.213678E+02	  7.408338E+03	  7.539816E-01	
  3.215624E+02	  7.213872E+03	  7.257200E-01	
  3.217328E+02	  7.404191E+03	  7.558715E-01	
  3.219274E+02	  7.377532E+03	  7.531508E-01	
  3.221221E+02	  7.316123E+03	  7.451188E-01	
  3.222924E+02	  7.352559E+03	  7.518521E-01	
  3.224871E+02	  7.376424E+03	  7.568408E-01	
  3.226818E+02	  7.465359E+03	  7.717950E-01	
  3.228521E+02	  7.456470E+03	  7.716203E-01	
  3.230468E+02	  7.266352E+03	  7.438283E-01	
  3.232415E+02	  7.151600E+03	  7.275485E-01	
  3.234118E+02	  7.242091E+03	  7.425951E-01	
  3.236064E+02	  7.125128E+03	  7.259427E-01	
  3.238011E+02	  7.064754E+03	  7.179648E-01	
  3.239714E+02	  7.010976E+03	  7.108238E-01	
  3.241661E+02	  7.228114E+03	  7.455847E-01	
  3.243608E+02	  7.237270E+03	  7.483240E-01	
  3.245311E+02	  6.944179E+03	  7.042381E-01	
  3.247258E+02	  7.252182E+03	  7.531196E-01	
  3.249204E+02	  7.024627E+03	  7.192564E-01	
  3.250908E+02	  7.174029E+03	  7.435194E-01	
  3.252854E+02	  7.154520E+03	  7.418185E-01	
  3.254801E+02	  7.061415E+03	  7.287001E-01	
  3.256505E+02	  6.939422E+03	  7.109109E-01	
  3.258451E+02	  6.991835E+03	  7.203424E-01	
  3.260154E+02	  7.052446E+03	  7.309003E-01	
  3.262101E+02	  7.056907E+03	  7.329012E-01	
  3.264048E+02	  7.082262E+03	  7.381579E-01	
  3.265751E+02	  7.039882E+03	  7.327000E-01	
  3.267698E+02	  6.965166E+03	  7.223504E-01	
  3.269644E+02	  6.939129E+03	  7.195812E-01	
  3.271348E+02	  6.821008E+03	  7.022537E-01	
  3.273294E+02	  6.917665E+03	  7.186487E-01	
  3.275241E+02	  6.956646E+03	  7.260424E-01	
  3.276945E+02	  6.925501E+03	  7.222978E-01	
  3.278891E+02	  6.899514E+03	  7.195153E-01	
  3.280838E+02	  6.962402E+03	  7.306762E-01	
  3.282541E+02	  6.897367E+03	  7.215970E-01	
  3.284488E+02	  6.768500E+03	  7.026263E-01	
  3.286434E+02	  6.846210E+03	  7.161277E-01	
  3.288138E+02	  6.905468E+03	  7.265840E-01	
  3.290085E+02	  6.803451E+03	  7.117957E-01	
  3.292031E+02	  6.812591E+03	  7.145167E-01	
  3.293734E+02	  6.697897E+03	  6.975271E-01	
  3.295681E+02	  6.748789E+03	  7.068350E-01	
  3.297628E+02	  6.785482E+03	  7.139120E-01	
  3.299331E+02	  6.686794E+03	  6.994072E-01	
  3.301278E+02	  6.658715E+03	  6.962228E-01	
  3.303224E+02	  6.674619E+03	  7.000060E-01	
  3.304928E+02	  6.710993E+03	  7.068850E-01	
  3.306874E+02	  6.674319E+03	  7.023284E-01	
  3.308821E+02	  6.664917E+03	  7.020981E-01	
  3.310525E+02	  6.651555E+03	  7.010779E-01	
  3.312471E+02	  6.581407E+03	  6.911677E-01	
  3.314174E+02	  6.610479E+03	  6.968976E-01	
  3.316121E+02	  6.553859E+03	  6.891222E-01	
  3.318068E+02	  6.452755E+03	  6.742278E-01	
  3.319771E+02	  6.601376E+03	  6.990589E-01	
  3.321718E+02	  6.668617E+03	  7.110711E-01	
  3.323665E+02	  6.612979E+03	  7.034316E-01	
  3.325368E+02	  6.567788E+03	  6.972937E-01	
  3.327314E+02	  6.477138E+03	  6.840113E-01	