   515.00       0.000000       0.000000       0.000000       0.000000
   515.06       0.000000       0.000000       0.000000       0.000000
   515.11       0.000000       0.000000       0.000000       0.000000
   515.17       0.000000       0.000000       0.000000       0.000000
   515.22       0.000000       0.000000       0.000000       0.000000
   515.28       0.000000       0.000000       0.000000       0.000000
   515.34       0.000000       0.000000       0.000000       0.000000
   515.39       0.000000       0.000000       0.000000       0.000000
   515.45       0.000000       0.000000       0.000000       0.000000
   515.51       0.000000       0.000000       0.000000       0.000000
   515.56       0.000000       0.000000       0.000000       0.000000
   515.62       0.000000       0.000000       0.000000       0.000000
   515.67       0.000000       0.000000       0.000000       0.000000
   515.73       0.000000       0.000000       0.000000       0.000000
   515.79       0.000000       0.000000       0.000000       0.000000
   515.84       0.000000       0.000000       0.000000       0.000000
   515.90       0.000000       0.000000       0.000000       0.000000
   515.95       0.000000       0.000000       0.000000       0.000000
   516.01       0.000000       0.000000       0.000000       0.000000
   516.07       0.000000       0.000000       0.000000       0.000000
   516.12       0.000000       0.000000       0.000000       0.000000
   516.18       0.000000       0.000000       0.000000       0.000000
   516.23       0.000000       0.000000       0.000000       0.000000
   516.29       0.000000       0.000000       0.000000       0.000000
   516.35       0.000000       0.000000       0.000000       0.000000
   516.40       0.000000       0.000000       0.000000       0.000000
   516.46       0.000000       0.000000       0.000000       0.000000
   516.52       0.000000       0.000000       0.000000       0.000000
   516.57       0.000000       0.000000       0.000000       0.000000
   516.63       0.000000       0.000000       0.000000       0.000000
   516.68       0.000000       0.000000       0.000000       0.000000
   516.74       0.000000       0.000000       0.000000       0.000000
   516.80       0.000000       0.000000       0.000000       0.000000
   516.85       0.000000       0.000000       0.000000       0.000000
   516.91       0.000000       0.000000       0.000000       0.000000
   516.96       0.000000       0.000000       0.000000       0.000000
   517.02       0.000000       0.000000       0.000000       0.000000
   517.08       0.000000       0.000000       0.000000       0.000000
   517.13       0.000000       0.000000       0.000000       0.000000
   517.19       0.000000       0.000000       0.000000       0.000000
   517.24       0.000000       0.000000       0.000000       0.000000
   517.30       0.000000       0.000000       0.000000       0.000000
   517.36       0.000000       0.000000       0.000000       0.000000
   517.41       0.000000       0.000000       0.000000       0.000000
   517.47       0.000000       0.000000       0.000000       0.000000
   517.53       0.000000       0.000000       0.000000       0.000000
   517.58       0.000000       0.000000       0.000000       0.000000
   517.64       0.000000       0.000000       0.000000       0.000000
   517.69       0.000000       0.000000       0.000000       0.000000
   517.75       0.000000       0.000000       0.000000       0.000000
   517.81       0.000000       0.000000       0.000000       0.000000
   517.86       0.000000       0.000000       0.000000       0.000000
   517.92       0.000000       0.000000       0.000000       0.000000
   517.97       0.000000       0.000000       0.000000       0.000000
   518.03       0.000000       0.000000       0.000000       0.000000
   518.09       0.000000       0.000000       0.000000       0.000000
   518.14       0.000000       0.000000       0.000000       0.000000
   518.20       0.000000       0.000000       0.000000       0.000000
   518.25       0.000000       0.000000       0.000000       0.000000
   518.31       0.000000       0.000000       0.000000       0.000000
   518.37       0.000000       0.000000       0.000000       0.000000
   518.42       0.000000       0.000000       0.000000       0.000000
   518.48       0.000000       0.000000       0.000000       0.000000
   518.54       0.000000       0.000000       0.000000       0.000000
   518.59       0.000000       0.000000       0.000000       0.000000
   518.65       0.000000       0.000000       0.000000       0.000000
   518.70       0.000000       0.000000       0.000000       0.000000
   518.76       0.000000       0.000000       0.000000       0.000000
   518.82       0.000000       0.000000       0.000000       0.000000
   518.87       0.000000       0.000000       0.000000       0.000000
   518.93       0.000000       0.000000       0.000000       0.000000
   518.98       0.000000       0.000000       0.000000       0.000000
   519.04       0.000000       0.000000       0.000000       0.000000
   519.10       0.000000       0.000000       0.000000       0.000000
   519.15       0.000000       0.000000       0.000000       0.000000
   519.21       0.000000       0.000000       0.000000       0.000000
   519.26       0.000050       0.000000       0.000000       0.000050
   519.32       0.000170       0.000000       0.000000       0.000170
   519.38       0.000545       0.000000       0.000000       0.000544
   519.43       0.001665       0.000000       0.000001       0.001664
   519.49       0.004846       0.000000       0.000002       0.004844
   519.55       0.013443       0.000000       0.000006       0.013437
   519.60       0.035523       0.000001       0.000016       0.035506
   519.66       0.089426       0.000003       0.000039       0.089384
   519.71       0.214464       0.000007       0.000094       0.214363
   519.77       0.489986       0.000015       0.000214       0.489757
   519.83       1.066481       0.000033       0.000467       1.065982
   519.88       2.211368       0.000068       0.000967       2.210333
   519.94       4.368256       0.000134       0.001911       4.366211
   519.99       8.220422       0.000252       0.003596       8.216573
   520.05      14.737344       0.000453       0.006447      14.730444
   520.11      25.170014       0.000773       0.011012      25.158229
   520.16      40.953107       0.001258       0.017918      40.933931
   520.22      63.478908       0.001950       0.027774      63.449185
   520.27      93.737050       0.002880       0.041014      93.693156
   520.33     131.865865       0.004052       0.057699     131.804114
   520.39     176.722893       0.005432       0.077329     176.640132
   520.44     225.627791       0.006936       0.098731     225.522124
   520.50     274.430117       0.008437       0.120090     274.301589
   520.56     317.987752       0.009778       0.139156     317.838817
   520.61     351.017283       0.010796       0.153615     350.852871
   520.67     369.135778       0.011356       0.161550     368.962872
   520.72     369.814009       0.011379       0.161853     369.640777
   520.78     352.955702       0.010862       0.154481     352.790359
   520.84     320.919951       0.009878       0.140465     320.769609
   520.89     277.979619       0.008558       0.121675     277.849386
   520.95     229.387086       0.007064       0.100409     229.279613
   521.00     180.328677       0.005554       0.078938     180.244185
   521.06     135.051840       0.004161       0.059121     134.988558
   521.12      96.355418       0.002969       0.042183      96.310266
   521.17      65.492528       0.002019       0.028673      65.461837
   521.23      42.407963       0.001307       0.018567      42.388089
   521.28      26.160504       0.000807       0.011631      26.148066
   521.34      15.374301       0.000474       0.007309      15.366518
   521.40       8.608866       0.000266       0.005567       8.603033
   521.45       4.595958       0.000143       0.007342       4.588473
   521.51       2.347610       0.000076       0.016085       2.331449
   521.57       1.169651       0.000045       0.041034       1.128572
   521.62       0.624687       0.000043       0.104167       0.520477
   521.68       0.482801       0.000072       0.253973       0.228756
   521.73       0.686929       0.000161       0.590792       0.095977
   521.79       1.348720       0.000359       1.309568       0.038793
   521.85       2.782187       0.000782       2.765561       0.015845
   521.90       5.573580       0.001649       5.563965       0.007966
   521.96      10.674677       0.003381      10.664271       0.007025
   522.01      19.489627       0.006783      19.472723       0.010120
   522.07      33.904946       0.013395      33.874793       0.016758
   522.13      56.195921       0.026180      56.142222       0.027519
   522.18      88.744104       0.050799      88.649946       0.043360
   522.24     133.534475       0.097845     133.371408       0.065222
   522.29     191.472900       0.186549     191.192878       0.093473
   522.35     261.663222       0.349908     261.185674       0.127640
   522.41     340.872734       0.641774     340.064874       0.166086
   522.46     423.442973       1.144075     422.092939       0.205959
   522.52     501.832086       1.972331     499.616304       0.243451
   522.58     567.796337       3.275822     564.246139       0.274376
   522.63     613.984692       5.228809     608.460919       0.294965
   522.69     635.524863       8.011192     627.211011       0.302661
   522.74     631.120067      11.781928     619.041447       0.296692
   522.80     603.302531      16.655781     586.368514       0.278235
   522.86     557.767971      22.701138     534.816725       0.250109
   522.91     502.033783      29.978879     471.838799       0.216106
   522.97     443.884904      38.634714     405.070015       0.180175
   523.02     390.099193      49.036881     340.916625       0.145688
   523.08     345.772315      61.920371     283.736966       0.114978
   523.14     314.275873      78.468027     235.718607       0.089238
   523.19     297.615200     100.244089     197.302454       0.068657
   523.25     296.822377     128.913947     167.855616       0.052813
   523.30     312.073958     165.743080     146.289816       0.041062
   523.36     342.426592     210.959383     131.434259       0.032950
   523.42     385.316142     263.156640     122.130824       0.028677
   523.47     436.149390     318.969402     117.150184       0.029804
   523.53     488.345068     373.221878     115.082664       0.040526
   523.59     534.034145     419.632782     114.331345       0.070019
   523.64     565.365478     451.973704     113.255375       0.136399
   523.70     576.094110     465.397987     110.423319       0.272805
   523.75     562.973068     457.558546     104.878874       0.535648
   523.81     526.500282     429.171894      96.314349       1.014039
   523.87     470.777464     383.853146      85.086365       1.837954
   523.92     402.535634     327.284356      72.070745       3.180534
   523.98     329.645247     265.986179      58.410425       5.248643
   524.03     259.558349     206.062785      45.239588       8.255975
   524.09     198.090842     152.252445      33.462018      12.376379
   524.15     148.785949     107.473585      23.630356      17.682009
   524.20     112.891675      72.878558      15.932927      24.080190
   524.26      89.817903      48.285416      10.261309      31.271179
   524.31      77.861415      32.791213       6.318617      38.751585
   524.37      74.987533      25.377898       3.728467      45.881169
   524.43      79.506959      25.374160       2.119555      52.013244
   524.48      90.539719      32.698244       1.176174      56.665302
   524.54     108.197872      47.855325       0.657610      59.684936
   524.60     133.448363      71.696351       0.395844      61.356168
   524.65     167.656287     104.975357       0.281938      62.398992
   524.71     211.871728     147.781945       0.249288      63.840494
   524.76     266.006476     198.975246       0.258607      66.772623
   524.82     328.123175     255.787505       0.286764      72.048905
   524.88     394.087903     313.769839       0.319635      79.998429
   524.93     457.784118     367.194533       0.348304      90.241281
   524.99     511.943822     409.905299       0.367662     101.670861
   525.04     549.458291     436.454425       0.376559     112.627307
   525.10     564.848717     443.237688       0.379036     121.231993
   525.16     555.489818     429.301487       0.386511     125.801820
   525.21     522.228681     396.575447       0.421246     125.231989
   525.27     469.220160     349.458248       0.521249     119.240663
   525.32     403.048450     293.891792       0.746915     108.409742
   525.38     331.417598     236.209966       1.188184      94.019448
   525.44     261.801946     182.095147       1.969849      77.736951
   525.49     200.411239     135.903020       3.250761      61.257458
   525.55     151.677065     100.467851       5.211659      45.997554
   525.61     118.274711      77.338581       8.027178      32.908953
   525.66     101.530569      67.276703      11.821203      22.432663
   525.72     101.976860      70.796201      16.611253      14.569406
   525.77     119.812061      88.540359      22.255211       9.016491
   525.83     155.088103     121.350287      28.419472       5.318344
   525.89     207.545531     169.966498      34.587315       2.991718
   525.94     276.133257     234.407809      40.118150       1.607297
   526.00     358.360355     313.180135      44.352672       0.827549
   526.05     449.718201     402.564870      46.741663       0.411668
   526.11     543.450032     496.284463      46.963999       0.201570
   526.17     630.901720     585.801758      44.998990       0.100972
   526.22     702.544365     661.358190      41.131020       0.055156
   526.28     749.540691     713.619542      35.886141       0.035009
   526.33     765.503166     735.554996      29.922143       0.026027
   526.39     747.958825     724.030447      23.906898       0.021480
   526.45     699.068629     680.630443      18.419653       0.018533
   526.50     625.356035     611.442105      13.897727       0.016203
   526.56     536.505964     525.859013      10.632601       0.014350
   526.62     443.577644     434.762339       8.802106       0.013200
   526.67     357.115869     348.587777       8.514983       0.013110
   526.73     285.604668     275.747374       9.842823       0.014471
   526.78     234.520465     221.681277      12.821612       0.017575
   526.84     206.017854     188.577156      17.418126       0.022572
   526.90     199.116514     175.615487      23.471646       0.029381
   526.95     210.207387     179.535191      30.634564       0.037632
   527.01     233.740778     195.352296      38.341834       0.046649
   527.06     263.034271     217.143564      45.835205       0.055502
   527.12     291.177397     238.861361      52.252908       0.063128
   527.18     311.984039     255.142959      56.772566       0.068514
   527.23     320.874856     262.031114      58.772851       0.070891
   527.29     315.516065     257.478968      57.967195       0.069902
   527.34     296.049439     241.516237      54.467527       0.065674
   527.40     264.836786     216.021146      48.756854       0.058786
   527.46     225.779481     184.150418      41.578932       0.050130
   527.51     183.400173     149.580248      33.779199       0.040726
   527.57     141.933856     115.758870      26.143466       0.031520
   527.63     104.647023      85.347885      19.275898       0.023240
   527.68      73.505464      59.949607      13.539534       0.016324
   527.74      49.190599      40.119621       9.060055       0.010923
   527.79      31.368797      25.586223       5.775610       0.006963
   527.85      19.076583      15.564729       3.507624       0.004229
   527.91      11.096921       9.064873       2.029600       0.002448
   527.96       6.246768       5.126138       1.119280       0.001351
   528.02       3.549856       2.959970       0.589172       0.000714
   528.07       2.307039       2.008715       0.297958       0.000366
   528.13       2.096206       1.947118       0.148896       0.000192
   528.19       2.733554       2.651623       0.081812       0.000119
   528.24       4.217743       4.153982       0.063654       0.000107
   528.30       6.665946       6.585286       0.080523       0.000137
   528.35      10.242486      10.110090       0.132193       0.000203
   528.41      15.079408      14.850174       0.228927       0.000306
   528.47      21.193654      20.803547       0.389655       0.000452
   528.52      28.414213      27.773330       0.640239       0.000644
   528.58      36.339570      35.328215       1.010467       0.000887
   528.64      44.346010      42.815973       1.528856       0.001181
   528.69      51.657344      49.440974       2.214850       0.001520
   528.75      57.469076      54.397724       3.069460       0.001892
   528.80      61.099227      57.030486       4.066463       0.002279
   528.86      62.126637      56.976239       5.147745       0.002653
   528.92      60.476301      54.247221       6.226094       0.002986
   528.97      56.428889      49.227789       7.197854       0.003246
   529.03      50.555155      42.586552       7.965195       0.003409
   529.08      43.600549      35.132226       8.464860       0.003463
   529.14      36.358224      27.656971       8.697833       0.003419
   529.20      29.567053      20.810328       8.753413       0.003313
   529.25      23.857054      15.032058       8.821787       0.003209
   529.31      19.745143      10.551192       9.190749       0.003202
   529.36      17.667481       7.440353      10.223726       0.003403
   529.42      18.026255       5.704737      12.317586       0.003932
   529.48      21.229779       5.384314      15.840569       0.004896
   529.53      27.712737       6.651897      21.054479       0.006361
   529.59      37.933303       9.893102      28.031866       0.008335
   529.65      52.350350      15.752844      36.586769       0.010737
   529.70      71.383219      25.127182      46.242645       0.013392
   529.76      95.348751      39.074073      56.258632       0.016046
   529.81     124.361278      58.620562      65.722326       0.018389
   529.87     158.181305      84.464878      73.696308       0.020118
   529.93     196.017086     116.611635      79.384463       0.020989
   529.98     236.320639     154.026991      82.272775       0.020873
   530.04     276.661974     194.437363      82.204829       0.019781
   530.09     313.786134     234.394432      79.373839       0.017864
   530.15     343.931786     269.674679      74.241733       0.015373
   530.21     363.411083     295.979731      67.418745       0.012607
   530.26     369.341923     309.787796      59.544274       0.009853
   530.32     360.333330     309.125907      51.200083       0.007340
   530.37     336.902099     294.029795      42.867091       0.005213
   530.43     301.465688     266.544197      34.917961       0.003530
   530.49     257.892098     230.261886      27.627931       0.002280
   530.54     210.735151     189.546040      21.187706       0.001405
   530.60     164.380754     148.669205      15.710722       0.000827
   530.66     122.338411     111.101894      11.236052       0.000465
   530.71      86.837561      79.104558       7.732753       0.000250
   530.77      58.770677      53.659961       5.110587       0.000129
   530.82      37.916504      34.678470       3.237970       0.000064
   530.88      23.315250      21.351297       1.963922       0.000030
   530.94      13.662916      12.523880       1.139022       0.000014
   530.99       7.629551       6.998429       0.631117       0.000006
   531.05       4.059546       3.725690       0.333854       0.000003
   531.10       2.058055       1.889538       0.168516       0.000001
   531.16       0.994080       0.912947       0.081132       0.000000
   531.22       0.457465       0.420220       0.037246       0.000000
   531.27       0.200567       0.184266       0.016300       0.000000
   531.33       0.083775       0.076976       0.006799       0.000000
   531.38       0.033337       0.030634       0.002703       0.000000
   531.44       0.012657       0.011615       0.001042       0.000000
   531.50       0.004636       0.004199       0.000437       0.000000
   531.55       0.001802       0.001456       0.000345       0.000000
   531.61       0.001225       0.000512       0.000712       0.000000
   531.67       0.002236       0.000262       0.001973       0.000001
   531.72       0.005828       0.000362       0.005463       0.000003
   531.78       0.015336       0.000844       0.014485       0.000007
   531.83       0.038764       0.002133       0.036614       0.000018
   531.89       0.093346       0.005135       0.088168       0.000043
   531.95       0.214142       0.011781       0.202263       0.000099
   532.00       0.467999       0.025746       0.442037       0.000216
   532.06       0.974372       0.053603       0.920320       0.000450
   532.11       1.932602       0.106318       1.825392       0.000892
   532.17       3.651771       0.200892       3.449141       0.001738
   532.23       6.573563       0.361622       6.208736       0.003205
   532.28      11.273006       0.620133      10.647138       0.005735
   532.34      18.417198       1.013099      17.394019       0.010080
   532.39      28.665430       1.576726      27.071009       0.017696
   532.45      42.506648       2.337758      40.137251       0.031640
   532.51      60.053487       3.302030      56.692919       0.058539
   532.56      80.842768       4.443271      76.286905       0.112593
   532.62     103.713539       5.695987      97.794529       0.223023
   532.68     126.837932       6.956475     119.434686       0.446771
   532.73     147.950985       8.094424     138.968512       0.888049
   532.79     164.768977       8.974546     154.069375       1.725056
   532.84     175.517420       9.484074     162.792290       3.241056
   532.90     179.437496       9.559425     164.026237       5.851833
   532.96     177.128593       9.205053     157.808388      10.115152
   533.01     170.624451       8.500048     145.421734      16.702670
   533.07     163.178488       7.592256     129.271248      26.314984
   533.12     158.819378       6.683777     112.605326      39.530275
   533.18     161.796080       6.013477      99.184223      56.598380
   533.24     176.039369       5.840661      92.977354      77.221354
   533.29     204.723950       6.429855      97.905764     100.388331
   533.35     249.943632       8.031991     117.569577     124.342063
   533.40     312.448176      10.855066     154.858619     146.734491
   533.46     391.370574      15.019928     211.373238     164.977407
   533.52     483.917375      20.504436     286.687253     176.725687
   533.57     585.091915      27.089518     377.631017     180.371379
   533.63     687.626034      34.328869     477.891717     175.405448
   533.69     782.344255      41.564862     578.244583     162.534810
   533.74     859.119041      48.003659     667.597920     143.517461
   533.80     908.388297      52.843777     734.775942     120.768578
   533.85     922.956691      55.431047     770.666445      96.859199
   533.91     899.603396      55.398202     770.154933      74.050260
   533.97     839.982233      52.746932     733.260570      53.974732
   534.02     750.472629      47.846139     665.108859      37.517631
   534.08     640.967280      41.346599     574.743907      24.876773
   534.13     522.930823      34.038744     473.150917      15.741162
   534.19     407.285286      26.696040     371.079236       9.510010
   534.25     302.686847      19.946148     277.251591       5.489108
   534.30     214.569432      14.197429     197.342695       3.029309
   534.36     145.042914       9.627168     133.815704       1.600042
   534.41      93.472265       6.219069      86.443390       0.809806
   534.47      57.418500       3.827278      53.197941       0.393282
   534.53      33.616018       2.243843      31.188606       0.183570
   534.58      18.755208       1.253235      17.419474       0.082500
   534.64       9.971141       0.666822       9.268552       0.035766
   534.70       5.051138       0.338007       4.698146       0.014986
   534.75       2.438008       0.163222       2.268708       0.006078
   534.81       1.121160       0.075088       1.043683       0.002390
   534.86       0.491218       0.032908       0.457400       0.000911
   534.92       0.205044       0.013739       0.190968       0.000337
   534.98       0.081542       0.005465       0.075956       0.000121
   535.03       0.030881       0.002071       0.028781       0.000030
   535.09       0.011147       0.000747       0.010389       0.000011
   535.14       0.003833       0.000257       0.003573       0.000004
   535.20       0.001256       0.000084       0.001170       0.000001
   535.26       0.000392       0.000026       0.000365       0.000000
   535.31       0.000117       0.000008       0.000109       0.000000
   535.37       0.000000       0.000000       0.000000       0.000000
   535.42       0.000000       0.000000       0.000000       0.000000
   535.48       0.000000       0.000000       0.000000       0.000000
   535.54       0.000000       0.000000       0.000000       0.000000
   535.59       0.000000       0.000000       0.000000       0.000000
   535.65       0.000000       0.000000       0.000000       0.000000
   535.71       0.000000       0.000000       0.000000       0.000000
   535.76       0.000000       0.000000       0.000000       0.000000
   535.82       0.000000       0.000000       0.000000       0.000000
   535.87       0.000000       0.000000       0.000000       0.000000
   535.93       0.000000       0.000000       0.000000       0.000000
   535.99       0.000000       0.000000       0.000000       0.000000
   536.04       0.000000       0.000000       0.000000       0.000000
   536.10       0.000000       0.000000       0.000000       0.000000
   536.15       0.000000       0.000000       0.000000       0.000000
   536.21       0.000000       0.000000       0.000000       0.000000
   536.27       0.000000       0.000000       0.000000       0.000000
   536.32       0.000000       0.000000       0.000000       0.000000
   536.38       0.000000       0.000000       0.000000       0.000000
   536.43       0.000000       0.000000       0.000000       0.000000
   536.49       0.000000       0.000000       0.000000       0.000000
   536.55       0.000000       0.000000       0.000000       0.000000
   536.60       0.000000       0.000000       0.000000       0.000000
   536.66       0.000000       0.000000       0.000000       0.000000
   536.72       0.000000       0.000000       0.000000       0.000000
   536.77       0.000000       0.000000       0.000000       0.000000
   536.83       0.000000       0.000000       0.000000       0.000000
   536.88       0.000000       0.000000       0.000000       0.000000
   536.94       0.000000       0.000000       0.000000       0.000000
   537.00       0.000000       0.000000       0.000000       0.000000
   537.05       0.000000       0.000000       0.000000       0.000000
   537.11       0.000000       0.000000       0.000000       0.000000
   537.16       0.000000       0.000000       0.000000       0.000000
   537.22       0.000000       0.000000       0.000000       0.000000
   537.28       0.000000       0.000000       0.000000       0.000000
   537.33       0.000000       0.000000       0.000000       0.000000
   537.39       0.000000       0.000000       0.000000       0.000000
   537.44       0.000000       0.000000       0.000000       0.000000
   537.50       0.000000       0.000000       0.000000       0.000000
   537.56       0.000000       0.000000       0.000000       0.000000
   537.61       0.000000       0.000000       0.000000       0.000000
   537.67       0.000000       0.000000       0.000000       0.000000
   537.73       0.000000       0.000000       0.000000       0.000000
   537.78       0.000000       0.000000       0.000000       0.000000
   537.84       0.000000       0.000000       0.000000       0.000000
   537.89       0.000000       0.000000       0.000000       0.000000
   537.95       0.000000       0.000000       0.000000       0.000000
   538.01       0.000000       0.000000       0.000000       0.000000
   538.06       0.000000       0.000000       0.000000       0.000000
   538.12       0.000000       0.000000       0.000000       0.000000
   538.17       0.000000       0.000000       0.000000       0.000000
   538.23       0.000000       0.000000       0.000000       0.000000
   538.29       0.000000       0.000000       0.000000       0.000000
   538.34       0.000000       0.000000       0.000000       0.000000
   538.40       0.000000       0.000000       0.000000       0.000000
   538.45       0.000000       0.000000       0.000000       0.000000
   538.51       0.000000       0.000000       0.000000       0.000000
   538.57       0.000000       0.000000       0.000000       0.000000
   538.62       0.000000       0.000000       0.000000       0.000000
   538.68       0.000000       0.000000       0.000000       0.000000
   538.74       0.000000       0.000000       0.000000       0.000000
   538.79       0.000000       0.000000       0.000000       0.000000
   538.85       0.000000       0.000000       0.000000       0.000000
   538.90       0.000000       0.000000       0.000000       0.000000
   538.96       0.000000       0.000000       0.000000       0.000000
   539.02       0.000000       0.000000       0.000000       0.000000
   539.07       0.000000       0.000000       0.000000       0.000000
   539.13       0.000000       0.000000       0.000000       0.000000
   539.18       0.000000       0.000000       0.000000       0.000000
   539.24       0.000000       0.000000       0.000000       0.000000
   539.30       0.000000       0.000000       0.000000       0.000000
   539.35       0.000000       0.000000       0.000000       0.000000
   539.41       0.000000       0.000000       0.000000       0.000000
   539.46       0.000000       0.000000       0.000000       0.000000
   539.52       0.000000       0.000000       0.000000       0.000000
   539.58       0.000000       0.000000       0.000000       0.000000
   539.63       0.000000       0.000000       0.000000       0.000000
   539.69       0.000000       0.000000       0.000000       0.000000
   539.75       0.000000       0.000000       0.000000       0.000000
   539.80       0.000000       0.000000       0.000000       0.000000
   539.86       0.000000       0.000000       0.000000       0.000000
   539.91       0.000000       0.000000       0.000000       0.000000
   539.97       0.000000       0.000000       0.000000       0.000000
   540.03       0.000000       0.000000       0.000000       0.000000
   540.08       0.000000       0.000000       0.000000       0.000000
   540.14       0.000000       0.000000       0.000000       0.000000
   540.19       0.000000       0.000000       0.000000       0.000000
   540.25       0.000000       0.000000       0.000000       0.000000
   540.31       0.000000       0.000000       0.000000       0.000000
   540.36       0.000000       0.000000       0.000000       0.000000
   540.42       0.000000       0.000000       0.000000       0.000000
   540.47       0.000000       0.000000       0.000000       0.000000
   540.53       0.000000       0.000000       0.000000       0.000000
   540.59       0.000000       0.000000       0.000000       0.000000
   540.64       0.000000       0.000000       0.000000       0.000000
   540.70       0.000000       0.000000       0.000000       0.000000
   540.76       0.000000       0.000000       0.000000       0.000000
   540.81       0.000000       0.000000       0.000000       0.000000
   540.87       0.000000       0.000000       0.000000       0.000000
   540.92       0.000000       0.000000       0.000000       0.000000
   540.98       0.000000       0.000000       0.000000       0.000000
   541.04       0.000000       0.000000       0.000000       0.000000
   541.09       0.000000       0.000000       0.000000       0.000000
   541.15       0.000000       0.000000       0.000000       0.000000
   541.20       0.000000       0.000000       0.000000       0.000000
   541.26       0.000000       0.000000       0.000000       0.000000
   541.32       0.000000       0.000000       0.000000       0.000000
   541.37       0.000000       0.000000       0.000000       0.000000
   541.43       0.000000       0.000000       0.000000       0.000000
   541.48       0.000000       0.000000       0.000000       0.000000
   541.54       0.000000       0.000000       0.000000       0.000000
   541.60       0.000000       0.000000       0.000000       0.000000
   541.65       0.000000       0.000000       0.000000       0.000000
   541.71       0.000000       0.000000       0.000000       0.000000
   541.77       0.000000       0.000000       0.000000       0.000000
   541.82       0.000000       0.000000       0.000000       0.000000
   541.88       0.000000       0.000000       0.000000       0.000000
   541.93       0.000000       0.000000       0.000000       0.000000
   541.99       0.000000       0.000000       0.000000       0.000000
   542.05       0.000000       0.000000       0.000000       0.000000
   542.10       0.000000       0.000000       0.000000       0.000000
   542.16       0.000000       0.000000       0.000000       0.000000
   542.21       0.000000       0.000000       0.000000       0.000000
   542.27       0.000000       0.000000       0.000000       0.000000
   542.33       0.000000       0.000000       0.000000       0.000000
   542.38       0.000000       0.000000       0.000000       0.000000
   542.44       0.000000       0.000000       0.000000       0.000000
   542.49       0.000000       0.000000       0.000000       0.000000
   542.55       0.000000       0.000000       0.000000       0.000000
   542.61       0.000000       0.000000       0.000000       0.000000
   542.66       0.000000       0.000000       0.000000       0.000000
   542.72       0.000000       0.000000       0.000000       0.000000
   542.78       0.000000       0.000000       0.000000       0.000000
   542.83       0.000000       0.000000       0.000000       0.000000
   542.89       0.000000       0.000000       0.000000       0.000000
   542.94       0.000000       0.000000       0.000000       0.000000
   543.00       0.000000       0.000000       0.000000       0.000000
