energy	step1_	g1_	g2_	g3_
279.1288	0.018045509776072343	3.7297776533537604e-17	3.046524615185944e-17	3.880869906415976e-33
279.2278	0.018241797101216463	1.5647904686139215e-16	1.0392803723748929e-16	2.139220527630679e-32
279.3268	0.018442396601623955	6.38382597731425e-16	3.4751534269816395e-16	1.1558334373224922e-31
279.4258	0.018647451785806332	2.532546833100907e-15	1.1390124346464297e-15	6.121363574115372e-31
279.5258	0.018859254405293555	9.90252754589422e-15	3.7023010603243654e-15	3.230687226008718e-30
279.6248	0.019073726501280055	3.713667267503518e-14	1.165641272375173e-14	1.643563690036756e-29
279.7238	0.019293126570591273	1.3542895222124683e-13	3.5972558308217464e-14	8.195800641588966e-29
279.8228	0.019517626212542556	4.802547236945345e-13	1.0881554916745025e-13	4.00598628074622e-28
279.9229	0.019749988530229277	1.6787599222959187e-12	3.265275491709447e-13	1.952775443374717e-27
280.0219	0.01998529663190735	5.6275185234740196e-12	9.487884516720103e-13	9.16854255784036e-27
280.1208	0.02022602525366618	1.8322496088578178e-11	2.69946315306479e-12	4.2130465181185126e-26
280.2198	0.02047286793963094	5.8080245778525804e-11	7.536369578078977e-12	1.9005507769398674e-25
280.3188	0.020725801262579294	1.7902919192257553e-10	2.062339670405436e-11	8.403804174121611e-25
280.4189	0.02098797007985977	5.431250118772553e-10	5.592215097492964e-11	3.701805298915809e-24
280.5179	0.02125385412187329	1.5825718012763988e-09	1.4699812796439643e-10	1.5723164128534857e-23
280.6169	0.021526550582027647	4.484134606304952e-09	3.787502815933562e-10	6.546053449638184e-23
280.7159	0.02180632425043203	1.2355077012670705e-08	9.565492793364056e-10	2.6713597022299036e-22
280.8148	0.022093159958445456	3.3070263727178446e-08	2.365819984957657e-09	1.0670742819146079e-21
280.9149	0.0223912503224833	8.707081602866367e-08	5.796958207587953e-09	4.247438537654244e-21
281.0139	0.02269406985242289	2.2053194797753468e-07	1.3784990805401598e-08	1.632043962894846e-20
281.1129	0.023005177509748422	5.431527849390761e-07	3.2131131252716816e-08	6.146810543088263e-20
281.2119	0.023324917647439516	1.3008406679621222e-06	7.341060033665761e-08	2.2692431113901175e-19
281.3118	0.023656684864758866	3.052529275088075e-06	1.6559532054775126e-07	8.307364767974547e-19
281.4108	0.023994888727352195	6.911219540238246e-06	3.6343629547488657e-07	2.946062499382135e-18
281.5098	0.02434288337106033	1.5216022371750965e-05	7.818469709673138e-07	1.0240799318311832e-17
281.6089	0.02470146645712581	3.2600704187383575e-05	1.6498760973015356e-06	3.49359349821157e-17
281.7079	0.025070370772023724	6.786789126115157e-05	3.4100634920060502e-06	1.1667611072253194e-16
281.8078	0.025453944387541637	0.00013825538337924222	6.952395560941165e-06	3.8605299172327324e-16
281.9068	0.025845793263735286	0.00027208974973358944	1.3803622873538334e-05	1.2385227062050588e-15
282.0058	0.026249866848568136	0.0005207075917453393	2.6863643871384673e-05	3.894702127121869e-15
282.1048	0.026666744877183776	0.0009690077177903833	5.124482111276946e-05	1.200487787950654e-14
282.2048	0.027101461375107883	0.0017638110261684063	9.641606147515935e-05	3.6674198012721434e-14
282.3038	0.027545984827752275	0.003102886319721962	0.00017667420663487887	1.0858824825773889e-13
282.4028	0.028005294520754568	0.0053080043996901055	0.00031732927294427133	3.1515068312718e-13
282.5018	0.02848013862304027	0.008829747445121845	0.0005586764278723099	8.965342854263481e-13
282.6008	0.02897131649766615	0.014282916175476819	0.000964103773406535	2.4999353424831663e-12
282.7008	0.029484908924506437	0.022566395145923825	0.0016393132561669315	6.901927897142772e-12
282.7998	0.030011567649730158	0.034507323805799024	0.0027174658099016528	1.848719383159539e-11
282.8988	0.03055732249236123	0.051311175939380956	0.0044154955417668755	4.853832612975205e-11
282.9978	0.03112322776095841	0.07419322591745064	0.007032472403238003	1.2491420264893458e-10
283.0978	0.03171646042818951	0.10466492168355561	0.01102705367471746	3.180290160594269e-10
283.1968	0.032326385966059246	0.1430651730630741	0.01687045428621181	7.861989748907985e-10
283.2958	0.032960142170088656	0.19015961714952648	0.025299229241941733	1.9050721356221813e-09
283.3948	0.033619148046367606	0.24578437032629563	0.037187846294859495	4.524843892747511e-09
283.4938	0.03430493707822998	0.3089170138870703	0.053580651286524845	1.053438048678537e-08
283.5938	0.035026534547332226	0.3782676578179055	0.07592734307072226	2.4238329692307964e-08
283.6928	0.03577132353878556	0.4494353838757432	0.10508575933773788	5.420592890542156e-08
283.7918	0.03654832843542394	0.5192624405799482	0.14256166360747727	1.188239862682061e-07
283.8908	0.03735967555028863	0.5833888941081287	0.1895722945117399	2.553140228394648e-07
283.9898	0.03820768156396422	0.637354420583002	0.24709286368475986	5.377227900891972e-07
284.0898	0.03910404590682004	0.6774213322105364	0.31643839998787804	1.1181263805573813e-06
284.1888	0.04003363137441238	0.6996199718616445	0.39619885747683337	2.262108188411877e-06
284.2878	0.04100823236819417	0.7026145301471016	0.4862397750062394	4.4858946856675e-06
284.3868	0.0420311796825589	0.6861572444840554	0.5849260573320457	8.719628843364241e-06
284.4868	0.04311727584453032	0.6511680992955577	0.6907855269452873	1.6720287235581836e-05
284.5858	0.04424887824255061	0.6011462295534246	0.7982380390573219	3.12198895660834e-05
284.6848	0.045441053365528325	0.5396581456940683	0.9041382312115803	5.7138944708756665e-05
284.7838	0.046698761254714075	0.4710954872875521	1.003807581836032	0.00010250529313704388
284.8828	0.04802751421116744	0.3998993971528504	1.092394069269633	0.00018024930245526486
284.9828	0.04944807316811287	0.3294129715881889	1.1658974631782753	0.0003123619245115742
285.0818	0.05093895443293992	0.26434006175847063	1.2187873059023353	0.0005276234551671191
285.1808	0.05252166812119261	0.2062703832693081	1.2488454940176017	0.0008735812847334183
285.2798	0.05420488038758926	0.15651730523289162	1.25430376013082	0.0014177373243874527
285.3788	0.055998370780114104	0.11548868772100668	1.2348379305116997	0.002255285090694355
285.4789	0.057935218285843366	0.0825463709139796	1.1909941584204555	0.003533581365354322
285.5779	0.05998557145603191	0.05757623774987392	1.126281101145993	0.005399464624097941
285.6768	0.06218210748362151	0.03906758943376912	1.0440825839629462	0.008084007171867157
285.7758	0.06454574810517932	0.02576780235359416	0.9486526833669753	0.011868545987664481
285.8759	0.06712275772076996	0.016442895903963	0.8436940896139905	0.017147043954013313
285.9749	0.0698786870956594	0.010251969061816095	0.7363551407150716	0.02418187746919679
286.0739	0.0728663758434174	0.006215668790420521	0.6299453340955761	0.03342750753943884
286.1729	0.07611572673730947	0.003664544839761237	0.5282404180967957	0.045293011613657695
286.2719	0.07966189293802908	0.0021008924185408873	0.4341838012329054	0.06015498543001461
286.3718	0.08358346120675444	0.0011648674567677122	0.349088747766572	0.07849225928437069
286.4709	0.08786421132190737	0.0006309256588477896	0.27556069890451473	0.10016527766310877
286.5699	0.0925886840304248	0.0003325018351839125	0.2132608780760908	0.1252591768723268
286.6689	0.09783271092336283	0.00017039682624043592	0.1617775792268492	0.15353773575329038
286.7688	0.10373979911243811	8.436746607612309e-05	0.11995795042358297	0.1847646169930274
286.8678	0.1103113543886844	4.0872877764646034e-05	0.0874145354214338	0.21755639899446175
286.9668	0.11773008474590091	1.9255155287259347e-05	0.0624383610531187	0.25109504431532437
287.0658	0.1261609785448194	8.820849910147741e-06	0.04371520906555003	0.28406494644499686
287.1649	0.13582175420926004	3.926128986171483e-06	0.02998867653155625	0.31502957512206076
287.2648	0.14706449246868988	1.6875631407763636e-06	0.02009790217628767	0.3426397351815161
287.3638	0.16003282382430556	7.106496085932492e-07	0.013249018909810941	0.3649800752644765
287.4628	0.17524884900091633	2.9100644619846907e-07	0.00856110721384778	0.3810779419700399
287.5618	0.19325869175489271	1.1587808128622559e-07	0.005422372836918733	0.3900063605197581
287.6618	0.21498948773895152	4.4435235492583526e-08	0.0033498590896011904	0.39121214289506995
287.7608	0.2408615484693855	1.6726560947152917e-08	0.002038096212447575	0.3845996707459097
287.8598	0.2720539885179841	6.1226217025831145e-09	0.0012154470638565953	0.37061134855762473
287.9588	0.3095582546214574	2.179313925283572e-09	0.0007104943682479633	0.3500593995653894
288.0578	0.35407292653583106	7.543167633979662e-10	0.0004070975182739875	0.32409922857436396
288.1578	0.4060136462280722	2.510732439768741e-10	0.00022728688708572065	0.29380379185976235
288.2568	0.46273695492053873	8.215138397856686e-11	0.00012509815325129092	0.26129575436651836
288.3558	0.5215349630424245	2.613851633515794e-11	6.74901883987317e-05	0.2277825937386215
288.4548	0.5784636960282371	8.087207367206555e-12	3.568975827288505e-05	0.19463544782511308
288.5538	0.6302581477153808	2.4331440633370743e-12	1.8499491735582856e-05	0.16301837792266624
288.6538	0.6756469213560478	7.029670717189473e-13	9.334143749789145e-06	0.1335533325238825
288.7528	0.7135157157163095	1.999331055311104e-13	4.647606793574964e-06	0.10745040605325859
288.8518	0.7450237818188873	5.529502254479169e-14	2.2682843419532244e-06	0.0847372989993512
288.9508	0.7711565801562369	1.4870958618820942e-14	1.08512266792562e-06	0.06550197524081354
289.0508	0.793100018429446	3.836168905842188e-15	5.049016710548261e-07	0.04948639783245084
289.1498	0.8112785436826732	9.75284071879086e-16	2.320207637174996e-07	0.03674551384333745
289.2488	0.8266299692231365	2.4111050916979025e-16	1.0451054679055918e-07	0.02674459536418736
289.3478	0.8397075287619298	5.79632524778392e-17	4.6143083411726405e-08	0.019080113873253316
289.4468	0.8509449273272758	1.3550051684744927e-17	1.996946031501507e-08	0.01334255854558654
289.5468	0.8607731778801376	3.0340322409986328e-18	8.397172268175198e-09	0.00910981013190273
289.6458	0.8692640468278381	6.704847143580206e-19	3.4908523628783925e-09	0.006119362532831543
289.7448	0.8767327642265412	1.4408181450773294e-19	1.4224700291278012e-09	0.004029176245352306
289.8438	0.883346324746702	3.0107940916523275e-20	5.681565159449193e-10	0.0026003964866740535
289.9428	0.8892386766496417	6.117930500479061e-21	2.2243651533727601e-10	0.0016450386284619976
290.0428	0.894568668139297	1.1890613501937964e-21	8.453013845922588e-11	0.0010150444744249421
290.1418	0.8993186869619859	2.284063805610241e-22	3.178984235760036e-11	0.0006168226375901598
290.2408	0.903617410616734	4.2664218891763806e-23	1.1718671826471995e-11	0.0003674081288920295
290.3398	0.9075248359157226	7.749451489045388e-24	4.234300095845963e-12	0.00021451143177114663
290.4398	0.9111254365505733	1.344814195556249e-24	1.4838855839681451e-12	0.00012205981191139724
290.5388	0.9143895455043759	2.3091382478857137e-25	5.150416617715789e-13	6.845624606718647e-05
290.6378	0.9173902747723229	3.8555752434853587e-26	1.7522558943420733e-13	3.763281346296135e-05
290.7368	0.920157779528942	6.2600821040428344e-27	5.84340412219298e-14	2.027839225352992e-05
290.8358	0.9227178495561484	9.88376642462227e-28	1.910062330394861e-14	1.0710594450478714e-05
290.9359	0.9251180805758518	1.4859561248545275e-28	6.042286378807775e-15	5.504036658727125e-06
291.0349	0.9273250464932867	2.217770715527662e-29	1.897198840598841e-15	2.792487912742778e-06
291.1339	0.9293827277901933	3.218688147456814e-30	5.838988502078366e-16	1.3887194244822532e-06
291.2328	0.9313037373833384	4.551534723488185e-31	1.7636228442080644e-16	6.774395392826548e-07
291.3329	0.9331240116272326	6.109191824033347e-32	5.144433743366411e-17	3.210083878322763e-07
291.4319	0.9348127975794359	8.150384570614348e-33	1.490782460809904e-17	1.5031126010940282e-07
291.5309	0.9364005973659628	1.0573628277594856e-33	4.2345200646818306e-18	6.898900396714865e-08
291.6299	0.93789613193362	1.3338947825187764e-34	1.178982447807995e-18	3.103712305308353e-08
291.7289	0.9393071541613688	1.6363293013770844e-35	3.217538173023847e-19	1.3686621759496218e-08
291.8288	0.9406523641327179	1.9143492741636713e-36	8.503688865760038e-20	5.870470216513359e-09
291.9279	0.94191499327424	2.215194255644031e-37	2.2262785748398865e-20	2.4845856709705347e-09
292.0269	0.9431105035931994	2.4980034453408507e-38	5.720681937934778e-21	1.0316222738301273e-09
