energy	step1_	g1_	g2_	g3_	g4_
281.1018	0.009762782807363646	5.290673221393925e-31	3.915364965095432e-26	3.788071725921281e-71	3.9501155186402e-60
281.4798	0.010155099298220283	7.607479011853083e-27	1.4548615299695505e-23	1.7753014881863762e-65	2.5255208253092043e-56
281.5798	0.010264215596963333	8.516767583320494e-26	6.604429912901097e-23	5.125055534845529e-64	2.443305930543351e-55
281.6798	0.01037570142977734	9.078499253238168e-25	2.9327166799796315e-22	1.4238772333218368e-62	2.3160161930508064e-54
281.7798	0.010489634799694891	9.214219674854734e-24	1.2738725542266883e-21	3.807097752241834e-61	2.1510087709795616e-53
281.8798	0.0106060971701748	8.904474513793509e-23	5.4125628241940846e-21	9.796321323158288e-60	1.9574001546962514e-52
281.9798	0.01072517365907305	8.193383102479134e-22	2.249577801546071e-20	2.4259370488429562e-58	1.7452349543406444e-51
282.0533	0.010814413240853638	4.0580636354000455e-21	6.320282198165419e-20	2.504475709024161e-57	8.601629748254629e-51
282.3523	0.011193280608560507	2.0721558307678285e-18	3.736405376779838e-18	2.693387923302298e-53	5.049572341316587e-48
282.6523	0.011601054281966339	6.954240346243877e-16	1.836667533735966e-16	2.1171027573373085e-49	2.5208836639198226e-45
282.9513	0.012038130073266984	1.475576930362374e-13	7.314572941580738e-15	1.1457141887370031e-45	1.026802001567555e-42
283.2513	0.012511049833569099	2.051739339038857e-11	2.418982168705535e-13	4.5214122415395456e-42	3.5523361731110555e-40
283.5513	0.013022624889223677	1.8349727326275472e-09	6.5594321022700676e-12	1.2635706373525095e-38	1.0227583542818709e-37
283.8503	0.013575864437343765	1.0421646083489706e-07	1.443918974097286e-10	2.4395702460355277e-35	2.4069358062713193e-35
284.2583	0.014411232461109758	1.2724558886610108e-05	7.1373261913228955e-09	4.272220343632559e-31	3.089733756252023e-32
284.3583	0.014631895211458523	3.647553575937358e-05	1.755494321384101e-08	4.2500174631164015e-30	1.6954510485552426e-31
284.4083	0.014744778377842827	6.063112324622814e-05	2.730481777321245e-08	1.321339953024828e-29	3.9413379203057614e-31
284.5083	0.014975847955998212	0.00016147764532113495	6.497328322330978e-08	1.2410032109645668e-28	2.0975539519510374e-30
284.5583	0.015094118009076285	0.0002587231363762207	9.940093969911886e-08	3.7489305170254944e-28	4.8020225184579375e-30
284.6583	0.015336347790992855	0.0006401915114157129	2.2883248015582628e-07	3.324198866908833e-27	2.4785571189515635e-29
284.7573	0.015583931049905853	0.001495799552966707	5.11196505092448e-07	2.777060065840579e-26	1.2334321811782656e-28
284.8073	0.015712033717149687	0.002254676686261348	7.60882893223391e-07	7.998110711633412e-26	2.752908027581463e-28
284.9073	0.015974657426266248	0.004937816532392231	1.6580343802722553e-06	6.446178412470661e-25	1.3505080943244355e-27
284.9573	0.016109286472426154	0.007174220978488623	2.42738855085826e-06	1.8039109437098792e-24	2.9684261846829998e-27
285.0573	0.01638546281036868	0.014597661036845205	5.117368102831647e-06	1.3726229969606535e-23	1.4123326986607129e-26
285.1573	0.016671265004218117	0.028281147948858085	1.0552979983698033e-05	1.0051594499133192e-22	6.58392115924559e-26
285.2073	0.01681793429713241	0.03864723034984617	1.5029594188952487e-05	2.6812179701137163e-22	1.410700249610511e-25
285.3073	0.01711914609121651	0.06956487108418961	2.998522817987077e-05	1.853689876714862e-21	6.378045626211243e-25
285.3573	0.017273830602306695	0.0916305411987904	4.20044518489266e-05	4.80446322435374e-21	1.3458305383823001e-24
285.4573	0.017591731421110146	0.15323914167439762	8.10750214461388e-05	3.1359642110457085e-20	5.901311347157598e-24
285.5563	0.017918180841202724	0.24293465132433115	0.0001521203121543882	1.9344010804265188e-19	2.4989435608030833e-23
285.6063	0.018087697629197264	0.30104245573127864	0.00020732393278289873	4.779934807209654e-19	5.140727454157252e-23
285.7063	0.018436528199763047	0.44558774545590557	0.00037878234042014957	2.8358516080693324e-18	2.1424637316293865e-22
285.7563	0.018616032334931087	0.5322313424892634	0.0005077708638463309	6.808784404943502e-18	4.340444887292007e-22
285.8563	0.01898572244113028	0.7319202897803091	0.0008975108528894502	3.813751387620033e-17	1.7543991828311314e-21
285.9563	0.019370374673426727	0.9583681241701134	0.0015517892483693878	2.055808636621086e-16	6.947993987044409e-21
286.0063	0.01956859797691296	1.076666275686184	0.0020236582184432355	4.704929897369976e-16	1.3721489589120654e-20
286.1063	0.019977453467295125	1.3098076841184583	0.003385024698004742	2.3944442621628313e-15	5.27032684083624e-20
286.1563	0.020188346966741932	1.4183558637838891	0.0043419227446949695	5.324585883467118e-15	1.0250192248903978e-19
286.2563	0.020623760855357165	1.603132736543057	0.007026489724793651	2.5583424618369297e-14	3.8183309735608685e-19
286.3553	0.021073697492724863	1.7244297402410176	0.011073081043769235	1.1652289326795055e-13	1.3758562649178787e-18
286.4053	0.02130847148185261	1.7567549844592452	0.013818566587771848	2.470358688809109e-13	2.608752646265216e-18
286.5053	0.021794045166443066	1.757403551992765	0.021167416404975974	1.0788676299572365e-12	9.236452728287965e-18
286.5553	0.022045213105600425	1.7257032423550571	0.025982335952682217	2.2224272480367396e-12	1.724716365221254e-17
286.6553	0.022565296631939846	1.6039257901247508	0.03850478463350609	9.163406806172726e-12	5.922366291278735e-17
286.7553	0.023110468181965937	1.4194093431180574	0.05581774680329882	3.636083879785666e-11	1.9925521281619698e-16
286.8053	0.023393035138209783	1.3109430232811594	0.0666513598389267	7.139662343309461e-11	3.626963821099385e-16
286.9053	0.023979377784620393	1.0778667021226953	0.0934756005740037	2.674704858629142e-10	1.183485447336385e-15
286.9553	0.0242836897745769	0.9595555856193742	0.10978697039409004	5.103055365426409e-10	2.121529568256145e-15
287.0553	0.02491603997060826	0.7330088651008444	0.1489606975933144	1.8048858544174105e-09	6.713887479435085e-15
287.1553	0.025582130799314762	0.5331550777482249	0.1977031969901737	6.143512042381312e-09	2.0817850012973372e-14
287.2043	0.025921659542126496	0.4480583893191134	0.22529859917024087	1.1040825340922696e-08	3.597631453668375e-14
287.3043	0.02664325145326235	0.3029351958724703	0.28935295517176424	3.5494111133288806e-08	1.082112442712126e-13
287.3543	0.027019288790543272	0.24455230277102163	0.3252149856371042	6.27319812807947e-08	1.862415460444291e-13
287.4543	0.02780404895858357	0.15361892697267063	0.4040839744049429	1.903991638491219e-07	5.432973145875219e-13
287.5543	0.02863563188903373	0.09188041144038785	0.4911269914525928	5.561456967145041e-07	1.5528710586025225e-12
287.6043	0.029070307544265928	0.06976321648576021	0.5369858012966809	9.36926818159261e-07	2.605317354717902e-12
287.7043	0.02998036664437198	0.038767031760742934	0.631417515772889	2.5837499546628965e-06	7.222104047346712e-12
287.7543	0.03045703705212599	0.02837233242932156	0.6790495228114182	4.229394584074402e-06	1.1932779426590186e-11
287.8543	0.031457191063940515	0.014648357953592685	0.7724794202320964	1.101144424630803e-05	3.2081154764022795e-11
287.9543	0.03252502536388813	0.007200921587209332	0.8595942186506109	2.7590392275616475e-05	8.450749319617875e-11
288.0033	0.03307507979989699	0.00499456885597403	0.898536918753758	4.267234838388118e-05	1.3482669423345467e-10
288.1033	0.034257200717207614	0.0022822748281871447	0.9675422302914847	0.00010098292069197617	3.445204577637161e-10
288.1533	0.03488039574598706	0.0015146677222860586	0.9957374546070312	0.000153127762300531	5.465260885836629e-10
288.2533	0.03619707132872635	0.000643050612709299	1.0373146087346428	0.0003421185219621511	1.3544260502960203e-09
288.3533	0.03761656982985678	0.0002599430291430758	1.0570541680567602	0.0007356085184511082	3.288793047560518e-09
288.4033	0.038368697814529895	0.00016225913170522425	1.0582749815228794	0.0010632543006238431	5.085732193412975e-09
288.5033	0.03996644906775865	6.0939658604751384e-05	1.043318540081163	0.002158383330531552	1.1976778167122106e-08
288.6033	0.04170225466855465	2.179195129588655e-05	1.00613537514662	0.00421664966913203	2.763524832695262e-08
288.6533	0.04262760834816898	1.2794067376808825e-05	0.9799052342080351	0.0058095475138131205	4.1658283586570755e-08
288.7533	0.04460639153234758	4.250720860607021e-06	0.9142294736483447	0.01071525516341978	9.322448842820587e-08
288.8033	0.045665827469700826	2.405492600429393e-06	0.8757874157057368	0.014344583371958436	1.383950780558995e-07
288.9023	0.04791812754350255	7.514950414586653e-07	0.791396045806611	0.024845230543859335	2.980801706570425e-07
289.0023	0.050428567150059	2.209815947654553e-07	0.6988976027883176	0.041652257494317176	6.340046931960161e-07
289.0523	0.05178418758004266	1.1764827343759417e-07	0.6513753207521015	0.05316081350209957	9.175896024252827e-07
289.1523	0.05472422370335395	3.214203667040247e-08	0.5565223648131351	0.08414114143643149	1.8928366712936941e-06
289.2023	0.056321743062097585	1.6494219582091506e-08	0.5101715010187989	0.10434511130555833	2.697874776504465e-06
289.3023	0.059810440631383854	4.186754118902407e-09	0.42169569114604516	0.1559229903478997	5.397488382467412e-06
289.4023	0.06375370640234346	1.0118785134031422e-09	0.34095984137629615	0.22423103189618968	1.0580312422226297e-05
289.4523	0.06592408158226709	4.8839172336503e-10	0.30406271953634334	0.2650597674125948	1.4700367691900027e-05
289.5523	0.07073269916078878	1.0966727780263402e-10	0.23784766345373645	0.3598741402535822	2.7947324936232708e-05
289.6023	0.07340517886161424	5.102064091994799e-11	0.20862899120031075	0.41334184259183415	3.824041400796639e-05
289.7013	0.07932729887062712	1.0814943897786182e-11	0.1583433252263416	0.5286175960166177	7.008524609232063e-05
289.8013	0.08633946869382592	2.1493595434144656e-12	0.11724221340233498	0.6523546272338714	0.0001266395618187717
289.8513	0.09031885305611592	9.407320322961275e-13	0.10005390527208761	0.7143484883924593	0.00016893401937987263
289.9513	0.09945032568243894	1.7370350489003264e-13	0.07167206863319378	0.8322878016954528	0.0002960500799355624
290.0013	0.10471897018899085	7.328150309454161e-14	0.06016110419355148	0.8855448181964459	0.0003889247078667069
290.1013	0.11704495187898334	1.25717248736683e-14	0.04169301871004228	0.9740813157994875	0.0006610265034967423
290.2013	0.13247006515545068	2.0535278681992507e-15	0.028263893014540454	1.031163167076066	0.0011008016159008251
290.2513	0.14170676956960188	8.148317255697521e-16	0.0230793839538402	1.045800386326089	0.0014097122349953047
290.3513	0.16427279569123465	1.23660646588925e-16	0.01513646632995338	1.0452068422797163	0.002276805468095151
290.4013	0.1781781832723947	4.72963653324548e-17	0.012157171810733435	1.029993025843035	0.002871441493822953
290.5003	0.21282126542619495	6.802403584876015e-18	0.007749748068759188	0.9726210855870349	0.004478118326761441
290.6003	0.2611084556397081	9.136966007373727e-19	0.0048110116162973756	0.8835526438226939	0.006874193794488733
290.6503	0.29195997618565056	3.2876553148724646e-19	0.003759401650454274	0.8301032663619659	0.008452033163416615
290.7503	0.37005575890550607	4.1028320860459545e-20	0.0022578713648219876	0.7119379448512952	0.012583245503605008
290.8003	0.4172862593874341	1.4229739117507822e-20	0.001735391002604104	0.649908873095798	0.015236482823586625
290.8468	0.4648544081288165	5.25683640750657e-21	0.001351909035268022	0.5919675157296297	0.01812056687664716
290.9968	0.6181266785153534	1.9691046449853598e-22	0.0005847796764633708	0.41393772620147473	0.030758926283544406
291.1468	0.7313413723823352	6.605411930392959e-24	0.00024070468384625727	0.2655241610393156	0.049868748474646694
291.2958	0.8010314051760055	2.0320059955457414e-25	9.488758210347584e-05	0.1568427217985941	0.07700937568233468
291.4458	0.8447998245317356	5.470777685155465e-27	3.537857004713423e-05	0.08471240191507967	0.11393303346195399
291.5958	0.8736621835991052	1.319045946945088e-28	1.2552165043525829e-05	0.04197217960343221	0.16099545844063395
291.7458	0.8938198280818215	2.848115228968897e-30	4.237839231786454e-06	0.019076906479463404	0.21728787666209626
291.8958	0.9085858046717898	5.507340945808772e-32	1.3615004329856299e-06	0.007954012699443267	0.28010139604503714
292.0448	0.9197576617757821	9.802013977899315e-34	4.196054483100508e-07	0.003062690914657966	0.34444250295994755
292.1948	0.9285900701761136	1.5212223476414823e-35	1.221105113230194e-07	0.0010752144430716936	0.4051774566616586
292.3448	0.935694886868684	2.114252493057978e-37	3.381523823920271e-08	0.00034627322368148384	0.4552308839832622
292.4948	0.9415284145006955	2.631526701884785e-39	8.910853912126067e-09	0.00010229976403694091	0.4885129359350512
292.6448	0.9464007887122048	2.9332257310812443e-41	2.2344655663869164e-09	2.7724406323039082e-05	0.5007008461188757
292.7948	0.950529659861747	2.9279925426189797e-43	5.331820003986266e-10	6.892579430100487e-06	0.49016070121582705
292.9438	0.9540500782150811	2.7020774470911806e-45	1.222893015061024e-10	1.587950365500434e-06	0.4585821383486519
293.0938	0.9571247226970077	2.1647873663909653e-47	2.64319316244225e-11	3.324069059718521e-07	0.4096623562188113
293.2438	0.9598157588726826	1.553171711747577e-49	5.436467680065702e-12	6.383150050519831e-08	0.34953678594755844
293.3938	0.9621904403848014	9.979538881493422e-52	1.0640258750600771e-12	1.1244288257301635e-08	0.28485091896568443
293.5438	0.9643012320468762	5.742331393702789e-54	1.9816869006314454e-13	1.8170245237320235e-09	0.221717650449525
293.6928	0.9661777175678101	3.065944960893258e-56	3.553419809646168e-14	2.7288049738429577e-10	0.1651829598501432
293.8428	0.9678781914114467	1.4159082227660598e-58	5.994707439086296e-15	3.712914137919126e-11	0.11732664358729668
