# XDI/1.0 Athena/0.9.24
# Element.edge:                  K
# Element.symbol:                C
# Column.1:                      energy eV
# Column.2:                      norm
# Column.3:                      nbkg
# Column.4:                      flat
# Column.5:                      fbkg
# Column.6:                      nder
# Column.7:                      nsec
# Athena.e0:                     286.008
# Athena.eshift:                 0
# Athena.rbkg:                   1.0
# Athena.importance:             1
# Athena.standard:               None
# Athena.bkg_kweight:            2
# Athena.edge_step:              0.0012555
# Athena.fixed_step:             no
# Athena.pre_edge_range:         -10.039 -2.599
# Athena.pre_edge_line:          0.002669 - 4.98651e-006 * E
# Athena.normalization_range:    20.381 29.514
# Athena.post_edge_polynomial:   0.011799 - 3.25196e-005 * E + 0 * E^2 + 0 * E^3
# Athena.spline_range_energy:    0.000 183.185
# Athena.clamps:                 0 24
# Athena.spline_range_k:         0.000 6.934
# Athena.kweight:                2
# Athena.window:                 hanning
# Athena.phase_correction:       no
# Athena.k_range:                3.000 4.937
# Athena.dk:                     1
# Athena.r_range:                1 3
# Athena.dr:                     0.0
# Athena.window:                 hanning
# Athena.plot_multiplier:        1
# Athena.y_offset:               0
# ///
#------------------------
#   e         norm        nbkg        flat        fbkg        nder        nsec
  275.92285      -0.10750046E-01  -0.10749788E-01  -0.10749789E-01  -0.10749788E-01   0.11274771E-01  -0.28571870E-02
  277.88574       0.11381096E-01   0.11380824E-01   0.11380823E-01   0.11380824E-01   0.56664253E-02  -0.45164114E-02
  279.85938       0.11555970E-01   0.11555694E-01   0.11555694E-01   0.11555694E-01  -0.65041885E-02  -0.20375649E-02
  281.83447      -0.14302192E-01  -0.14301849E-01  -0.14301850E-01  -0.14301849E-01  -0.23793693E-02  -0.45179549E-02
  283.82715       0.21151720E-02   0.21151219E-02   0.21151214E-02   0.21151219E-02  -0.24430410E-01   0.26473804E-01
  283.95996      -0.66228740E-01  -0.66227155E-01  -0.66227155E-01  -0.66227155E-01   0.53890388E-01    1.8328623
  284.07080       0.15245694E-01   0.15245330E-01   0.15245330E-01   0.15245330E-01   0.42215090       0.18769477
  284.16455       0.20139070E-01   0.20138588E-01   0.20138588E-01   0.20138588E-01   0.92290843E-01   -1.5348895
  284.28125       0.34668228E-01   0.34667399E-01   0.34667399E-01   0.34667399E-01   0.99134621E-01  -0.22021682E-01
  284.39209       0.42696062E-01   0.42695041E-01   0.42695041E-01   0.42695041E-01   0.87280051E-01   0.36983706
  284.51904       0.55422814E-01   0.55421488E-01   0.55421488E-01   0.55421488E-01   0.18707929        1.2860675
  284.63525       0.88187028E-01   0.88184919E-01   0.88184918E-01   0.88184919E-01   0.40000549       0.54361499
  284.74072       0.14409591       0.14409246       0.14409246       0.14409246       0.30758769       -1.1690513
  284.85693       0.15637298       0.15636924       0.15636923       0.15636924       0.14085055      -0.94838098
  284.96240       0.17531960       0.17531541       0.17531541       0.17531541       0.97350977E-01  -0.67178294
  285.04541       0.17472136       0.17471718       0.17471718       0.17471718       0.14235183E-01   0.25856524
  285.16162       0.17815552       0.17815126       0.17815126       0.17815126       0.14886203       0.23034992
  285.25537       0.20597656       0.20597164       0.20597164       0.20597164       0.62599660E-01   -1.9882935
  285.33301       0.18888427       0.18887975       0.18887975       0.18887975      -0.19190502      -0.86286135
  285.43311       0.17186844       0.17186433       0.17186433       0.17186433      -0.90760483E-01   0.87158459
  285.52686       0.17129056       0.17128646       0.17128646       0.17128646      -0.22950353E-01   0.60751013
  285.62109       0.16755404       0.16755004       0.16755004       0.16755004       0.23444253E-01    1.9646581
  285.72070       0.17583517       0.17583096       0.17583096       0.17583096       0.35789389        2.2071484
  285.81494       0.23693095       0.23692528       0.23692528       0.23692528       0.45129490        3.6939582
  285.91455       0.26331765       0.26331135       0.26331135       0.26331135        1.0739592        6.3039526
  286.02002       0.45717647       0.56031386       0.45745304       0.56060137        1.7440975        4.8263656
  286.10303       0.59203905       0.86218843       0.59413276       0.86429630        1.9836157        1.8496232
  286.20801       0.83007301       0.85229668       0.83446325       0.85670678        2.0918051        2.5921150
  286.31885        1.0434933       0.84227929        1.0503091       0.84912011        2.5430470        1.4650505
  286.39648        1.3093779       0.83551975        1.3178899       0.84406314        2.3679328       -5.8573695
  286.50146        1.4759183       0.82671124        1.4867286       0.83755685        1.4733912       -7.0811045
  286.62354        1.6439125       0.81694086        1.6573958       0.83046348       0.76016235       -5.6578614
  286.73438        1.6529678       0.80850133        1.6688816       0.82445467       0.15561753       -4.9378087
  286.85596        1.6800814       0.79970777        1.6986608       0.81832740      -0.38749203       -5.0807185
  287.00049        1.5498511       0.78987287        1.5716032       0.81166208       -1.1964292       -6.0036004
  287.09424        1.3949947       0.78384555        1.4188065       0.80769069       -1.8180377       -1.5496160
  287.21045        1.1681342       0.77675103        1.1944999       0.80314468       -1.5217880        1.3757369
  287.31055        1.0658189       0.77096863        1.0943821       0.79955742       -1.5204540       -1.0063251
  287.41553       0.85632239       0.76522457       0.88719292       0.79611559       -1.7281633       0.68396735
  287.52100       0.70212828       0.75977798       0.73531543       0.79298193       -1.3765136        3.1440720
  287.60986       0.58881624       0.75543636       0.62395496       0.79058917       -1.1171569        2.9246505
  287.70947       0.49157035       0.75083422       0.52889583       0.78817147      -0.82528546        2.9951055
  287.81445       0.41997125       0.74628068       0.45960067       0.78592014      -0.50438886        3.4202893
  287.89209       0.39946032       0.74310549       0.44079280       0.78444753      -0.20068215        1.7082931
  287.98096       0.38655689       0.73966813       0.42983854       0.78295903      -0.21995140       0.61726342
  288.06934       0.36047479       0.73645481       0.40569521       0.78168386      -0.91274615E-01    1.8712541
  288.14697       0.37140387       0.73379792       0.41832661       0.78072955       0.90706160E-01   0.12928777
  288.23584       0.37557772       0.73094377       0.42444921       0.77982425      -0.69747696E-01    1.1677574
  288.33545       0.35825807       0.72797750       0.40931442       0.77904242       0.31080098       0.95931340
  288.42969       0.43582577       0.72539319       0.48894691       0.77852475       0.11621300       -1.5476676
  288.53467       0.38140988       0.72276290       0.43683455       0.77819669       0.24765080E-02  -0.50494347E-01
  288.63477       0.43633365       0.72049350       0.49395214       0.77812243       0.10585772       0.51585730
  288.74561       0.40373925       0.71824566       0.46378924       0.77830531       0.11129016        1.4162604
  288.85645       0.46100442       0.71626940       0.52348376       0.77875977       0.41981390       0.18978468E-01
  288.97266       0.49905829       0.71448107       0.56408522       0.77951994       0.11559923       -1.4632993
  289.08350       0.48725132       0.71303839       0.55470926       0.78050799       0.87570631E-01  -0.42935792
  289.21094       0.51992473       0.71168741       0.59017668       0.78195180       0.13291269E-01   -1.0914367
  289.30469       0.49019123       0.71089761       0.56249983       0.78321794      -0.15384578        1.0178776
  289.41064       0.48920065       0.71020702       0.56383291       0.78485099       0.21656855       0.60853884
  289.52148       0.53714262       0.70970740       0.61420446       0.78678209      -0.21916444E-01  -0.46460004
  289.60986       0.48483448       0.70946748       0.56383572       0.78848031       0.12401149       0.89376359
  289.70947       0.56045533       0.70936061       0.64163919       0.79055788       0.14610065      -0.33019036
  289.80420       0.51322709       0.70941511       0.59648943       0.79268974       0.59843651E-01  -0.68819357
  289.89258       0.57141303       0.70959915       0.65661213       0.79481192       0.20088694E-01   -1.5779015
  289.98730       0.51690544       0.70993486       0.60418320       0.79722499      -0.22907878       -1.2126259
  290.08105       0.52823704       0.71040380       0.61757047       0.79974987      -0.20846291        2.3969440
  290.16992       0.47883652       0.71096986       0.57011999       0.80226479       0.20864441        3.4005140
  290.26953       0.56756163       0.71174022       0.66102741       0.80521958       0.43245440      -0.69372340
  290.35303       0.55802126       0.71249291       0.65331834       0.80780334       0.81619915E-01   -2.1142866
  290.45264       0.58250667       0.71351386       0.67998761       0.81100872       0.45317107E-01   0.36920856
  290.55225       0.56704928       0.71466363       0.66671501       0.81434293       0.15517320        1.9931902
  290.63525       0.61084397       0.71571637       0.71232902       0.81721603       0.40930791        1.0435353
  290.72412       0.63739908       0.71693505       0.74083235       0.82038357       0.33453082       0.61426942
  290.81299       0.67030161       0.71824481       0.77568295       0.82364219       0.51848472       -1.2582247
  290.90723       0.73233648       0.71972905       0.83978299       0.82719308       0.10414296       -3.7760031
  291.01807       0.69165905       0.72159439       0.80153725       0.83148914      -0.25589082       0.50552943
  291.11768       0.67848446       0.72337536       0.79054741       0.83545454       0.21053122        2.5638662
  291.23975       0.73832954       0.72568497       0.85306807       0.84044116       0.31246628      -0.14830838
  291.36182       0.75477017       0.72812538       0.87218530       0.84555857       0.17432313      -0.88988664
  291.46729       0.77799487       0.73033175       0.89772238       0.85007787       0.10998227      -0.19400784
  291.58350       0.77915100       0.73286000       0.90142699       0.85515463       0.13131553        1.9204208
  291.69434       0.80781015       0.73535886       0.93251618       0.86008420       0.54601516       0.83281552
  291.79443       0.89432607       0.73768276        1.0212252       0.86460325       0.30698755       -3.0479986
  291.89404       0.86911775       0.74005317       0.99820188       0.86915809      -0.62691809E-01   -1.1286585
  291.97705       0.88287747       0.74206876        1.0137816       0.87299405       0.10087509       0.77298425
  292.07178       0.88704671       0.74440945        1.0200281       0.87741209       0.74694005E-01   0.64153658
  292.17139       0.89739320       0.74691265        1.0325588       0.88209972       0.22554868       0.51497684
  292.26025       0.92955736       0.74917787        1.0666711       0.88631381       0.17175509      -0.95832610
  292.35986       0.92976501       0.75174794        1.0690631       0.89106831       0.44926633E-01   0.26629007
  292.44873       0.93802498       0.75406439        1.0792718       0.89533363       0.22194454      -0.40645073
  292.53174       0.96791173       0.75624472        1.1109782       0.89933431      -0.24932086E-01   -1.3282131
  292.62061       0.93373978       0.75859319        1.0787559       0.90363164      -0.63420961E-02  -0.85636221
  292.71484       0.96675046       0.76109558        1.1138324       0.90820068      -0.18173663       0.55894102
  292.79834       0.90143894       0.76331951        1.0503535       0.91225568       0.93000895E-01    2.5421476
  292.90869       0.98477847       0.76626305        1.1361111       0.91761923       0.31105284       -2.9289889
  293.00342       0.96522910       0.76878870        1.1186395       0.92222224      -0.50767088       -2.6277165
  293.11426       0.88041839       0.77173629        1.0362616       0.92760055      -0.22911739        2.5339560
  293.23633       0.91186535       0.77496464        1.0703848       0.93350590       0.82513052E-01  -0.29731506
  293.35254       0.90007971       0.77801200        1.0611479       0.93910177      -0.29996201       -1.0574844
  293.46338       0.84375873       0.78088702        1.0072590       0.94440751      -0.15758963      -0.12332363
  293.58008       0.86422192       0.78387268        1.0302809       0.94995238      -0.32802294      -0.47095938
  293.68018       0.77264438       0.78639347       0.94090073       0.95466831      -0.25969216        2.4351067
  293.79102       0.80944311       0.78913473       0.98012930       0.95984029       0.18563239        1.6936686
  293.89600       0.81270761       0.79167620       0.98569595       0.96468398       0.10583591      -0.39983624
  293.99072       0.83057929       0.79391838        1.0056446       0.96900352       0.10578225       -2.6721897
  294.09033       0.83326490       0.79621873        1.0105145       0.97348830      -0.41346647       -1.4987265
  294.17920       0.75265058       0.79821711       0.93185100       0.97743554      -0.17669247        2.6924553
  294.27881       0.79996251       0.80039183       0.98134623       0.98179470       0.93998344E-01   0.16084820
  294.37891       0.77142271       0.80250262       0.95500226       0.98610064      -0.14456996      -0.43497399
  294.46777       0.77264387       0.80430963       0.95817226       0.98985650       0.11803571E-01  -0.19560936
  294.56787       0.77365317       0.80626469       0.96137667       0.99400671      -0.18153327        1.0891900
  294.66748       0.73639039       0.80812240       0.92629922       0.99804885       0.22932255        2.6753490
  294.75635       0.81687510       0.80970598        1.0087309        1.0015813       0.32270743       -1.8665479
  294.85059       0.79547986       0.81130984       0.98940278        1.0052518      -0.11245244       -1.7946676
  294.93945       0.79628445       0.81275170       0.99215621        1.0086425      -0.59059056E-02   0.59574991
  295.04492       0.79433213       0.81437470       0.99251687        1.0125784       0.33232106E-02  -0.37479529
  295.14453       0.79696597       0.81582034       0.99733508        1.0162085      -0.82768211E-01   -1.6236062
  295.23340       0.77873227       0.81703917       0.98105067        1.0193762      -0.30268841        1.2897845
  295.33350       0.73976848       0.81833263       0.94428297        1.0228648       0.16095578        2.6675285
  295.43311       0.81087628       0.81953694        1.0175735        1.0262536       0.23003597       -1.7780134
  295.54980       0.78952724       0.82084374       0.99878418        1.0301196      -0.22364381      -0.38868001
  295.66650       0.75867817       0.82203927       0.97049507        1.0338743       0.13931867        1.3709230
  295.79932       0.82428888       0.82326594        1.0390168        1.0380136       0.11841751       -1.5784598
  295.90479       0.78689485       0.82413956        1.0039366        1.0412001      -0.23679877       -1.1871659
  296.02148       0.77167977       0.82500365       0.99128108        1.0446234      -0.14533275       0.82691971
  296.12158       0.75538718       0.82565981       0.97718402        1.0474747      -0.57525222E-01    1.5177973
  296.23242       0.75954555       0.82629572       0.98377301        1.0505414       0.17482761        1.1884983
  296.33252       0.79226488       0.82678891        1.0186867        1.0532297       0.19317363        2.1500200
  296.42676       0.79708612       0.82718357        1.0255745        1.0556910       0.59265368       0.18836282
  296.53223       0.91062202       0.82754591        1.1414206        1.0583663       0.23079102       -5.4793991
  296.62109       0.84193710       0.82778675        1.0746862        1.0605560      -0.47219028       -1.1338692
  296.70947       0.82692814       0.82796833        1.0616157        1.0626757       0.29817133E-01    3.6605242
  296.79297       0.84706192       0.82808724        1.0835801        1.0646257       0.15696231       -1.0086135
  296.87646       0.85313961       0.82815544        1.0914887        1.0665249      -0.13861336      -0.13606623E-01
  296.96533       0.82317006       0.82817280        1.0634687        1.0684912       0.15461703        2.7726688
  297.05420       0.88062037       0.82813370        1.1228665        1.0704009       0.35418527       -1.0786555
  297.14258       0.88594802       0.82803932        1.1301322        1.0722447      -0.36570451E-01   -2.2473568
  297.23730       0.87392412       0.82787729        1.1201859        1.0741600      -0.57318118E-01   0.26349283
  297.34229       0.87450118       0.82762486        1.1230652        1.0762098       0.16050937E-01    1.3941487
  297.44238       0.87721582       0.82731357        1.1279749        1.0780937       0.22859124       0.68701516
  297.54834       0.92160346       0.82690980        1.1746851        1.0800135       0.15761357       -1.8728436
  297.64209       0.90869235       0.82648953        1.1638303        1.0816492      -0.14542873      -0.98741089
  297.77002       0.88936486       0.82582172        1.1473088        1.0837869      -0.61275380E-01   0.46166251
  297.88672       0.89370262       0.82511874        1.1542056        1.0856431      -0.32492741E-01   0.38946917
  297.98682       0.88232054       0.82444536        1.1450190        1.0871649       0.23160328E-01   0.71920668
  298.10303       0.89871240       0.82358306        1.1639589        1.0888511       0.12307785       -1.0682944
  298.21973       0.91098662       0.82263114        1.1787921        1.0904584      -0.22565634       -2.4187062
  298.30859       0.85232504       0.82184916        1.1220808        1.0916253      -0.37412689        1.2023812
  298.40869       0.84028981       0.82090994        1.1122410        1.0928812       0.15513714E-02    1.1567039
  298.51953       0.85265228       0.81979857        1.1270339        1.0942005      -0.13013465       -1.2273501
  298.60840       0.81430101       0.81885399        1.0906324        1.0952048      -0.24355904       0.26808174
  298.70313       0.80793635       0.81779528        1.0863452        1.0962235      -0.80916503E-01    2.1074902
  298.78613       0.79991937       0.81682405        1.0801488        1.0970726       0.13101447        2.1597726
  298.88623       0.83192582       0.81559943        1.1143496        1.0980431       0.31454974      -0.78876178
  298.98584       0.86273715       0.81432347        1.1473446        1.0989516      -0.26506782E-01   -1.3782117
  299.06396       0.82721465       0.81328317        1.1135363        1.0996246       0.69594252E-01  -0.33084210
  299.16357       0.87510644       0.81190697        1.1636114        1.1004328      -0.85308803E-01   -1.2184859
  299.26367       0.81017788       0.81046843        1.1008795        1.1011894      -0.17374603        1.0228045
  299.34131       0.84422580       0.80931477        1.1366292        1.1017383       0.96478747E-01   0.77829298E-01
  299.44141       0.82732546       0.80777906        1.1219244        1.1023978      -0.15991310      -0.95464004
  299.53027       0.81400785       0.80637061        1.1105559        1.1029382      -0.83914618E-01   0.71774330
  299.61914       0.81241095       0.80492032        1.1109079        1.1034367      -0.32345423E-01   0.54415773
  299.71387       0.80806943       0.80332892        1.1086439        1.1039227       0.15989367E-01  -0.19391684
  299.80273       0.81534650       0.80179382        1.1178696        1.1043365      -0.67947353E-01  -0.83473429E-01
  299.90234       0.79526294       0.80002529        1.0999710        1.1047524       0.25657929E-03  -0.49015932
  300.02441       0.81540337       0.79779002        1.1227879        1.1051941      -0.17660572       -1.0934346
  300.13037       0.75499202       0.79579007        1.0647017        1.1055178      -0.24907637        1.1568157
  300.25244       0.75860716       0.79341834        1.0709937        1.1058231       0.87179840E-01    2.6426369
  300.36377       0.77533965       0.79119324        1.0901672        1.1060394       0.36771086      -0.24158841
  300.47461       0.84030075       0.78892008        1.1575575        1.1061969       0.33506626E-01   -1.1429227
  300.58594       0.78278375       0.78657984        1.1024833        1.1062981       0.11379001      -0.11366059
  300.68604       0.86435889       0.78442765        1.1862516        1.1063411       0.94758447E-02   -3.3962312
  300.78564       0.78467615       0.78224157        1.1087552        1.1063394      -0.56446112       0.67562845
  300.88574       0.75163206       0.78000089        1.0779071        1.1062939       0.14440357        3.0132447
  300.98584       0.81358506       0.77771694        1.1420538        1.1062051       0.38776303E-01   0.15463600E-01
  301.07471       0.75895941       0.77565355        1.0893783        1.1060906       0.14732565       0.17621729
  301.16357       0.83976990       0.77355714        1.1721357        1.1059430       0.70096178E-01   -2.3557983
  301.25244       0.77141792       0.77142821        1.1057342        1.1057629      -0.27138074      -0.91637875
  301.34668       0.79007859       0.76913564        1.1264611        1.1055370      -0.97697811E-01    1.4868493
  301.42480       0.75457840       0.76720820        1.0926750        1.1053229      -0.15102481E-01   0.81232632
  301.51367       0.78755660       0.76498660        1.1276013        1.1050501       0.37954349E-01  -0.64463127
  301.61377       0.76175043       0.76244772        1.1039909        1.1047064      -0.13691510       0.10677636
  301.70801       0.76094908       0.76002271        1.1052562        1.1043480       0.58704829E-01   -1.3077122
  301.81348       0.77347421       0.75726950        1.1200939        1.1039077      -0.39807451       -1.6299522
  301.90820       0.68125643       0.75476210        1.0299557        1.1034777      -0.26760394        3.3854033
  302.03027       0.71545853       0.75148361        1.0668340        1.1028762       0.33587009        1.3239482
  302.15283       0.76341996       0.74813966        1.1174820        1.1022200       0.56272058E-01   -2.1558074
  302.26953       0.72892206       0.74490803        1.0855441        1.1015476      -0.17992386      -0.45147624
  302.38623       0.72142600       0.74163120        1.0806075        1.1008299      -0.49101818E-01   0.83123684
  302.49756       0.71772551       0.73846410        1.0793485        1.1001043       0.96208301E-02    1.1675329
  302.59717       0.72345540       0.73559721        1.0872627        1.0994218       0.19717466        1.4388374
  302.69727       0.75710267       0.73268544        1.1231043        1.0987052       0.29696672       -2.5692462
  302.78613       0.77957165       0.73007506        1.1475216        1.0980437      -0.28832242       -3.0417849
  302.89746       0.69938187       0.72677214        1.0697752        1.0971822      -0.31198431        2.7964258
  302.99756       0.71361012       0.72377204        1.0861982        1.0963772       0.30291414        2.4409081
  303.08643       0.75662201       0.72108506        1.1311579        1.0956391       0.14926165       -1.5305343
  303.17529       0.74013905       0.71837652        1.1166242        1.0948794       0.30885547E-01   -1.8823470
  303.27539       0.76245830       0.71530051        1.1411381        1.0939985      -0.20643568       -2.0212821
  303.36426       0.70112998       0.71254781        1.0817601        1.0931947      -0.35106563       0.95538789
  303.46436       0.69611921       0.70942335        1.0789446        1.0922654      -0.25900902E-01    3.7094974
  303.55322       0.69623561       0.70662878        1.0810099        1.0914197       0.34989918       0.22696607
  303.64795       0.76035850       0.70362916        1.1472086        1.0904974       0.15768639E-01   -2.0702415
  303.75342       0.69939242       0.70026487        1.0885569        1.0894460      -0.64553432E-01   0.95801874
  303.84229       0.74781344       0.69741069        1.1389256        1.0885407       0.20194617       -2.0768506
  303.93652       0.73636986       0.69436517        1.1295489        1.0875619      -0.44483598       -1.4966394
  304.03125       0.66375510       0.69128493        1.0590133        1.0865590      -0.80866004E-01    3.2447986
  304.13135       0.72061519       0.68801009        1.1180671        1.0854793       0.18732963      -0.99016243
  304.23145       0.70125761       0.68471545        1.1009052        1.0843798      -0.27909187       -1.9304535
  304.33154       0.66474231       0.68140174        1.0665859        1.0832612      -0.19913809        1.9060212
  304.45410       0.65691826       0.67731956        1.0614497        1.0818667       0.14529575        1.3302337
  304.57617       0.70028585       0.67322762        1.1074933        1.0804518       0.12627552       -1.3490532
  304.68750       0.68639077       0.66947425        1.0960400        1.0791399      -0.16957111      -0.23916154
  304.81543       0.65971464       0.66513713        1.0721700        1.0776082       0.69054260E-01  -0.62903254
  304.91504       0.70210331       0.66174328        1.1167421        1.0763988      -0.31270061       -2.8310487
  305.02637       0.59375436       0.65793362        1.0108371        1.0750306      -0.52812008        2.1292605
  305.13770       0.58451410       0.65410749        1.0040385        1.0736459       0.16139244        4.5314460
  305.23242       0.62701003       0.65083969        1.0486108        1.0724554       0.40560566      -0.35372766
  305.33252       0.66353590       0.64737511        1.0873309        1.0711860       0.92477728E-01   -4.4099734
  305.43262       0.64552363       0.64389942        1.0715142        1.0699055      -0.47725029       -1.2964853
  305.51025       0.57871211       0.64119646        1.0064069        1.0689051      -0.13795231        3.3085127
  305.61621       0.62019646       0.63749804        1.0502139        1.0675303       0.13017179        1.1308697
  305.69434       0.60267439       0.63476455        1.0344055        1.0665101       0.70220456E-01   -1.7042537
  305.78857       0.63229989       0.63146044        1.0660969        1.0652726      -0.16357899       -1.0971649
  305.88281       0.57184358       0.62814940        1.0077087        1.0640282      -0.13656946        2.2559397
  305.95557       0.60949385       0.62558886        1.0469536        1.0630632       0.21314535        1.6897217
  306.04980       0.60743719       0.62226704        1.0469636        1.0618080       0.14560088      -0.73346043
  306.13916       0.63622527       0.61911249        1.0777106        1.0606130       0.78486562E-01   -2.6680001
  306.24463       0.62272827       0.61538372        1.0665268        1.0591972      -0.37419011      -0.78753715
  306.35010       0.55729454       0.61164994        1.0034076        1.0577763      -0.87634556E-01    1.2769440
  306.45020       0.60471355       0.60810245        1.0530206        1.0564240      -0.11169333      -0.65116229
  306.56152       0.53367970       0.60415344       0.98442991        1.0549164      -0.22530700       0.68688934
  306.68945       0.55080709       0.59961222        1.0043624        1.0531807       0.52650304E-01   0.58025747
  306.79492       0.54596821       0.59586665        1.0018365        1.0517481      -0.89875775E-01  -0.24332720E-01
  306.91211       0.53079569       0.59170427       0.98923431        1.0501556       0.47232471E-01   0.56423377
  307.01758       0.55648481       0.58795847        1.0172357        1.0487227       0.35754373E-01   -1.1940736
  307.11816       0.53816304       0.58438719        1.0011203        1.0473573      -0.19881200      -0.37872540
  307.22949       0.51435374       0.58043668       0.97975297        1.0458482      -0.44502880E-01   0.14506236E-01
  307.31250       0.52951454       0.57749317       0.99673376        1.0447251      -0.19599292       0.20997948
  307.41797       0.47741366       0.57375643       0.94694707        1.0433013      -0.49266617E-02    1.9172195
  307.51855       0.52849937       0.57019679        1.0002374        1.0419475       0.19905918      -0.51729281
  307.59668       0.51298771       0.56743527       0.98643940        1.0408992      -0.97372525E-01   -1.5285761
  307.69629       0.51119293       0.56391903       0.98682909        1.0395674      -0.72621382E-01    1.3953973
  307.78516       0.49930028       0.56078698       0.97688559        1.0383842       0.16562722        2.3594487
  307.87500       0.54079232       0.55762583        1.0203469        1.0371934       0.34903782       -1.6002883
  307.96924       0.56355186       0.55431638        1.0451726        1.0359506      -0.12895706       -3.7773713
  308.06396       0.51642397       0.55099690        1.0001231        1.0347084      -0.36475240        2.0507621
  308.15820       0.49462649       0.54770221       0.98039284        1.0334804       0.25856479        1.8645723
  308.24219       0.56250609       0.54477297        1.0501126        1.0323929      -0.32443283E-01   -3.9335782
  308.33643       0.48884436       0.54149444       0.97851927        1.0311810      -0.44248815       0.70513158
  308.43115       0.47889140       0.53820842       0.97064390        1.0299724       0.10080177        2.2469369
  308.51465       0.50680952       0.53532035        1.0003924        1.0289154      -0.42033205E-01  -0.62400224
  308.61475       0.47117437       0.53186901       0.96695326        1.0276592      -0.13761177E-01    1.4937430
  308.71484       0.50405459       0.52843031        1.0020278        1.0264156       0.25700713       0.90194617
  308.80371       0.51973967       0.52538859        1.0196614        1.0253228       0.15667490       -1.4269647
  308.92041       0.53626170       0.52141108        1.0387423        1.0239045      -0.36329004E-01  -0.11855525
  310.42920       0.46068729       0.47221445       0.99625743        1.0077956      -0.36035274E-01   0.65097442E-02
  312.11084       0.42129370       0.42439065       0.99374317       0.99685021      -0.15560124E-01   0.38202057E-02
  313.85986       0.40730574       0.38605550        1.0181117       0.99687116      -0.22929431E-01   0.60294484E-03
  315.53125       0.34286564       0.36379766       0.99032663        1.0112669      -0.13497805E-01   0.10120607E-01
  317.25928       0.36142111       0.35919615        1.0467773        1.0445610       0.11474702E-01   0.71571534E-02
  319.11621       0.38400200       0.37932557        1.1100802        1.1054130       0.12160310E-01   0.36921529E-03
