energy	step1_	g1_	g2_	g3_	g4_
396.001	0.008396833981716142	3.1875030791381897e-27	7.791565221050397e-19	1.0298812850594579e-46	5.0258059826551756e-64
396.158	0.008562668133683313	1.5597496442271437e-25	6.516578678038787e-18	7.437549055903417e-45	2.2133530144685094e-62
396.315	0.008735181271477505	6.722332171195088e-24	5.1480870564174126e-17	4.91432612210146e-43	9.269341203093099e-61
396.471	0.008913617641498055	2.4943702402767154e-22	3.7933437932877777e-16	2.89511001307536e-41	3.606428708512039e-59
396.628	0.009100708489776984	8.346391974769144e-21	2.6746614595439927e-15	1.6022416711302147e-39	1.366221499229444e-57
396.785	0.009295817048295284	2.4597865821463334e-19	1.781339676830683e-14	8.113017771591518e-38	4.921733498297224e-56
396.941	0.009498144321056624	6.256383077557211e-18	1.1077634410967412e-13	3.6689346480412575e-36	1.6487770779574548e-54
397.098	0.009710854495717566	1.4315112688936246e-16	6.584841494040416e-13	1.556048759395938e-34	5.37284733995816e-53
397.254	0.009931854841871415	2.8313505066017076e-15	3.657467770500844e-12	5.900649710169423e-33	1.6291885389978472e-51
397.411	0.010164658975117756	5.029651123530937e-14	1.9404353621050914e-11	2.096099431750595e-31	4.802412796504805e-50
397.568	0.01040863115124429	7.869422783018859e-13	9.724094256050483e-11	6.812639058565027e-30	1.3461729010738227e-48
397.724	0.010662924000544607	1.0669073324187732e-11	4.55835670229248e-10	1.9831175733954853e-28	3.5146578532103477e-47
397.881	0.010931698161475706	1.2959985140411487e-10	2.0388189505751944e-09	5.398595444842551e-27	8.911893564977416e-46
398.038	0.01121436103218132	1.3865741465832465e-09	8.61351319114745e-09	1.3446354540000272e-25	2.1488700037964162e-44
398.194	0.011510070901936054	1.2885814539717804e-08	3.4077163231072034e-08	3.00465139701725e-24	4.830673863855454e-43
398.351	0.011823836265101043	1.0703437026839857e-07	1.2849477600591353e-07	6.26825545226057e-23	1.0536429159005622e-41
398.508	0.01215517071367544	7.830607050178784e-07	4.5765563633031514e-07	1.1964394805379437e-21	2.1854073548278516e-40
398.664	0.012503295030052064	4.988260964156353e-06	1.5280792950975869e-06	2.0522805078616368e-20	4.230048422534295e-39
398.821	0.012874358881508789	2.833310204185183e-05	4.857576071338522e-06	3.2810253797011883e-19	7.936515504605676e-38
398.978	0.01326809478218303	0.00014174243088672123	1.4585611326856053e-05	4.799255956722297e-18	1.4160142179972235e-36
399.134	0.013683894143576862	0.0006189257733371072	4.110131119770899e-05	6.319407310182101e-17	2.3599125892360776e-35
399.291	0.014129492611960882	0.002403903922017429	0.00011014913177585448	7.742291025158815e-16	3.8087217277880496e-34
399.448	0.014605047121018679	0.008223495044416985	0.0002788289006113962	8.678688267723251e-15	5.8454208562687454e-33
399.604	0.015110327254817885	0.02461388022759321	0.0006631210147479536	8.772289902961795e-14	8.388019902125402e-32
399.761	0.01565536012566759	0.06537206428623009	0.0014982002834529999	8.236190700492233e-13	1.164505582686437e-30
399.917	0.01623724413213699	0.152155903593881	0.003182436708194412	6.9807866240152914e-12	1.512544777413839e-29
400.074	0.016868143745851456	0.3137427585806885	0.0064173722875260015	5.48967460116097e-11	1.8994853326361284e-28
400.231	0.017549950813833533	0.5697960116435662	0.012223230467266772	3.94984719695712e-10	2.2683855041673212e-27
400.387	0.018284167710624875	0.9090776277531222	0.021912900422892383	2.5698910719173452e-09	2.5368739753189413e-26
400.544	0.019087689614856417	1.281797591951943	0.03725194959822734	1.548735413068857e-08	2.7404721537807186e-25
400.701	0.01996489062335897	1.5918374716625812	0.05981766480104839	8.539475475878232e-08	2.815173130561787e-24
400.857	0.020919945301776766	1.7408656068010944	0.09050389787412765	4.2650297731790085e-07	2.7108313724761145e-23
401.014	0.021977738504171725	1.6784843827759328	0.12970840165580164	1.969721633848648e-06	2.5189978663256514e-22
401.171	0.023147809543375038	1.4253783408387364	0.17559018565195034	8.322984692144053e-06	2.225903391070771e-21
401.327	0.024440214586765964	1.0685174853132111	0.22421364128003032	3.1909971650095393e-05	1.8455213338754273e-20
401.484	0.025894615604299	0.7044777336853999	0.27090345110474817	0.00011293524030956832	1.4751737059030433e-19
401.641	0.0275321632514836	0.40908513577065775	0.3091707148602755	0.0003656991876412343	1.121296510126387e-18
401.797	0.029376949267246228	0.21020843277339044	0.3331839774557457	0.0010762861929207205	8.00476513089304e-18
401.954	0.03149948895148525	0.09476966599591428	0.3393816028495785	0.0029191143324050913	5.503912016616865e-17
402.111	0.03395015969698905	0.0376313117069872	0.3265305284107488	0.00724379072340341	3.5987160999083183e-16
402.267	0.03679096297661055	0.013254725803065802	0.2969843155811432	0.016365380948166343	2.212030315149268e-15
402.424	0.04016862567328312	0.004086236905153582	0.2550288920294783	0.03401494160301182	1.308316323170958e-14
402.58	0.04419215000389136	0.001119226265999683	0.20717340422078456	0.06443903636177688	7.27912614479584e-14
402.737	0.04913234809268256	0.00026788196413318435	0.15878528328295904	0.11218155838686973	3.894453406871851e-13
402.894	0.05529144807638156	5.647156798361149e-05	0.11495233585685764	0.17868387149923412	1.9813764369447604e-12
403.05	0.06311332136747833	1.0602521330368174e-05	0.07881091747098727	0.25984903725685493	9.491805800904149e-12
403.207	0.07349960610454065	1.735275015680161e-06	0.05092303872956316	0.34666805028904274	4.368324648102833e-11
403.364	0.08777422568158147	2.5014294806403976e-07	0.03107946584412488	0.4231535387190985	1.9117635850329296e-10
403.52	0.10825039935447386	3.219233874129424e-08	0.01798316351651867	0.47237856928331085	7.885539283340788e-10
403.677	0.13989288343304615	3.602842407902362e-09	0.009795930686175462	0.4829511078104493	3.1217366190188383e-09
403.834	0.19170897438526016	3.551393489347411e-10	0.0050403027136639205	0.4517598183301052	1.1752069008989366e-08
403.99	0.2765073592388892	3.132910698135825e-11	0.002461348628075744	0.3871294943717507	4.1737546130491726e-08
404.147	0.39145287479564783	2.3975867562519008e-12	0.001130327840108899	0.30331194555069213	1.4213157466282126e-07
404.304	0.49165360729767354	1.616074721936416e-13	0.0004903057918979157	0.2174273749526068	4.602644562938054e-07
404.46	0.5549112206143748	9.772273548790793e-15	0.00020207263267187612	0.1430274295548809	1.4074577977615171e-06
404.617	0.593233652967905	5.113938592326066e-16	7.823308823973488e-05	0.08587620863854864	4.122852838137463e-06
404.774	0.6175060236235148	2.3570901505670606e-17	2.8609136876880463e-05	0.04717564476697223	1.1484537230630623e-05
404.93	0.633823150918306	9.77001719009211e-19	9.95105659335573e-06	0.023822065070001164	3.0238260766373454e-05
405.087	0.645562281394099	3.496139871636031e-20	3.247909002562545e-06	0.01096107652110548	7.619352322006083e-05
405.243	0.6542718565956238	1.1268883640904465e-21	1.0090279331913358e-06	0.004641238166571751	0.00018158683621004123
405.4	0.6610486024002943	3.1307410889272967e-23	2.939396830450579e-07	0.0017886957659907336	0.00041389596386413993
405.557	0.6664316812699632	7.660801381339657e-25	8.088063654922675e-08	0.0006307112191547647	0.0008971214396381632
405.713	0.6707810875232874	1.6925879881845296e-26	2.120644454461483e-08	0.00020500651009702398	0.0018409114804318056
405.87	0.6744080843403425	3.2155190820857497e-28	5.208043173789714e-09	6.0546710214514755e-05	0.003609429236141423
406.027	0.6774593275683682	5.380364752207077e-30	1.2081270187093917e-09	1.636081381915663e-05	0.0067297258452847725
406.183	0.6800455894577513	8.148426026408403e-32	2.673374874755232e-10	4.082239208492915e-06	0.011890343666994785
406.34	0.682291628830769	1.0585396790789365e-33	5.5350080766834235e-11	9.239354321911677e-07	0.020053899269491377
406.497	0.6842483040670668	1.2111595219198413e-35	1.082450293151284e-11	1.913269940110645e-07	0.032162993725320825
406.653	0.6859576149443543	1.2573272058209447e-37	2.0215253506192367e-12	3.664597206869931e-08	0.04892928453070652
406.81	0.6874817491923002	1.1169026098873245e-39	3.528493087345235e-13	6.356084953015681e-09	0.07098589846092372
406.967	0.6888408700202748	8.738624733826242e-42	5.817423173650324e-14	1.0086595237001375e-09	0.09793287780422222
407.123	0.6900529455665955	6.218347831626337e-44	9.169081871314247e-15	1.4830337766647371e-10	0.12827921110008603
407.28	0.6911538380743495	3.777248716174854e-46	1.3492350413064398e-15	1.9712184874077782e-11	0.16008782155993545
407.436	0.6921459487143081	2.0901644855660087e-48	1.899405544110248e-16	2.4303022880850966e-12	0.18980561530562745
407.593	0.693055633812067	9.857205766465406e-51	2.494593797263219e-17	2.705657612830513e-13	0.21426767269818092
407.75	0.6938876093762587	4.094378344828748e-53	3.09466242345149e-18	2.7559848986339974e-14	0.23001569093753033
407.906	0.6946467384120089	1.5530227231091976e-55	3.6767773831242688e-19	2.6083076587934163e-15	0.23481378521408214
408.063	0.6953507504600793	5.0082355474611705e-58	4.071000489323228e-20	2.225315705903236e-16	0.228018446002608
408.22	0.6960014010614296	1.4225006505322002e-60	4.25761395047239e-21	1.7370643326804493e-17	0.21055695362710236
