energy	step1_	g1_	g2_	g3_	g4_
279.7121	0.008986673453505012	4.80507295796443e-49	5.516394622560517e-18	7.81074991134816e-31	7.038002101356868e-46
279.9062	0.009153835544328082	1.316796544489921e-45	6.623582234574559e-17	1.9584099146930062e-29	3.676497541917059e-44
280.1117	0.009337727066795865	4.183843910279748e-42	8.432673985317655e-16	5.456355329143268e-28	2.228074856123542e-42
280.3058	0.009518331444165584	6.299716493963908e-39	8.583967788524327e-15	1.1678009045807376e-26	9.93504781099192e-41
280.5114	0.009717412598718334	1.065529724146273e-35	9.185965678533216e-14	2.7557779887139788e-25	5.1015960185350065e-39
280.7169	0.009924893562136772	1.2959967685303236e-32	8.974389187739095e-13	5.956806370929293e-24	2.398677014820557e-37
280.911	0.010129165711663446	7.8788870445336e-30	7.1140105705583425e-12	1.0031474972752795e-22	8.415832930514984e-36
281.1165	0.010354799993188002	5.083411736053769e-27	5.835361289861885e-11	1.8337992482742822e-21	3.346420822218245e-34
281.3106	0.01057734358758633	1.69802109991937e-24	3.9215930066353885e-10	2.636078852019363e-20	1.002215653583855e-32
281.5161	0.010823621338522882	5.811464098537853e-22	2.700778242365647e-09	4.0753333017860415e-19	3.3702519619034567e-31
281.7102	0.011067001211852223	1.0665965982342198e-19	1.53875280725206e-08	5.000633615893902e-18	8.615853266306803e-30
281.9157	0.01133688957623219	1.9363984865856184e-17	8.897508836453784e-08	6.538039083208608e-17	2.450288504283065e-28
282.1098	0.011604173869538215	1.952703070932567e-15	4.2976745305935577e-07	6.84801512774948e-16	5.346978555998297e-27
282.3154	0.011901385120671404	1.8845758506901459e-13	2.0880007690997393e-06	7.58060155453e-15	1.2879769341173725e-25
282.5095	0.012196282455750163	1.0440393142565899e-11	8.549937989408827e-06	6.777335131103778e-14	2.3990394963195606e-24
282.715	0.012524847386481741	5.332693395037249e-10	3.4848963034408704e-05	6.337218831398584e-13	4.8794805662607273e-23
282.9091	0.01285185782994025	1.623217384273852e-08	0.00012097825975990946	4.836256109890071e-12	7.758150517400503e-22
283.1146	0.013217202088141977	4.3980332731717875e-07	0.0004140067202763529	3.824430507807221e-11	1.3344802042872655e-20
283.3087	0.013581868545685216	7.355554558346375e-06	0.0012184564931494908	2.4913380286134757e-10	1.8111400753566558e-19
283.5143	0.013990732964336783	0.00010584689372284782	0.003502650420334127	1.6676325457026718e-09	2.6380342474170914e-18
283.7083	0.014399745753263082	0.0009714782020354695	0.00873516365206087	9.264650895813174e-09	3.0522416589093836e-17
283.9138	0.014859901185441005	0.0074066020861597035	0.02107256632491578	5.239888210443899e-08	3.7549860698806314e-16
284.108	0.01532260176836786	0.03742478701797313	0.0445911881282823	2.4890771559725145e-07	3.717602234958741e-15
284.3135	0.015844646501188997	0.15133119029780773	0.0903128588429774	1.1905039692687053e-06	3.867691815175343e-14
284.5076	0.016371454587350898	0.41975975162006907	0.16195328711046442	4.823312668716308e-06	3.2646787366695917e-13
284.6139	0.016675071446105083	0.6488073091921919	0.2155434100853216	1.004518517239918e-05	1.0163222616601105e-12
284.7479	0.017074219731995133	0.9920324111734531	0.29863695032793686	2.450901197789051e-05	4.115948905727207e-12
284.808	0.017259509064601164	1.1473016710686221	0.34139972897169324	3.6132129931878556e-05	7.616247982641168e-12
284.9108	0.017585932226583556	1.3791834506245984	0.4216324026473637	6.89929316676867e-05	2.1452724440157722e-11
285.0135	0.01792459105345895	1.5279372080834785	0.5090480145825818	0.00012885153615998404	5.907905847391259e-11
285.1163	0.018276884152104378	1.5603235490527467	0.6010309344626908	0.00023565511576949794	1.5938636975094488e-10
285.2076	0.01860157083817332	1.48454798186086	0.6835532193783168	0.00039562207180361014	3.779188018529425e-10
285.3104	0.018981226790242334	1.2995640449972743	0.7735016564229505	0.000694676664852774	9.788835688271605e-10
285.4132	0.01937668355897426	1.0484947813978331	0.8558133279025805	0.0011937639790589333	2.481402070771643e-09
285.5159	0.019788537674785334	0.7799062070042649	0.9257575380990839	0.0020066550538757194	6.150600276607607e-09
285.6073	0.020170064040430702	0.5596503266527244	0.9742262938123881	0.0031285815171232098	1.354877923951993e-08
285.71	0.020616675502320214	0.3569046781904118	1.0100592319427513	0.00504933119298018	3.224427816293822e-08
285.8128	0.021083948051944523	0.20969103523053428	1.0239594249716568	0.00797922623359976	7.516400661691235e-08
285.9156	0.02157285987909696	0.11354620528738818	1.0149567488632645	0.012340173387304969	1.7147497460965334e-07
286.0069	0.022026458669355764	0.06149746186272385	0.9882087876809169	0.0178502819282873	3.503226717444139e-07
286.1096	0.02256000475959441	0.028568385483265166	0.9388382221945263	0.026494641089740294	7.667385786133769e-07
286.2124	0.02312055284150405	0.012222846499595956	0.8720568051844853	0.038501364668608366	1.6435985138842586e-06
286.3152	0.023709613708932153	0.004819746047056	0.7920045401813036	0.054755502355188855	3.448083119929541e-06
286.4065	0.024258477523646016	0.001969593151401232	0.7135031616602007	0.0735217304454627	6.538970200136479e-06
286.5093	0.02490764013934721	0.0006657675379967889	0.621054388899856	0.10038811299338292	1.317062154888911e-05
286.612	0.0255917402198797	0.00020765565139026375	0.528646217022481	0.13411103176323005	2.5945054882507904e-05
286.7461	0.026543537256801475	4.012601614918125e-05	0.414122580941559	0.18950975391395264	6.0877466273922684e-05
286.8062	0.026993415385309083	1.8361145311523155e-05	0.36661530678728	0.21865535257559326	8.816342555539794e-05
286.9089	0.02779843025930895	4.525638807945393e-06	0.292451099776262	0.2744840598982523	0.0001631967786483869
287.0117	0.028653660145291027	1.0267155862941547e-06	0.22805205106609452	0.33729385011480817	0.0002958238725016166
287.1144	0.029562114641016768	2.1501260859198548e-07	0.17392536314212403	0.4055644574087992	0.0005245064012999262
287.2058	0.030420313328846815	4.993935384078325e-08	0.13410268938747918	0.4692901172012799	0.0008575120366909739
287.3085	0.031445866637975495	8.966357845053253e-09	0.09802462918602976	0.5417825371908133	0.0014597884702749599
287.4113	0.03254383673079814	1.4813080049580781e-09	0.07003804896934487	0.6122199225860566	0.0024333396152767697
287.514	0.03371977110009611	2.2597072003270863e-10	0.04894609298631765	0.6769950628469354	0.003967773569230075
287.6168	0.0349847947477363	3.1713649121030734e-11	0.03343367623502836	0.7327303698438923	0.0063348438305157306
287.7082	0.036191640367297384	5.167181365652387e-12	0.023377671886594304	0.7720166793325918	0.00943031750345801
287.8109	0.03765055560273417	6.229016595184197e-13	0.015310607462997467	0.8021942218405084	0.014449248867862223
287.9137	0.03923301427849096	6.906737734624747e-14	0.00980027458358312	0.8158056491951353	0.02167618216383363
288.0164	0.0409518179050925	7.074119610673756e-15	0.0061364284952886905	0.8119588198580299	0.03181238264416598
288.1078	0.04261251150975759	8.693881180896103e-16	0.003969747755308369	0.7940451768139385	0.04395571178368693
288.2105	0.04464578532232866	7.634357786501641e-17	0.0023823695533578904	0.7587953080757169	0.06193852400531598
288.3133	0.04688362938570667	6.164317846352573e-18	0.0013972465943998048	0.7096153104169858	0.08544556664077504
288.416	0.04935322847589163	4.599149043456487e-19	0.0008016883064555201	0.6495264648330321	0.11532660787539388
288.5074	0.05177864270951649	4.263365817537425e-20	0.00047982502024340273	0.589571901033726	0.14790312670070807
288.6102	0.05480509735934641	2.7197221798215835e-21	0.0002637099643902011	0.5180642276062984	0.19171430764254407
288.7129	0.05819960738318619	1.603525925600167e-22	0.00014179672527727587	0.445586764101978	0.2431472221316127
288.8157	0.06204067822148729	8.689857909978763e-24	7.45035764653197e-05	0.37502079112541126	0.30187192070075825
288.907	0.06589717197881728	6.093550302808593e-25	4.128204418390591e-05	0.3160104015034043	0.3592629480062272
289.0098	0.07084624374165044	2.830749126861182e-26	2.078849033486563e-05	0.2553520609765909	0.4282336208724747
289.1125	0.07657751276603203	1.215754403872871e-27	1.0242775832475942e-05	0.2019829089825315	0.4994846272245984
289.2153	0.08330174208208346	4.797793789312143e-29	4.931132767888897e-06	0.15632514775773465	0.5702518377144734
289.3066	0.09031878138726646	2.5384411874435285e-30	2.5281208123334613e-06	0.1222753781178341	0.629970973476118
289.4094	0.09973167253589355	8.587309669436506e-32	1.1664810537082925e-06	0.0908590445680332	0.6905259953221125
289.5122	0.1112456537353651	2.677393968572256e-33	5.262431275033643e-07	0.06607404258129751	0.7407524349541457
289.6149	0.12559364587712984	7.720570338191638e-35	2.323135792787934e-07	0.0470408744215918	0.7776491560895676
289.7063	0.14164743570289529	3.071109429203424e-36	1.1011178652807208e-07	0.034142346326044924	0.7974612578072856
289.8091	0.16492056672389926	7.565016463872753e-38	4.655027780479597e-08	0.02332945345605446	0.8038058019327873
289.9118	0.19616210277700896	1.7238757628083535e-39	1.9258284929109494e-08	0.015607159707528653	0.7929331171137498
290.0146	0.23935801791865818	3.607325193168627e-41	7.783471618503412e-09	0.010214363549557695	0.7655161111511051
290.1059	0.29215903246578057	1.0864651845997035e-42	3.416253914155538e-09	0.006884012575097561	0.7286657530155641
290.2086	0.3727445105668511	1.9566147324596048e-44	1.3245310409015438e-09	0.004327577659106428	0.6754569639282635
290.3114	0.4746292614354408	3.2350317692735997e-46	5.016572627007679e-10	0.002661275931009101	0.6127355266530192
290.4142	0.5817998156815907	4.929659449263193e-48	1.8577229663147863e-10	0.0016016532682020432	0.543978833887414
290.5169	0.6732176388692321	6.952478939594443e-50	6.733139413475896e-11	0.000943862739446437	0.47270309901179247
290.6083	0.7349757792726608	1.4633489510389872e-51	2.6776233391744082e-11	0.0005789705944469447	0.4096793043646212
290.7111	0.7855281107817271	1.7617557547888332e-53	9.291868417532336e-12	0.0003274037073951249	0.3417444368256858
290.8138	0.8217253367327901	1.963484355446026e-55	3.156071835812032e-12	0.00018130038791053688	0.2790504351435225
290.9166	0.8483327282283729	2.008121512173632e-57	1.0470507111511623e-12	9.819786711032343e-05	0.22295456430912428
291.0079	0.8664425841491121	3.20247145349671e-59	3.856564302873205e-13	5.594252077439022e-05	0.1793907409964762
291.1107	0.8824839204923043	2.8076444056638705e-61	1.2262308866579687e-13	2.9091109121366328e-05	0.13760956225167967
291.2134	0.8952008775734435	2.279380746393974e-63	3.8165515678092575e-14	1.4815011685746325e-05	0.10333714113867422
291.3162	0.9055174507786024	1.6976120764667387e-65	1.1601391399676879e-14	7.378982516612685e-06	0.07592438231846717
291.4075	0.9131531386419394	2.0426856461183315e-67	3.95375719040411e-15	3.9021197483375845e-06	0.056706005826414385
291.5103	0.9204251402651048	1.3041195629252277e-69	1.1518602109237809e-15	1.865992964149524e-06	0.04000081215786015
291.7165	0.9319166701975087	4.035676176873544e-74	9.069787609819837e-17	3.981279728684761e-07	0.018613479912806926
291.9106	0.940095947984541	1.7016354355411705e-78	7.63214039650842e-18	8.591541367166686e-08	0.008368545640259739
292.1161	0.9468732525036585	2.8919092506024705e-83	5.088590462042991e-19	1.558171551855501e-08	0.0033013428328715743
292.3102	0.9520119589862734	6.699798017319311e-88	3.63021122918272e-20	2.8702449394427105e-09	0.0012669758497532483
292.5157	0.9564758781064234	6.039930108978902e-93	2.0321520866255236e-21	4.4023126774139607e-10	0.0004226946142625292
