*********************  Core Excitation Data  ********************
****************  A.P. Hitchcock & D.C. Mancini  ****************
*
* Formula: PH(O)PH
* Name: Phenyl Ether
* Edge: C1s
* Alpha Formula: C12H10O
* Data Source:Hitchcock
* Filename:KH-0CCKK.OS
* Ref. Code: UP
* Write Date: O2/06/04
* Reference:
* Source and Purity: ALDRICH 99%+
* Acquisition Mode:EELS, 2 deg, 2500 eV CRE mode, 0.7 eV fwhm
*--------------------------------------------------------------
* No. of Spectra:2 files         0khc          0khc.os   
*   E (eV)        Raw data             Osc. Str. per atom (E-2)
*--------------------------------------------------------------
        x             7y             8y
  2.805250E+02	  1.169000E+03	 -7.099843E-04	
  2.806249E+02	  1.073000E+03	 -8.831999E-03	
  2.807249E+02	  1.189000E+03	  9.568640E-04	
  2.808250E+02	  1.213000E+03	  2.978118E-03	
  2.809250E+02	  1.127000E+03	 -4.318412E-03	
  2.810250E+02	  1.103000E+03	 -6.370587E-03	
  2.811240E+02	  1.117000E+03	 -5.199748E-03	
  2.812239E+02	  1.163000E+03	 -1.306107E-03	
  2.813239E+02	  1.107000E+03	 -6.084941E-03	
  2.814240E+02	  1.124000E+03	 -4.654663E-03	
  2.815240E+02	  1.161000E+03	 -1.515615E-03	
  2.816240E+02	  1.132000E+03	 -4.004720E-03	
  2.817239E+02	  1.156000E+03	 -1.969374E-03	
  2.818239E+02	  1.134000E+03	 -3.865327E-03	
  2.819229E+02	  1.169000E+03	 -8.832876E-04	
  2.820229E+02	  1.139000E+03	 -3.467965E-03	
  2.821230E+02	  1.138000E+03	 -3.569137E-03	
  2.822230E+02	  1.163000E+03	 -1.436639E-03	
  2.823230E+02	  1.110000E+03	 -6.008304E-03	
  2.824229E+02	  1.111000E+03	 -5.940235E-03	
  2.825229E+02	  1.178000E+03	 -1.834683E-04	
  2.826230E+02	  1.104000E+03	 -6.580216E-03	
  2.827220E+02	  1.208000E+03	  2.383918E-03	
  2.828220E+02	  1.183000E+03	  2.131178E-04	
  2.829220E+02	  1.153000E+03	 -2.395032E-03	
  2.830219E+02	  1.187000E+03	  5.366049E-04	
  2.831219E+02	  1.183000E+03	  1.784405E-04	
  2.832220E+02	  1.273000E+03	  7.981301E-03	
  2.833220E+02	  1.258000E+03	  6.674106E-03	
  2.834220E+02	  1.237000E+03	  4.842086E-03	
  2.835219E+02	  1.345000E+03	  1.424237E-02	
  2.836209E+02	  1.291000E+03	  9.537064E-03	
  2.837209E+02	  1.403000E+03	  1.931110E-02	
  2.838210E+02	  1.464000E+03	  2.464950E-02	
  2.839210E+02	  1.528000E+03	  3.026149E-02	
  2.840210E+02	  1.701000E+03	  4.542930E-02	
  2.841209E+02	  1.799000E+03	  5.405499E-02	
  2.842209E+02	  2.315000E+03	  9.937583E-02	
  2.843210E+02	  2.763000E+03	  1.388190E-01	
  2.844200E+02	  3.664000E+03	  2.181743E-01	
  2.845200E+02	  5.022000E+03	  3.379222E-01	
  2.846200E+02	  7.241000E+03	  5.337859E-01	
  2.847199E+02	  1.006500E+04	  7.834232E-01	
  2.848199E+02	  1.528400E+04	  1.245055E+00	
  2.849200E+02	  2.039600E+04	  1.698198E+00	
  2.850200E+02	  2.620700E+04	  2.214135E+00	
  2.851200E+02	  2.962000E+04	  2.518750E+00	
  2.852190E+02	  3.185800E+04	  2.719785E+00	
  2.853189E+02	  3.266200E+04	  2.793982E+00	
  2.854189E+02	  3.129900E+04	  2.675788E+00	
  2.855190E+02	  2.878700E+04	  2.455146E+00	
  2.856190E+02	  2.561000E+04	  2.174827E+00	
  2.857190E+02	  2.171000E+04	  1.829476E+00	
  2.858189E+02	  1.755200E+04	  1.460378E+00	
  2.859189E+02	  1.434100E+04	  1.175092E+00	
  2.860190E+02	  1.188900E+04	  9.570715E-01	
  2.861180E+02	  9.733000E+03	  7.650784E-01	
  2.862180E+02	  8.350000E+03	  6.419519E-01	
  2.863180E+02	  7.890000E+03	  6.013520E-01	
  2.864179E+02	  7.489000E+03	  5.659634E-01	
  2.865179E+02	  7.637000E+03	  5.798436E-01	
  2.866180E+02	  8.532000E+03	  6.609617E-01	
  2.867180E+02	  9.668000E+03	  7.639532E-01	
  2.868180E+02	  1.044900E+04	  8.351519E-01	
  2.869170E+02	  1.133200E+04	  9.156946E-01	
  2.870170E+02	  1.227400E+04	  1.001743E+00	
  2.871169E+02	  1.228100E+04	  1.003406E+00	
  2.872169E+02	  1.252700E+04	  1.026710E+00	
  2.873170E+02	  1.213200E+04	  9.919686E-01	
  2.874170E+02	  1.126500E+04	  9.143313E-01	
  2.875170E+02	  1.031400E+04	  8.289025E-01	
  2.876169E+02	  9.471000E+03	  7.531124E-01	
  2.877169E+02	  8.880000E+03	  7.000979E-01	
  2.878159E+02	  8.099000E+03	  6.296565E-01	
  2.879160E+02	  7.683000E+03	  5.923619E-01	
  2.880160E+02	  7.596000E+03	  5.850225E-01	
  2.881160E+02	  7.298000E+03	  5.583851E-01	
  2.882159E+02	  7.291000E+03	  5.583115E-01	
  2.883159E+02	  7.580000E+03	  5.853432E-01	
  2.884160E+02	  7.712000E+03	  5.980392E-01	
  2.885160E+02	  8.148000E+03	  6.386564E-01	
  2.886150E+02	  8.468000E+03	  6.686945E-01	
  2.887150E+02	  8.994000E+03	  7.177429E-01	
  2.888149E+02	  9.725000E+03	  7.857617E-01	
  2.889149E+02	  1.045800E+04	  8.541050E-01	
  2.890150E+02	  1.066900E+04	  8.744407E-01	
  2.891150E+02	  1.119600E+04	  9.239943E-01	
  2.892150E+02	  1.108400E+04	  9.145861E-01	
  2.893149E+02	  1.121800E+04	  9.279177E-01	
  2.894139E+02	  1.102000E+04	  9.105164E-01	
  2.895139E+02	  1.084700E+04	  8.954053E-01	
  2.896140E+02	  1.044100E+04	  8.586376E-01	
  2.897140E+02	  1.038300E+04	  8.541234E-01	
  2.898140E+02	  1.007800E+04	  8.266267E-01	
  2.899139E+02	  1.019600E+04	  8.384533E-01	
  2.900139E+02	  1.042100E+04	  8.602759E-01	
  2.901140E+02	  1.050100E+04	  8.686159E-01	
  2.902140E+02	  1.090500E+04	  9.072291E-01	
  2.903130E+02	  1.149700E+04	  9.634863E-01	
  2.904130E+02	  1.188400E+04	  1.000683E+00	
  2.905720E+02	  1.313700E+04	  1.119755E+00	
  2.907719E+02	  1.336000E+04	  1.142984E+00	
  2.909720E+02	  1.349500E+04	  1.158021E+00	
  2.911710E+02	  1.331000E+04	  1.142921E+00	
  2.913709E+02	  1.350000E+04	  1.163204E+00	
  2.915710E+02	  1.335800E+04	  1.152125E+00	
  2.917710E+02	  1.350800E+04	  1.168703E+00	
  2.919709E+02	  1.359300E+04	  1.179160E+00	
  2.921700E+02	  1.365700E+04	  1.187645E+00	
  2.923700E+02	  1.393100E+04	  1.216218E+00	
  2.925699E+02	  1.388800E+04	  1.214572E+00	
  2.927700E+02	  1.423200E+04	  1.250019E+00	
  2.929690E+02	  1.489800E+04	  1.316525E+00	
  2.931689E+02	  1.504700E+04	  1.333538E+00	
  2.933690E+02	  1.540700E+04	  1.370969E+00	
  2.935689E+02	  1.583600E+04	  1.415215E+00	
  2.937679E+02	  1.615500E+04	  1.448965E+00	
  2.939680E+02	  1.628100E+04	  1.464129E+00	
  2.941679E+02	  1.628300E+04	  1.467286E+00	
  2.943680E+02	  1.630400E+04	  1.472302E+00	
  2.945670E+02	  1.650600E+04	  1.494989E+00	
  2.947670E+02	  1.627000E+04	  1.474918E+00	
  2.949669E+02	  1.604300E+04	  1.455637E+00	
  2.951670E+02	  1.596900E+04	  1.451306E+00	
  2.953660E+02	  1.564100E+04	  1.421927E+00	
  2.955659E+02	  1.555100E+04	  1.415912E+00	
  2.957660E+02	  1.540000E+04	  1.403838E+00	
  2.959659E+02	  1.529300E+04	  1.396064E+00	
  2.961649E+02	  1.530600E+04	  1.400147E+00	
  2.963650E+02	  1.512900E+04	  1.385360E+00	
  2.965649E+02	  1.480700E+04	  1.356053E+00	
  2.967650E+02	  1.511500E+04	  1.389532E+00	
  2.969650E+02	  1.481600E+04	  1.362401E+00	
  2.971639E+02	  1.472200E+04	  1.355694E+00	
  2.973640E+02	  1.461700E+04	  1.347862E+00	
  2.975640E+02	  1.440900E+04	  1.329622E+00	
  2.977639E+02	  1.442600E+04	  1.333995E+00	
  2.979630E+02	  1.444800E+04	  1.338874E+00	
  2.981630E+02	  1.466600E+04	  1.363627E+00	
  2.983629E+02	  1.440600E+04	  1.339965E+00	
  2.985630E+02	  1.426800E+04	  1.328608E+00	
  2.987620E+02	  1.454800E+04	  1.359773E+00	
  2.989619E+02	  1.438700E+04	  1.346046E+00	
  2.991620E+02	  1.436700E+04	  1.346683E+00	
  2.993619E+02	  1.466500E+04	  1.379909E+00	
  2.995609E+02	  1.456100E+04	  1.371961E+00	
  2.997610E+02	  1.447900E+04	  1.366252E+00	
  2.999610E+02	  1.450600E+04	  1.371752E+00	
  3.001609E+02	  1.475900E+04	  1.400618E+00	
  3.003600E+02	  1.437000E+04	  1.363112E+00	
  3.005600E+02	  1.465200E+04	  1.395072E+00	
  3.007599E+02	  1.473800E+04	  1.406778E+00	
  3.009600E+02	  1.431000E+04	  1.364988E+00	
  3.011590E+02	  1.458300E+04	  1.396170E+00	
  3.013589E+02	  1.465600E+04	  1.406567E+00	
  3.015590E+02	  1.463200E+04	  1.406837E+00	
  3.017589E+02	  1.448900E+04	  1.394604E+00	
  3.019590E+02	  1.439600E+04	  1.387578E+00	
  3.021580E+02	  1.444300E+04	  1.395259E+00	
  3.023579E+02	  1.439600E+04	  1.393048E+00	
  3.025580E+02	  1.417100E+04	  1.371986E+00	
  3.027580E+02	  1.422500E+04	  1.380416E+00	
  3.029569E+02	  1.402100E+04	  1.361446E+00	
  3.031570E+02	  1.436800E+04	  1.401071E+00	
  3.033570E+02	  1.424200E+04	  1.390387E+00	
  3.035569E+02	  1.391100E+04	  1.357740E+00	
  3.037560E+02	  1.387800E+04	  1.356863E+00	
  3.039560E+02	  1.372700E+04	  1.343323E+00	
  3.041559E+02	  1.368300E+04	  1.341228E+00	
  3.043560E+02	  1.339600E+04	  1.312938E+00	
  3.045550E+02	  1.329200E+04	  1.304272E+00	
  3.047549E+02	  1.294800E+04	  1.269616E+00	
  3.049550E+02	  1.292400E+04	  1.269500E+00	
  3.051549E+02	  1.275500E+04	  1.253629E+00	
  3.053539E+02	  1.278100E+04	  1.258896E+00	
  3.055540E+02	  1.252500E+04	  1.233445E+00	
  3.057540E+02	  1.213700E+04	  1.193468E+00	
  3.059539E+02	  1.217400E+04	  1.199843E+00	
  3.061530E+02	  1.185400E+04	  1.167077E+00	
  3.063530E+02	  1.156400E+04	  1.137481E+00	
  3.065529E+02	  1.152500E+04	  1.135398E+00	
  3.067530E+02	  1.160000E+04	  1.145880E+00	
  3.069529E+02	  1.131200E+04	  1.116271E+00	
  3.071519E+02	  1.111200E+04	  1.096275E+00	
  3.073520E+02	  1.110300E+04	  1.097403E+00	
  3.075519E+02	  1.078300E+04	  1.063949E+00	
  3.077520E+02	  1.074300E+04	  1.061553E+00	
  3.079510E+02	  1.068500E+04	  1.057123E+00	
  3.081509E+02	  1.056700E+04	  1.045968E+00	
  3.083510E+02	  1.038900E+04	  1.028043E+00	
  3.085510E+02	  1.026500E+04	  1.016104E+00	
  3.087499E+02	  1.017600E+04	  1.008040E+00	
  3.089500E+02	  1.001100E+04	  9.913852E-01	
  3.091500E+02	  9.961000E+03	  9.876471E-01	
  3.093499E+02	  9.894000E+03	  9.819650E-01	
  3.095490E+02	  9.716000E+03	  9.636626E-01	
  3.097490E+02	  9.646000E+03	  9.575615E-01	
  3.099489E+02	  9.498000E+03	  9.425531E-01	
  3.101490E+02	  9.598000E+03	  9.557666E-01	
  3.103480E+02	  9.474000E+03	  9.434209E-01	
  3.105479E+02	  9.189000E+03	  9.125972E-01	
  3.107480E+02	  9.382000E+03	  9.364845E-01	
  3.109480E+02	  9.050000E+03	  9.001166E-01	
  3.111479E+02	  9.210000E+03	  9.202619E-01	
  3.113470E+02	  9.044000E+03	  9.028581E-01	
  3.115970E+02	  8.843000E+03	  8.817638E-01	
  3.117970E+02	  8.862000E+03	  8.856468E-01	
  3.119959E+02	  8.873000E+03	  8.886026E-01	
  3.121960E+02	  8.798000E+03	  8.815703E-01	
  3.123960E+02	  8.743000E+03	  8.768364E-01	
  3.125959E+02	  8.605000E+03	  8.623857E-01	
  3.127960E+02	  8.574000E+03	  8.603977E-01	
  3.129950E+02	  8.546000E+03	  8.587402E-01	
  3.131949E+02	  8.368000E+03	  8.394591E-01	
  3.133950E+02	  8.366000E+03	  8.408159E-01	
  3.135949E+02	  8.338000E+03	  8.391061E-01	
  3.137939E+02	  8.116000E+03	  8.144572E-01	
  3.139940E+02	  8.254000E+03	  8.323340E-01	
  3.141939E+02	  8.277000E+03	  8.366346E-01	
  3.143940E+02	  8.244000E+03	  8.342949E-01	
  3.145930E+02	  7.942000E+03	  7.999048E-01	
  3.147929E+02	  8.101000E+03	  8.203800E-01	
  3.149930E+02	  7.877000E+03	  7.951544E-01	
  3.151930E+02	  7.872000E+03	  7.960529E-01	
  3.153920E+02	  7.887000E+03	  7.993432E-01	
  3.155919E+02	  7.890000E+03	  8.012062E-01	
  3.157920E+02	  8.005000E+03	  8.165640E-01	
  3.159919E+02	  7.858000E+03	  8.003590E-01	
  3.161909E+02	  7.823000E+03	  7.976222E-01	
  3.163910E+02	  7.628000E+03	  7.754979E-01	
  3.165909E+02	  7.527000E+03	  7.646921E-01	
  3.167910E+02	  7.744000E+03	  7.925118E-01	
  3.169900E+02	  7.663000E+03	  7.841199E-01	
  3.171899E+02	  7.506000E+03	  7.664220E-01	
  3.173900E+02	  7.516000E+03	  7.690780E-01	
  3.175900E+02	  7.520000E+03	  7.710044E-01	
  3.177899E+02	  7.523000E+03	  7.728111E-01	
  3.179890E+02	  7.481000E+03	  7.690809E-01	
  3.181890E+02	  7.495000E+03	  7.722397E-01	
  3.183889E+02	  7.730000E+03	  8.026933E-01	
  3.185890E+02	  7.546000E+03	  7.814286E-01	
  3.187880E+02	  7.440000E+03	  7.697384E-01	
  3.189879E+02	  7.412000E+03	  7.676926E-01	
  3.191880E+02	  7.283000E+03	  7.530707E-01	
  3.193879E+02	  7.397000E+03	  7.686781E-01	
  3.195869E+02	  7.463000E+03	  7.783402E-01	
  3.197870E+02	  7.184000E+03	  7.448763E-01	
  3.199869E+02	  7.377000E+03	  7.704501E-01	
  3.201870E+02	  7.247000E+03	  7.555509E-01	
  3.203860E+02	  7.184000E+03	  7.490147E-01	
  3.205860E+02	  7.307000E+03	  7.659072E-01	
  3.207859E+02	  7.274000E+03	  7.631547E-01	
  3.209860E+02	  7.130000E+03	  7.463424E-01	
  3.211850E+02	  7.252000E+03	  7.631814E-01	
  3.213849E+02	  7.110000E+03	  7.465515E-01	
  3.215850E+02	  7.102000E+03	  7.469103E-01	
  3.217849E+02	  7.154000E+03	  7.549167E-01	
  3.219839E+02	  7.113000E+03	  7.510625E-01	
  3.221840E+02	  7.030000E+03	  7.418224E-01	
  3.223839E+02	  7.058000E+03	  7.467766E-01	
  3.225840E+02	  7.042000E+03	  7.460945E-01	
  3.227840E+02	  7.159000E+03	  7.625244E-01	
  3.229829E+02	  7.040000E+03	  7.485717E-01	
  3.231830E+02	  7.223000E+03	  7.735893E-01	
  3.233830E+02	  6.871000E+03	  7.294455E-01	
  3.235829E+02	  7.110000E+03	  7.617754E-01	
  3.237820E+02	  6.925000E+03	  7.391285E-01	
  3.239820E+02	  6.917000E+03	  7.394394E-01	
  3.241819E+02	  6.898000E+03	  7.383131E-01	
  3.243820E+02	  6.919000E+03	  7.424068E-01	
  3.245810E+02	  6.906000E+03	  7.420545E-01	
  3.247809E+02	  6.950000E+03	  7.491789E-01	
  3.249810E+02	  6.910000E+03	  7.452911E-01	
  3.251809E+02	  7.064000E+03	  7.669220E-01	
  3.253799E+02	  6.802000E+03	  7.337599E-01	
  3.255800E+02	  6.943000E+03	  7.537266E-01	
  3.257799E+02	  6.684000E+03	  7.208124E-01	
  3.259799E+02	  6.855000E+03	  7.448015E-01	
  3.261790E+02	  6.932000E+03	  7.563803E-01	
  3.263790E+02	  6.695000E+03	  7.262058E-01	
  3.265789E+02	  6.795000E+03	  7.408594E-01	
  3.267790E+02	  6.731000E+03	  7.336527E-01	
  3.269789E+02	  6.736000E+03	  7.356515E-01	
  3.271779E+02	  6.632000E+03	  7.230297E-01	
  3.273780E+02	  6.699000E+03	  7.333413E-01	
  3.275779E+02	  6.733000E+03	  7.392445E-01	
  3.277780E+02	  6.492000E+03	  7.080802E-01	
  3.279770E+02	  6.712000E+03	  7.390768E-01	
  3.281769E+02	  6.474000E+03	  7.081949E-01	
  3.283770E+02	  6.526000E+03	  7.165245E-01	
  3.285770E+02	  6.470000E+03	  7.102076E-01	
  3.287759E+02	  6.496000E+03	  7.150188E-01	
  3.289760E+02	  6.661000E+03	  7.388074E-01	
  3.291760E+02	  6.574000E+03	  7.282518E-01	
  3.293759E+02	  6.369000E+03	  7.015024E-01	
  3.295750E+02	  6.526000E+03	  7.242855E-01	
  3.297750E+02	  6.392000E+03	  7.071781E-01	
  3.299749E+02	  6.495000E+03	  7.226225E-01	
  3.301750E+02	  6.272000E+03	  6.931708E-01	
  3.303740E+02	  6.422000E+03	  7.151271E-01	
  3.305739E+02	  6.282000E+03	  6.970325E-01	
  3.307740E+02	  6.294000E+03	  6.999438E-01	
  3.309739E+02	  6.334000E+03	  7.067511E-01	
  3.311729E+02	  6.154000E+03	  6.829596E-01	
  3.313730E+02	  6.160000E+03	  6.850154E-01	
  3.315730E+02	  6.127000E+03	  6.816284E-01	
  3.317729E+02	  6.215000E+03	  6.951562E-01	
  3.319730E+02	  6.121000E+03	  6.832182E-01	
  3.321720E+02	  5.969000E+03	  6.630815E-01	
  3.323719E+02	  6.125000E+03	  6.862087E-01	
  3.325720E+02	  6.102000E+03	  6.841875E-01	
  3.327719E+02	  6.060000E+03	  6.794720E-01	
  3.329709E+02	  6.022000E+03	  6.752964E-01	
  3.331710E+02	  5.888000E+03	  6.575028E-01	
  3.333709E+02	  6.026000E+03	  6.782622E-01	
  3.335710E+02	  5.963000E+03	  6.705030E-01	
  3.337700E+02	  5.887000E+03	  6.608533E-01	
  3.339699E+02	  5.964000E+03	  6.730148E-01	
  3.341700E+02	  5.834000E+03	  6.556116E-01	
  3.343700E+02	  5.806000E+03	  6.527571E-01	
  3.345689E+02	  5.705000E+03	  6.394036E-01	
  3.347690E+02	  5.760000E+03	  6.484409E-01	
  3.349690E+02	  5.781000E+03	  6.526091E-01	
  3.351689E+02	  5.746000E+03	  6.487061E-01	
  3.353680E+02	  5.800000E+03	  6.576510E-01	
  3.355680E+02	  5.829000E+03	  6.630092E-01	
  3.357679E+02	  5.657000E+03	  6.392130E-01	
  3.359680E+02	  5.566000E+03	  6.271051E-01	
  3.361670E+02	  5.542000E+03	  6.247035E-01	
  3.363669E+02	  5.616000E+03	  6.365955E-01	
  3.365670E+02	  5.670000E+03	  6.456053E-01	
  3.367670E+02	  5.425000E+03	  6.108568E-01	
  3.369669E+02	  5.544000E+03	  6.293824E-01	
  3.371660E+02	  5.406000E+03	  6.101947E-01	
  3.373660E+02	  5.426000E+03	  6.142044E-01	
  3.375659E+02	  5.493000E+03	  6.251585E-01	
  3.377660E+02	  5.338000E+03	  6.033441E-01	
  3.379650E+02	  5.391000E+03	  6.122357E-01	
  3.381649E+02	  5.424000E+03	  6.181952E-01	
  3.383650E+02	  5.500000E+03	  6.305638E-01	
  3.385649E+02	  5.466000E+03	  6.266003E-01	
  3.387639E+02	  5.400000E+03	  6.178429E-01	
  3.389640E+02	  5.373000E+03	  6.148835E-01	
  3.391639E+02	  5.192000E+03	  5.888634E-01	
  3.393640E+02	  5.307000E+03	  6.071247E-01	
  3.395630E+02	  5.229000E+03	  5.964565E-01	
  3.397629E+02	  5.247000E+03	  6.001964E-01	
  3.399630E+02	  5.109000E+03	  5.804344E-01	
  3.401630E+02	  5.281000E+03	  6.074088E-01	
  3.403619E+02	  5.213000E+03	  5.981666E-01	