   264.00       0.000000       0.000000       0.000000       0.000000
   264.06       0.000000       0.000000       0.000000       0.000000
   264.11       0.000000       0.000000       0.000000       0.000000
   264.17       0.000000       0.000000       0.000000       0.000000
   264.22       0.000000       0.000000       0.000000       0.000000
   264.28       0.000000       0.000000       0.000000       0.000000
   264.34       0.000000       0.000000       0.000000       0.000000
   264.39       0.000000       0.000000       0.000000       0.000000
   264.45       0.000000       0.000000       0.000000       0.000000
   264.51       0.000000       0.000000       0.000000       0.000000
   264.56       0.000000       0.000000       0.000000       0.000000
   264.62       0.000000       0.000000       0.000000       0.000000
   264.67       0.000000       0.000000       0.000000       0.000000
   264.73       0.000000       0.000000       0.000000       0.000000
   264.79       0.000000       0.000000       0.000000       0.000000
   264.84       0.000000       0.000000       0.000000       0.000000
   264.90       0.000000       0.000000       0.000000       0.000000
   264.95       0.000000       0.000000       0.000000       0.000000
   265.01       0.000000       0.000000       0.000000       0.000000
   265.07       0.000000       0.000000       0.000000       0.000000
   265.12       0.000000       0.000000       0.000000       0.000000
   265.18       0.000000       0.000000       0.000000       0.000000
   265.23       0.000000       0.000000       0.000000       0.000000
   265.29       0.000000       0.000000       0.000000       0.000000
   265.35       0.000000       0.000000       0.000000       0.000000
   265.40       0.000000       0.000000       0.000000       0.000000
   265.46       0.000000       0.000000       0.000000       0.000000
   265.52       0.000000       0.000000       0.000000       0.000000
   265.57       0.000000       0.000000       0.000000       0.000000
   265.63       0.000000       0.000000       0.000000       0.000000
   265.68       0.000000       0.000000       0.000000       0.000000
   265.74       0.000000       0.000000       0.000000       0.000000
   265.80       0.000000       0.000000       0.000000       0.000000
   265.85       0.000000       0.000000       0.000000       0.000000
   265.91       0.000000       0.000000       0.000000       0.000000
   265.96       0.000000       0.000000       0.000000       0.000000
   266.02       0.000000       0.000000       0.000000       0.000000
   266.08       0.000000       0.000000       0.000000       0.000000
   266.13       0.000000       0.000000       0.000000       0.000000
   266.19       0.000000       0.000000       0.000000       0.000000
   266.24       0.000000       0.000000       0.000000       0.000000
   266.30       0.000000       0.000000       0.000000       0.000000
   266.36       0.000000       0.000000       0.000000       0.000000
   266.41       0.000000       0.000000       0.000000       0.000000
   266.47       0.000000       0.000000       0.000000       0.000000
   266.53       0.000000       0.000000       0.000000       0.000000
   266.58       0.000000       0.000000       0.000000       0.000000
   266.64       0.000000       0.000000       0.000000       0.000000
   266.69       0.000000       0.000000       0.000000       0.000000
   266.75       0.000000       0.000000       0.000000       0.000000
   266.81       0.000000       0.000000       0.000000       0.000000
   266.86       0.000000       0.000000       0.000000       0.000000
   266.92       0.000000       0.000000       0.000000       0.000000
   266.97       0.000000       0.000000       0.000000       0.000000
   267.03       0.000000       0.000000       0.000000       0.000000
   267.09       0.000000       0.000000       0.000000       0.000000
   267.14       0.000000       0.000000       0.000000       0.000000
   267.20       0.000000       0.000000       0.000000       0.000000
   267.25       0.000000       0.000000       0.000000       0.000000
   267.31       0.000000       0.000000       0.000000       0.000000
   267.37       0.000000       0.000000       0.000000       0.000000
   267.42       0.000000       0.000000       0.000000       0.000000
   267.48       0.000000       0.000000       0.000000       0.000000
   267.54       0.000000       0.000000       0.000000       0.000000
   267.59       0.000000       0.000000       0.000000       0.000000
   267.65       0.000000       0.000000       0.000000       0.000000
   267.70       0.000000       0.000000       0.000000       0.000000
   267.76       0.000000       0.000000       0.000000       0.000000
   267.82       0.000000       0.000000       0.000000       0.000000
   267.87       0.000000       0.000000       0.000000       0.000000
   267.93       0.000000       0.000000       0.000000       0.000000
   267.98       0.000000       0.000000       0.000000       0.000000
   268.04       0.000000       0.000000       0.000000       0.000000
   268.10       0.000000       0.000000       0.000000       0.000000
   268.15       0.000000       0.000000       0.000000       0.000000
   268.21       0.000000       0.000000       0.000000       0.000000
   268.26       0.000000       0.000000       0.000000       0.000000
   268.32       0.000000       0.000000       0.000000       0.000000
   268.38       0.000000       0.000000       0.000000       0.000000
   268.43       0.000000       0.000000       0.000000       0.000000
   268.49       0.000000       0.000000       0.000000       0.000000
   268.55       0.000000       0.000000       0.000000       0.000000
   268.60       0.000000       0.000000       0.000000       0.000000
   268.66       0.000000       0.000000       0.000000       0.000000
   268.71       0.000000       0.000000       0.000000       0.000000
   268.77       0.000000       0.000000       0.000000       0.000000
   268.83       0.000000       0.000000       0.000000       0.000000
   268.88       0.000000       0.000000       0.000000       0.000000
   268.94       0.000000       0.000000       0.000000       0.000000
   268.99       0.000000       0.000000       0.000000       0.000000
   269.05       0.000000       0.000000       0.000000       0.000000
   269.11       0.000000       0.000000       0.000000       0.000000
   269.16       0.000000       0.000000       0.000000       0.000000
   269.22       0.000000       0.000000       0.000000       0.000000
   269.27       0.000000       0.000000       0.000000       0.000000
   269.33       0.000000       0.000000       0.000000       0.000000
   269.39       0.000000       0.000000       0.000000       0.000000
   269.44       0.000000       0.000000       0.000000       0.000000
   269.50       0.000000       0.000000       0.000000       0.000000
   269.56       0.000000       0.000000       0.000000       0.000000
   269.61       0.000000       0.000000       0.000000       0.000000
   269.67       0.000000       0.000000       0.000000       0.000000
   269.72       0.000000       0.000000       0.000000       0.000000
   269.78       0.000000       0.000000       0.000000       0.000000
   269.84       0.000000       0.000000       0.000000       0.000000
   269.89       0.000000       0.000000       0.000000       0.000000
   269.95       0.000000       0.000000       0.000000       0.000000
   270.00       0.000000       0.000000       0.000000       0.000000
   270.06       0.000000       0.000000       0.000000       0.000000
   270.12       0.000000       0.000000       0.000000       0.000000
   270.17       0.000000       0.000000       0.000000       0.000000
   270.23       0.000000       0.000000       0.000000       0.000000
   270.28       0.000000       0.000000       0.000000       0.000000
   270.34       0.000000       0.000000       0.000000       0.000000
   270.40       0.000000       0.000000       0.000000       0.000000
   270.45       0.000000       0.000000       0.000000       0.000000
   270.51       0.000000       0.000000       0.000000       0.000000
   270.57       0.000000       0.000000       0.000000       0.000000
   270.62       0.000000       0.000000       0.000000       0.000000
   270.68       0.000000       0.000000       0.000000       0.000000
   270.73       0.000000       0.000000       0.000000       0.000000
   270.79       0.000000       0.000000       0.000000       0.000000
   270.85       0.000000       0.000000       0.000000       0.000000
   270.90       0.000000       0.000000       0.000000       0.000000
   270.96       0.000000       0.000000       0.000000       0.000000
   271.01       0.000000       0.000000       0.000000       0.000000
   271.07       0.000000       0.000000       0.000000       0.000000
   271.13       0.000000       0.000000       0.000000       0.000000
   271.18       0.000000       0.000000       0.000000       0.000000
   271.24       0.000000       0.000000       0.000000       0.000000
   271.29       0.000000       0.000000       0.000000       0.000000
   271.35       0.000000       0.000000       0.000000       0.000000
   271.41       0.000000       0.000000       0.000000       0.000000
   271.46       0.000000       0.000000       0.000000       0.000000
   271.52       0.000000       0.000000       0.000000       0.000000
   271.58       0.000000       0.000000       0.000000       0.000000
   271.63       0.000000       0.000000       0.000000       0.000000
   271.69       0.000000       0.000000       0.000000       0.000000
   271.74       0.000000       0.000000       0.000000       0.000000
   271.80       0.000000       0.000000       0.000000       0.000000
   271.86       0.000000       0.000000       0.000000       0.000000
   271.91       0.000000       0.000000       0.000000       0.000000
   271.97       0.000000       0.000000       0.000000       0.000000
   272.02       0.000000       0.000000       0.000000       0.000000
   272.08       0.000000       0.000000       0.000000       0.000000
   272.14       0.000000       0.000000       0.000000       0.000000
   272.19       0.000000       0.000000       0.000000       0.000000
   272.25       0.000000       0.000000       0.000000       0.000000
   272.30       0.000000       0.000000       0.000000       0.000000
   272.36       0.000000       0.000000       0.000000       0.000000
   272.42       0.000000       0.000000       0.000000       0.000000
   272.47       0.000000       0.000000       0.000000       0.000000
   272.53       0.000000       0.000000       0.000000       0.000000
   272.59       0.000000       0.000000       0.000000       0.000000
   272.64       0.000000       0.000000       0.000000       0.000000
   272.70       0.000000       0.000000       0.000000       0.000000
   272.75       0.000000       0.000000       0.000000       0.000000
   272.81       0.000000       0.000000       0.000000       0.000000
   272.87       0.000000       0.000000       0.000000       0.000000
   272.92       0.000000       0.000000       0.000000       0.000000
   272.98       0.000000       0.000000       0.000000       0.000000
   273.03       0.000000       0.000000       0.000000       0.000000
   273.09       0.000000       0.000000       0.000000       0.000000
   273.15       0.000000       0.000000       0.000000       0.000000
   273.20       0.000178       0.000000       0.000000       0.000178
   273.26       0.000600       0.000000       0.000000       0.000600
   273.31       0.001928       0.000000       0.000000       0.001928
   273.37       0.006298       0.000000       0.000000       0.006298
   273.43       0.018549       0.000000       0.000000       0.018548
   273.48       0.052544       0.000000       0.000001       0.052543
   273.54       0.141080       0.000001       0.000003       0.141076
   273.60       0.361574       0.000002       0.000008       0.361564
   273.65       0.884775       0.000006       0.000020       0.884749
   273.71       2.067760       0.000013       0.000046       2.067702
   273.76       4.616804       0.000029       0.000102       4.616673
   273.82       9.852110       0.000062       0.000217       9.851831
   273.88      20.100679       0.000127       0.000442      20.100111
   273.93      39.225570       0.000248       0.000862      39.224461
   273.99      73.248791       0.000463       0.001608      73.246720
   274.04     130.949970       0.000829       0.002871     130.946270
   274.10     224.229208       0.001421       0.004910     224.222877
   274.16     367.937301       0.002335       0.008047     367.926919
   274.21     578.849593       0.003680       0.012644     578.833270
   274.27     873.545828       0.005563       0.019055     873.521210
   274.32    1265.186730       0.008073       0.027562    1265.151096
   274.38    1759.548896       0.011251       0.038280    1759.499366
   274.44    2351.105371       0.015065       0.051081    2351.039225
   274.49    3020.278124       0.019394       0.065534    3020.193196
   274.55    3733.056869       0.024023       0.080898    3732.951949
   274.61    4443.830633       0.028658       0.096183    4443.705792
   274.66    5101.490800       0.032967       0.110288    5101.347546
   274.72    5657.802587       0.036632       0.122176    5657.643779
   274.77    6076.058401       0.039409       0.131064    6075.887928
   274.83    6337.557329       0.041165       0.136558    6337.379605
   274.89    6443.828871       0.041902       0.138701    6443.648267
   274.94    6413.756896       0.041738       0.137908    6413.577250
   275.00    6276.479616       0.040859       0.134815    6276.303942
   275.05    6062.463143       0.039466       0.130084    6062.293593
   275.11    5795.787519       0.037721       0.124239    5795.625559
   275.17    5490.114295       0.036278       0.117796    5489.960221
   275.22    5149.245383       0.035300       0.110888    5149.099195
   275.28    4771.354113       0.036598       0.104184    4771.213332
   275.33    4354.663348       0.044651       0.099384    4354.519313
   275.39    3902.133081       0.071010       0.101024    3901.961046
   275.45    3423.531127       0.143744       0.120179    3423.267205
   275.50    2934.602134       0.327207       0.182115    2934.092812
   275.56    2454.229774       0.760581       0.341192    2453.128001
   275.62    2001.029810       1.727440       0.707788    1998.594581
   275.67    1590.643915       3.770963       1.492956    1585.379996
   275.73    1234.397525       7.866655       3.075411    1223.455459
   275.78     939.327364      15.651134       6.090298     917.585931
   275.84     709.149999      29.676515      11.527923     667.945561
   275.90     545.595718      53.614427      20.812930     471.168361
   275.95     449.579589      92.280943      35.814002     321.484643
   276.01     421.801721     151.317466      58.720051     211.764204
   276.06     462.507237     236.378031      91.724882     134.404324
   276.12     570.319354     351.774201     136.501383      82.043770
   276.18     740.330698     498.722341     193.521421      48.086937
   276.23     961.978359     673.583258     261.372765      27.022336
   276.29    1217.528037     866.684897     336.302265      14.540876
   276.34    1482.064623    1062.352393     412.227501       7.484729
   276.40    1725.602879    1240.547440     481.372918       3.682520
   276.46    1917.288332    1380.052352     535.505359       1.730620
   276.51    2030.864414    1462.564917     567.522961       0.776536
   276.57    2049.945819    1476.631701     572.981489       0.332629
   276.63    1971.499141    1420.256514     551.106565       0.136062
   276.68    1806.392961    1301.365586     504.974338       0.053036
   276.74    1576.803326    1135.980523     440.803008       0.019794
   276.79    1311.268499     944.680395     366.580908       0.007196
   276.85    1038.883688     748.431106     290.450010       0.002572
   276.91     784.238285     564.941862     219.295487       0.000936
   276.96     564.253951     406.386396     157.867185       0.000370
   277.02     387.325419     278.779000     108.546311       0.000108
   277.07     254.427616     182.763686      71.663837       0.000093
   277.13     161.393330     115.245248      46.147980       0.000102
   277.19     101.477147      71.226164      30.250843       0.000141
   277.24      67.515609      45.357786      22.157604       0.000220
   277.30      53.323914      32.952082      20.371479       0.000353
   277.35      54.276043      30.422177      23.853312       0.000554
   277.41      67.220172      35.265182      31.954152       0.000838
   277.47      89.973038      45.761317      44.210506       0.001214
   277.52     120.648463      60.563229      60.083553       0.001682
   277.58     157.044752      78.318927      78.723598       0.002227
   277.64     196.264371      97.430008      98.831544       0.002818
   277.69     234.670605     115.999942     118.667253       0.003411
   277.75     268.198211     131.975636     136.218628       0.003948
   277.80     292.937429     143.433283     149.499775       0.004371
   277.86     305.826741     148.917632     156.904477       0.004631
   277.92     305.249645     147.726709     157.518239       0.004697
   277.97     291.354475     140.050414     151.299500       0.004561
   278.03     266.000221     126.918032     139.077949       0.004240
   278.08     232.347335     109.970879     122.372682       0.003775
   278.14     194.213662      91.126450     103.083994       0.003218
   278.20     155.377001      72.229526      83.144847       0.002628
   278.25     118.992980      54.773524      64.217400       0.002055
   278.31      87.242562      39.745022      47.496002       0.001539
   278.36      61.239711      27.599911      33.638697       0.001103
   278.42      41.156659      18.343686      22.812216       0.000757
   278.48      26.480928      11.669268      14.811163       0.000497
   278.53      16.310831       7.105339       9.205180       0.000312
   278.59       9.616427       4.140933       5.475307       0.000188
   278.65       5.425932       2.309692       3.116133       0.000108
   278.70       2.929355       1.232838       1.696457       0.000059
   278.76       1.512896       0.629641       0.883223       0.000031
   278.81       0.747273       0.307638       0.439619       0.000016
   278.87       0.352916       0.143768       0.209141       0.000007
   278.93       0.159321       0.064249       0.095068       0.000003
   278.98       0.068733       0.027451       0.041281       0.000001
   279.04       0.028329       0.011210       0.017118       0.000001
   279.09       0.011153       0.004375       0.006778       0.000000
   279.15       0.004193       0.001631       0.002561       0.000000
   279.21       0.001505       0.000581       0.000924       0.000000
   279.26       0.000515       0.000198       0.000318       0.000000
   279.32       0.000156       0.000058       0.000098       0.000000
   279.37       0.000049       0.000018       0.000031       0.000000
   279.43       0.000014       0.000005       0.000009       0.000000
   279.49       0.000000       0.000000       0.000000       0.000000
   279.54       0.000000       0.000000       0.000000       0.000000
   279.60       0.000000       0.000000       0.000000       0.000000
   279.66       0.000000       0.000000       0.000000       0.000000
   279.71       0.000000       0.000000       0.000000       0.000000
   279.77       0.000000       0.000000       0.000000       0.000000
   279.82       0.000000       0.000000       0.000000       0.000000
   279.88       0.000000       0.000000       0.000000       0.000000
   279.94       0.000000       0.000000       0.000000       0.000000
   279.99       0.000000       0.000000       0.000000       0.000000
   280.05       0.000000       0.000000       0.000000       0.000000
   280.10       0.000000       0.000000       0.000000       0.000000
   280.16       0.000000       0.000000       0.000000       0.000000
   280.22       0.000000       0.000000       0.000000       0.000000
   280.27       0.000000       0.000000       0.000000       0.000000
   280.33       0.000000       0.000000       0.000000       0.000000
   280.38       0.000000       0.000000       0.000000       0.000000
   280.44       0.000000       0.000000       0.000000       0.000000
   280.50       0.000000       0.000000       0.000000       0.000000
   280.55       0.000000       0.000000       0.000000       0.000000
   280.61       0.000000       0.000000       0.000000       0.000000
   280.67       0.000000       0.000000       0.000000       0.000000
   280.72       0.000000       0.000000       0.000000       0.000000
   280.78       0.000000       0.000000       0.000000       0.000000
   280.83       0.000000       0.000000       0.000000       0.000000
   280.89       0.000000       0.000000       0.000000       0.000000
   280.95       0.000000       0.000000       0.000000       0.000000
   281.00       0.000000       0.000000       0.000000       0.000000
   281.06       0.000000       0.000000       0.000000       0.000000
   281.11       0.000000       0.000000       0.000000       0.000000
   281.17       0.000000       0.000000       0.000000       0.000000
   281.23       0.000000       0.000000       0.000000       0.000000
   281.28       0.000000       0.000000       0.000000       0.000000
   281.34       0.000000       0.000000       0.000000       0.000000
   281.39       0.000000       0.000000       0.000000       0.000000
   281.45       0.000000       0.000000       0.000000       0.000000
   281.51       0.000000       0.000000       0.000000       0.000000
   281.56       0.000000       0.000000       0.000000       0.000000
   281.62       0.000000       0.000000       0.000000       0.000000
   281.68       0.000000       0.000000       0.000000       0.000000
   281.73       0.000000       0.000000       0.000000       0.000000
   281.79       0.000000       0.000000       0.000000       0.000000
   281.84       0.000000       0.000000       0.000000       0.000000
   281.90       0.000000       0.000000       0.000000       0.000000
   281.96       0.000000       0.000000       0.000000       0.000000
   282.01       0.000000       0.000000       0.000000       0.000000
   282.07       0.000000       0.000000       0.000000       0.000000
   282.12       0.000000       0.000000       0.000000       0.000000
   282.18       0.000000       0.000000       0.000000       0.000000
   282.24       0.000000       0.000000       0.000000       0.000000
   282.29       0.000000       0.000000       0.000000       0.000000
   282.35       0.000000       0.000000       0.000000       0.000000
   282.40       0.000000       0.000000       0.000000       0.000000
   282.46       0.000000       0.000000       0.000000       0.000000
   282.52       0.000000       0.000000       0.000000       0.000000
   282.57       0.000000       0.000000       0.000000       0.000000
   282.63       0.000000       0.000000       0.000000       0.000000
   282.69       0.000000       0.000000       0.000000       0.000000
   282.74       0.000000       0.000000       0.000000       0.000000
   282.80       0.000000       0.000000       0.000000       0.000000
   282.85       0.000000       0.000000       0.000000       0.000000
   282.91       0.000000       0.000000       0.000000       0.000000
   282.97       0.000000       0.000000       0.000000       0.000000
   283.02       0.000000       0.000000       0.000000       0.000000
   283.08       0.000000       0.000000       0.000000       0.000000
   283.13       0.000000       0.000000       0.000000       0.000000
   283.19       0.000000       0.000000       0.000000       0.000000
   283.25       0.000000       0.000000       0.000000       0.000000
   283.30       0.000000       0.000000       0.000000       0.000000
   283.36       0.000000       0.000000       0.000000       0.000000
   283.41       0.000000       0.000000       0.000000       0.000000
   283.47       0.000000       0.000000       0.000000       0.000000
   283.53       0.000000       0.000000       0.000000       0.000000
   283.58       0.000000       0.000000       0.000000       0.000000
   283.64       0.000000       0.000000       0.000000       0.000000
   283.70       0.000000       0.000000       0.000000       0.000000
   283.75       0.000000       0.000000       0.000000       0.000000
   283.81       0.000000       0.000000       0.000000       0.000000
   283.86       0.000000       0.000000       0.000000       0.000000
   283.92       0.000000       0.000000       0.000000       0.000000
   283.98       0.000000       0.000000       0.000000       0.000000
   284.03       0.000000       0.000000       0.000000       0.000000
   284.09       0.000000       0.000000       0.000000       0.000000
   284.14       0.000000       0.000000       0.000000       0.000000
   284.20       0.000000       0.000000       0.000000       0.000000
   284.26       0.000000       0.000000       0.000000       0.000000
   284.31       0.000000       0.000000       0.000000       0.000000
   284.37       0.000000       0.000000       0.000000       0.000000
   284.42       0.000000       0.000000       0.000000       0.000000
   284.48       0.000000       0.000000       0.000000       0.000000
   284.54       0.000000       0.000000       0.000000       0.000000
   284.59       0.000000       0.000000       0.000000       0.000000
   284.65       0.000000       0.000000       0.000000       0.000000
   284.71       0.000000       0.000000       0.000000       0.000000
   284.76       0.000000       0.000000       0.000000       0.000000
   284.82       0.000000       0.000000       0.000000       0.000000
   284.87       0.000000       0.000000       0.000000       0.000000
   284.93       0.000000       0.000000       0.000000       0.000000
   284.99       0.000000       0.000000       0.000000       0.000000
   285.04       0.000000       0.000000       0.000000       0.000000
   285.10       0.000000       0.000000       0.000000       0.000000
   285.15       0.000000       0.000000       0.000000       0.000000
   285.21       0.000000       0.000000       0.000000       0.000000
   285.27       0.000000       0.000000       0.000000       0.000000
   285.32       0.000000       0.000000       0.000000       0.000000
   285.38       0.000000       0.000000       0.000000       0.000000
   285.43       0.000000       0.000000       0.000000       0.000000
   285.49       0.000000       0.000000       0.000000       0.000000
   285.55       0.000000       0.000000       0.000000       0.000000
   285.60       0.000000       0.000000       0.000000       0.000000
   285.66       0.000000       0.000000       0.000000       0.000000
   285.72       0.000000       0.000000       0.000000       0.000000
   285.77       0.000000       0.000000       0.000000       0.000000
   285.83       0.000000       0.000000       0.000000       0.000000
   285.88       0.000000       0.000000       0.000000       0.000000
   285.94       0.000000       0.000000       0.000000       0.000000
   286.00       0.000000       0.000000       0.000000       0.000000
   286.05       0.000000       0.000000       0.000000       0.000000
   286.11       0.000000       0.000000       0.000000       0.000000
   286.16       0.000000       0.000000       0.000000       0.000000
   286.22       0.000000       0.000000       0.000000       0.000000
   286.28       0.000000       0.000000       0.000000       0.000000
   286.33       0.000000       0.000000       0.000000       0.000000
   286.39       0.000000       0.000000       0.000000       0.000000
   286.44       0.000000       0.000000       0.000000       0.000000
   286.50       0.000000       0.000000       0.000000       0.000000
   286.56       0.000000       0.000000       0.000000       0.000000
   286.61       0.000000       0.000000       0.000000       0.000000
   286.67       0.000000       0.000000       0.000000       0.000000
   286.73       0.000000       0.000000       0.000000       0.000000
   286.78       0.000000       0.000000       0.000000       0.000000
   286.84       0.000000       0.000000       0.000000       0.000000
   286.89       0.000000       0.000000       0.000000       0.000000
   286.95       0.000000       0.000000       0.000000       0.000000
   287.01       0.000000       0.000000       0.000000       0.000000
   287.06       0.000000       0.000000       0.000000       0.000000
   287.12       0.000000       0.000000       0.000000       0.000000
   287.17       0.000000       0.000000       0.000000       0.000000
   287.23       0.000000       0.000000       0.000000       0.000000
   287.29       0.000000       0.000000       0.000000       0.000000
   287.34       0.000000       0.000000       0.000000       0.000000
   287.40       0.000000       0.000000       0.000000       0.000000
   287.45       0.000000       0.000000       0.000000       0.000000
   287.51       0.000000       0.000000       0.000000       0.000000
   287.57       0.000000       0.000000       0.000000       0.000000
   287.62       0.000000       0.000000       0.000000       0.000000
   287.68       0.000000       0.000000       0.000000       0.000000
   287.74       0.000000       0.000000       0.000000       0.000000
   287.79       0.000000       0.000000       0.000000       0.000000
   287.85       0.000000       0.000000       0.000000       0.000000
   287.90       0.000000       0.000000       0.000000       0.000000
   287.96       0.000000       0.000000       0.000000       0.000000
   288.02       0.000000       0.000000       0.000000       0.000000
   288.07       0.000000       0.000000       0.000000       0.000000
   288.13       0.000000       0.000000       0.000000       0.000000
   288.18       0.000000       0.000000       0.000000       0.000000
   288.24       0.000000       0.000000       0.000000       0.000000
   288.30       0.000000       0.000000       0.000000       0.000000
   288.35       0.000000       0.000000       0.000000       0.000000
   288.41       0.000000       0.000000       0.000000       0.000000
   288.46       0.000000       0.000000       0.000000       0.000000
   288.52       0.000000       0.000000       0.000000       0.000000
   288.58       0.000000       0.000000       0.000000       0.000000
   288.63       0.000000       0.000000       0.000000       0.000000
   288.69       0.000000       0.000000       0.000000       0.000000
   288.75       0.000000       0.000000       0.000000       0.000000
   288.80       0.000000       0.000000       0.000000       0.000000
   288.86       0.000000       0.000000       0.000000       0.000000
   288.91       0.000000       0.000000       0.000000       0.000000
   288.97       0.000000       0.000000       0.000000       0.000000
   289.03       0.000000       0.000000       0.000000       0.000000
   289.08       0.000000       0.000000       0.000000       0.000000
   289.14       0.000000       0.000000       0.000000       0.000000
   289.19       0.000000       0.000000       0.000000       0.000000
   289.25       0.000000       0.000000       0.000000       0.000000
   289.31       0.000000       0.000000       0.000000       0.000000
   289.36       0.000000       0.000000       0.000000       0.000000
   289.42       0.000000       0.000000       0.000000       0.000000
   289.47       0.000000       0.000000       0.000000       0.000000
   289.53       0.000000       0.000000       0.000000       0.000000
   289.59       0.000000       0.000000       0.000000       0.000000
   289.64       0.000000       0.000000       0.000000       0.000000
   289.70       0.000000       0.000000       0.000000       0.000000
   289.76       0.000000       0.000000       0.000000       0.000000
   289.81       0.000000       0.000000       0.000000       0.000000
   289.87       0.000000       0.000000       0.000000       0.000000
   289.92       0.000000       0.000000       0.000000       0.000000
   289.98       0.000000       0.000000       0.000000       0.000000
   290.04       0.000000       0.000000       0.000000       0.000000
   290.09       0.000000       0.000000       0.000000       0.000000
   290.15       0.000000       0.000000       0.000000       0.000000
   290.20       0.000000       0.000000       0.000000       0.000000
   290.26       0.000000       0.000000       0.000000       0.000000
   290.32       0.000000       0.000000       0.000000       0.000000
   290.37       0.000000       0.000000       0.000000       0.000000
   290.43       0.000000       0.000000       0.000000       0.000000
   290.48       0.000000       0.000000       0.000000       0.000000
   290.54       0.000000       0.000000       0.000000       0.000000
   290.60       0.000000       0.000000       0.000000       0.000000
   290.65       0.000000       0.000000       0.000000       0.000000
   290.71       0.000000       0.000000       0.000000       0.000000
   290.77       0.000000       0.000000       0.000000       0.000000
   290.82       0.000000       0.000000       0.000000       0.000000
   290.88       0.000000       0.000000       0.000000       0.000000
   290.93       0.000000       0.000000       0.000000       0.000000
   290.99       0.000000       0.000000       0.000000       0.000000
   291.05       0.000000       0.000000       0.000000       0.000000
   291.10       0.000000       0.000000       0.000000       0.000000
   291.16       0.000000       0.000000       0.000000       0.000000
   291.21       0.000000       0.000000       0.000000       0.000000
   291.27       0.000000       0.000000       0.000000       0.000000
   291.33       0.000000       0.000000       0.000000       0.000000
   291.38       0.000000       0.000000       0.000000       0.000000
   291.44       0.000000       0.000000       0.000000       0.000000
   291.49       0.000000       0.000000       0.000000       0.000000
   291.55       0.000000       0.000000       0.000000       0.000000
   291.61       0.000000       0.000000       0.000000       0.000000
   291.66       0.000000       0.000000       0.000000       0.000000
   291.72       0.000000       0.000000       0.000000       0.000000
   291.78       0.000000       0.000000       0.000000       0.000000
   291.83       0.000000       0.000000       0.000000       0.000000
   291.89       0.000000       0.000000       0.000000       0.000000
   291.94       0.000000       0.000000       0.000000       0.000000
   292.00       0.000000       0.000000       0.000000       0.000000
