   510.00       0.000000       0.000000       0.000000       0.000000
   510.06       0.000000       0.000000       0.000000       0.000000
   510.11       0.000000       0.000000       0.000000       0.000000
   510.17       0.000000       0.000000       0.000000       0.000000
   510.22       0.000000       0.000000       0.000000       0.000000
   510.28       0.000000       0.000000       0.000000       0.000000
   510.34       0.000000       0.000000       0.000000       0.000000
   510.39       0.000000       0.000000       0.000000       0.000000
   510.45       0.000000       0.000000       0.000000       0.000000
   510.51       0.000000       0.000000       0.000000       0.000000
   510.56       0.000000       0.000000       0.000000       0.000000
   510.62       0.000000       0.000000       0.000000       0.000000
   510.67       0.000000       0.000000       0.000000       0.000000
   510.73       0.000000       0.000000       0.000000       0.000000
   510.79       0.000000       0.000000       0.000000       0.000000
   510.84       0.000000       0.000000       0.000000       0.000000
   510.90       0.000000       0.000000       0.000000       0.000000
   510.95       0.000000       0.000000       0.000000       0.000000
   511.01       0.000000       0.000000       0.000000       0.000000
   511.07       0.000000       0.000000       0.000000       0.000000
   511.12       0.000000       0.000000       0.000000       0.000000
   511.18       0.000000       0.000000       0.000000       0.000000
   511.23       0.000000       0.000000       0.000000       0.000000
   511.29       0.000000       0.000000       0.000000       0.000000
   511.35       0.000000       0.000000       0.000000       0.000000
   511.40       0.000000       0.000000       0.000000       0.000000
   511.46       0.000000       0.000000       0.000000       0.000000
   511.52       0.000000       0.000000       0.000000       0.000000
   511.57       0.000000       0.000000       0.000000       0.000000
   511.63       0.000000       0.000000       0.000000       0.000000
   511.68       0.000000       0.000000       0.000000       0.000000
   511.74       0.000000       0.000000       0.000000       0.000000
   511.80       0.000000       0.000000       0.000000       0.000000
   511.85       0.000000       0.000000       0.000000       0.000000
   511.91       0.000000       0.000000       0.000000       0.000000
   511.96       0.000000       0.000000       0.000000       0.000000
   512.02       0.000000       0.000000       0.000000       0.000000
   512.08       0.000000       0.000000       0.000000       0.000000
   512.13       0.000000       0.000000       0.000000       0.000000
   512.19       0.000000       0.000000       0.000000       0.000000
   512.24       0.000000       0.000000       0.000000       0.000000
   512.30       0.000000       0.000000       0.000000       0.000000
   512.36       0.000000       0.000000       0.000000       0.000000
   512.41       0.000000       0.000000       0.000000       0.000000
   512.47       0.000000       0.000000       0.000000       0.000000
   512.53       0.000000       0.000000       0.000000       0.000000
   512.58       0.000000       0.000000       0.000000       0.000000
   512.64       0.000000       0.000000       0.000000       0.000000
   512.69       0.000000       0.000000       0.000000       0.000000
   512.75       0.000000       0.000000       0.000000       0.000000
   512.81       0.000000       0.000000       0.000000       0.000000
   512.86       0.000000       0.000000       0.000000       0.000000
   512.92       0.000000       0.000000       0.000000       0.000000
   512.97       0.000000       0.000000       0.000000       0.000000
   513.03       0.000000       0.000000       0.000000       0.000000
   513.09       0.000000       0.000000       0.000000       0.000000
   513.14       0.000000       0.000000       0.000000       0.000000
   513.20       0.000000       0.000000       0.000000       0.000000
   513.25       0.000000       0.000000       0.000000       0.000000
   513.31       0.000000       0.000000       0.000000       0.000000
   513.37       0.000000       0.000000       0.000000       0.000000
   513.42       0.000000       0.000000       0.000000       0.000000
   513.48       0.000000       0.000000       0.000000       0.000000
   513.54       0.000000       0.000000       0.000000       0.000000
   513.59       0.000000       0.000000       0.000000       0.000000
   513.65       0.000000       0.000000       0.000000       0.000000
   513.70       0.000000       0.000000       0.000000       0.000000
   513.76       0.000000       0.000000       0.000000       0.000000
   513.82       0.000000       0.000000       0.000000       0.000000
   513.87       0.000000       0.000000       0.000000       0.000000
   513.93       0.000000       0.000000       0.000000       0.000000
   513.98       0.000000       0.000000       0.000000       0.000000
   514.04       0.000000       0.000000       0.000000       0.000000
   514.10       0.000000       0.000000       0.000000       0.000000
   514.15       0.000000       0.000000       0.000000       0.000000
   514.21       0.000000       0.000000       0.000000       0.000000
   514.26       0.000000       0.000000       0.000000       0.000000
   514.32       0.000000       0.000000       0.000000       0.000000
   514.38       0.000000       0.000000       0.000000       0.000000
   514.43       0.000000       0.000000       0.000000       0.000000
   514.49       0.000000       0.000000       0.000000       0.000000
   514.55       0.000000       0.000000       0.000000       0.000000
   514.60       0.000000       0.000000       0.000000       0.000000
   514.66       0.000000       0.000000       0.000000       0.000000
   514.71       0.000000       0.000000       0.000000       0.000000
   514.77       0.000000       0.000000       0.000000       0.000000
   514.83       0.000000       0.000000       0.000000       0.000000
   514.88       0.000000       0.000000       0.000000       0.000000
   514.94       0.000000       0.000000       0.000000       0.000000
   514.99       0.000000       0.000000       0.000000       0.000000
   515.05       0.000000       0.000000       0.000000       0.000000
   515.11       0.000000       0.000000       0.000000       0.000000
   515.16       0.000000       0.000000       0.000000       0.000000
   515.22       0.000000       0.000000       0.000000       0.000000
   515.27       0.000000       0.000000       0.000000       0.000000
   515.33       0.000000       0.000000       0.000000       0.000000
   515.39       0.000000       0.000000       0.000000       0.000000
   515.44       0.000000       0.000000       0.000000       0.000000
   515.50       0.000000       0.000000       0.000000       0.000000
   515.56       0.000000       0.000000       0.000000       0.000000
   515.61       0.000000       0.000000       0.000000       0.000000
   515.67       0.000000       0.000000       0.000000       0.000000
   515.72       0.000000       0.000000       0.000000       0.000000
   515.78       0.000000       0.000000       0.000000       0.000000
   515.84       0.000000       0.000000       0.000000       0.000000
   515.89       0.000000       0.000000       0.000000       0.000000
   515.95       0.000000       0.000000       0.000000       0.000000
   516.00       0.000000       0.000000       0.000000       0.000000
   516.06       0.000000       0.000000       0.000000       0.000000
   516.12       0.000000       0.000000       0.000000       0.000000
   516.17       0.000000       0.000000       0.000000       0.000000
   516.23       0.000000       0.000000       0.000000       0.000000
   516.28       0.000000       0.000000       0.000000       0.000000
   516.34       0.000000       0.000000       0.000000       0.000000
   516.40       0.000000       0.000000       0.000000       0.000000
   516.45       0.000000       0.000000       0.000000       0.000000
   516.51       0.000000       0.000000       0.000000       0.000000
   516.57       0.000000       0.000000       0.000000       0.000000
   516.62       0.000000       0.000000       0.000000       0.000000
   516.68       0.000000       0.000000       0.000000       0.000000
   516.73       0.000000       0.000000       0.000000       0.000000
   516.79       0.000000       0.000000       0.000000       0.000000
   516.85       0.000000       0.000000       0.000000       0.000000
   516.90       0.000000       0.000000       0.000000       0.000000
   516.96       0.000000       0.000000       0.000000       0.000000
   517.01       0.000000       0.000000       0.000000       0.000000
   517.07       0.000000       0.000000       0.000000       0.000000
   517.13       0.000000       0.000000       0.000000       0.000000
   517.18       0.000000       0.000000       0.000000       0.000000
   517.24       0.000000       0.000000       0.000000       0.000000
   517.29       0.000000       0.000000       0.000000       0.000000
   517.35       0.000000       0.000000       0.000000       0.000000
   517.41       0.000000       0.000000       0.000000       0.000000
   517.46       0.000000       0.000000       0.000000       0.000000
   517.52       0.000000       0.000000       0.000000       0.000000
   517.58       0.000000       0.000000       0.000000       0.000000
   517.63       0.000000       0.000000       0.000000       0.000000
   517.69       0.000000       0.000000       0.000000       0.000000
   517.74       0.000000       0.000000       0.000000       0.000000
   517.80       0.000000       0.000000       0.000000       0.000000
   517.86       0.000000       0.000000       0.000000       0.000000
   517.91       0.000000       0.000000       0.000000       0.000000
   517.97       0.000000       0.000000       0.000000       0.000000
   518.02       0.000000       0.000000       0.000000       0.000000
   518.08       0.000000       0.000000       0.000000       0.000000
   518.14       0.000000       0.000000       0.000000       0.000000
   518.19       0.000000       0.000000       0.000000       0.000000
   518.25       0.000000       0.000000       0.000000       0.000000
   518.30       0.000000       0.000000       0.000000       0.000000
   518.36       0.000000       0.000000       0.000000       0.000000
   518.42       0.000000       0.000000       0.000000       0.000000
   518.47       0.000000       0.000000       0.000000       0.000000
   518.53       0.000000       0.000000       0.000000       0.000000
   518.59       0.000000       0.000000       0.000000       0.000000
   518.64       0.000000       0.000000       0.000000       0.000000
   518.70       0.000000       0.000000       0.000000       0.000000
   518.75       0.000000       0.000000       0.000000       0.000000
   518.81       0.000000       0.000000       0.000000       0.000000
   518.87       0.000000       0.000000       0.000000       0.000000
   518.92       0.000000       0.000000       0.000000       0.000000
   518.98       0.000000       0.000000       0.000000       0.000000
   519.03       0.000000       0.000000       0.000000       0.000000
   519.09       0.000000       0.000000       0.000000       0.000000
   519.15       0.000009       0.000002       0.000006       0.000000
   519.20       0.000029       0.000007       0.000022       0.000000
   519.26       0.000093       0.000022       0.000070       0.000001
   519.31       0.000286       0.000068       0.000216       0.000002
   519.37       0.000836       0.000200       0.000631       0.000005
   519.43       0.002332       0.000556       0.001760       0.000015
   519.48       0.006193       0.001477       0.004675       0.000041
   519.54       0.015774       0.003738       0.011832       0.000204
   519.60       0.038116       0.009011       0.028524       0.000580
   519.65       0.087826       0.020697       0.065518       0.001610
   519.71       0.193026       0.045292       0.143384       0.004350
   519.76       0.404824       0.094433       0.298977       0.011414
   519.82       0.810608       0.187597       0.593998       0.029013
   519.88       1.550823       0.355089       1.124492       0.071243
   519.93       2.837448       0.640429       2.028470       0.168549
   519.99       4.970851       1.100632       3.486933       0.383286
   520.04       8.350843       1.802471       5.712252       0.836120
   520.10      13.478388       2.813008       8.918522       1.746858
   520.16      20.946870       4.183857      13.272160       3.490854
   520.21      31.424805       5.930865      18.828072       6.665869
   520.27      45.632713       8.013728      25.465497      12.153488
   520.32      64.312257      10.322303      32.844708      21.145246
   520.38      88.175124      12.676725      40.406779      35.091620
   520.44     117.806967      14.845882      47.430527      55.530558
   520.49     153.498651      16.583485      53.144125      83.771041
   520.55     194.994791      17.674557      56.868920     120.451314
   520.61     241.192796      17.980235      58.157946     165.054615
   520.66     289.882944      17.467842      56.888884     215.526218
   520.72     337.663023      16.217025      53.283654     268.162344
   520.77     380.155693      14.400271      47.850020     317.905403
   520.83     412.583379      12.244203      41.265380     359.073796
   520.89     430.627840       9.983559      34.239098     386.405183
   520.94     431.368634       7.820602      27.391665     396.156367
   521.00     414.020843       5.899204      21.177495     386.944144
   521.05     380.223534       4.296787      15.859907     360.066840
   521.11     333.765051       3.031561      11.529887     319.203603
   521.17     279.817070       2.078930       8.150591     269.587549
   521.22     223.907834       1.390332       5.608502     216.909000
   521.28     170.931518       0.909392       3.757496     166.264630
   521.33     124.445609       0.582895       2.449490     121.413224
   521.39      86.382759       0.366387       1.551619      84.464753
   521.45      57.158315       0.225683       0.953227      55.979404
   521.50      36.047357       0.135965       0.566693      35.344698
   521.56      21.665186       0.079892       0.325272      21.260022
   521.62      12.408296       0.045637       0.179866      12.182793
   521.67       6.771697       0.025260       0.095632       6.650805
   521.73       3.521331       0.013518       0.048847       3.458966
   521.78       1.744824       0.007000       0.024009       1.713815
   521.84       0.824155       0.003582       0.011609       0.808963
   521.90       0.372163       0.002057       0.006317       0.363789
   521.95       0.163819       0.001974       0.005968       0.155877
   522.01       0.078983       0.003752       0.011539       0.063693
   522.06       0.062877       0.009243       0.028674       0.024961
   522.12       0.104799       0.023171       0.071886       0.009741
   522.18       0.233627       0.055837       0.173159       0.004631
   522.23       0.530622       0.128437       0.397884       0.004301
   522.29       1.160229       0.281656       0.871186       0.007388
   522.34       2.420999       0.588830       1.817372       0.014796
   522.40       4.815086       1.173801       3.612074       0.029210
   522.46       9.127366       2.231904       6.840111       0.055351
   522.51      16.491692       4.049772      12.341960       0.099960
   522.57      28.408833       7.016593      21.220163       0.172077
   522.63      46.669497      11.617691      34.769382       0.282424
   522.68      73.142870      18.402781      54.298019       0.442070
   522.74     109.420065      27.927520      80.832360       0.660185
   522.79     156.355515      40.677189     114.737169       0.941157
   522.85     213.612719      56.991600     155.339386       1.281733
   522.91     279.365516      77.014050     200.682320       1.669145
   522.96     350.299691     100.678579     247.539956       2.081156
   523.02     421.984549     127.728775     291.767252       2.488523
   523.07     489.555328     157.736853     328.958920       2.859554
   523.13     548.515936     190.079595     355.270722       3.165619
   523.19     595.404729     223.843064     368.175747       3.385918
   523.24     628.110464     257.672751     366.927658       3.510056
   523.30     645.773848     289.642567     352.593532       3.537750
   523.35     648.395043     317.251873     327.666986       3.476185
   523.41     636.393847     337.643822     295.413619       3.336406
   523.47     610.366873     348.062683     259.173824       3.130366
   523.52     571.155919     346.459205     221.827066       2.869647
   523.58     520.152688     332.062299     185.524507       2.565881
   523.64     459.624867     305.713365     151.679505       2.231996
   523.69     392.828448     269.825210     121.120145       1.883093
   523.75     323.777403     227.956276      94.285015       1.536112
   523.80     256.710504     184.125969      71.376341       1.208194
   523.86     195.435132     142.078694      52.442089       0.914349
   523.92     142.775983     104.702976      37.407600       0.665407
   523.97     100.300001      73.735691      26.097288       0.467023
   524.03      68.372379      49.773472      18.278829       0.320077
   524.08      46.479070      32.518738      13.738112       0.222221
   524.14      33.677952      21.139206      12.368581       0.170165
   524.20      29.026864      14.621634      14.243218       0.162012
   524.25      31.870856      12.037289      19.634221       0.199346
   524.31      41.928018      12.685128      28.953869       0.289021
   524.36      59.173409      16.120028      42.608402       0.444980
   524.42      83.572950      22.099259      60.783007       0.690684
   524.48     114.758752      30.490170      83.205763       1.062820
   524.53     151.758054      41.179271     108.962172       1.616610
   524.59     192.880330      54.010653     136.437377       2.432300
   524.65     235.823969      68.762908     163.439937       3.621125
   524.70     277.990238      85.153036     187.509586       5.327616
   524.76     316.909980     102.840177     206.345839       7.723965
   524.81     350.635550     121.400634     218.242633      10.992284
   524.87     377.953676     140.262047     222.399357      15.292272
   524.93     398.346491     158.615498     219.015306      20.715687
   524.98     411.736422     175.354429     209.147801      27.234191
   525.04     418.148274     189.100626     194.395098      34.652550
   525.09     417.456327     198.356162     176.517530      42.582635
   525.15     409.341288     201.772959     157.114875      50.453454
   525.21     393.476235     198.472864     137.436470      57.566901
   525.26     369.853226     188.315923     118.338911      63.198391
   525.32     339.099735     172.018676     100.352973      66.728086
   525.37     302.645102     151.071761      83.797369      67.775971
   525.43     262.667719     127.475908      68.884319      66.307492
   525.49     221.843374     103.376570      55.787760      62.679045
   525.54     182.981457      80.704530      44.671880      57.605047
   525.60     148.653740      60.913909      35.692857      52.046974
   525.66     120.898171      44.865322      28.988692      47.044157
   525.71     101.031715      32.847115      24.664329      43.520270
   525.77      89.569346      24.691824      22.772343      42.105179
   525.82      86.226974      19.931616      23.286551      43.008808
   525.88      89.991344      17.947913      26.069558      45.973873
   525.94      99.256510      18.094367      30.842350      50.319793
   525.99     112.040210      19.796990      37.170672      55.072548
   526.05     126.293996      22.651822      44.485463      59.156711
   526.10     140.305966      26.545292      52.150939      61.609734
   526.16     153.169306      31.815025      59.584019      61.770263
   526.22     165.260241      39.450030      66.413911      59.396300
   526.27     178.639644      51.299341      72.653583      54.686721
   526.33     197.264897      70.219829      78.838850      48.206218
   526.38     226.875998     100.055536      86.080254      40.740208
   526.44     274.418451     145.320862      95.974728      33.122861
   526.50     346.909001     210.483711     110.342445      26.082846
   526.55     449.769077     298.835093     130.795204      20.138781
   526.61     584.846697     411.089225     158.200845      15.556628
   526.67     748.576861     544.044661     192.169527      12.362672
   526.72     930.896704     689.775001     230.727245      10.394458
   526.78    1115.515838     835.814151     270.332242       9.369445
   526.83    1281.870648     966.598946     306.316825       8.954877
   526.89    1408.591747    1066.052844     333.710724       8.828179
   526.95    1477.749211    1120.762963     348.263953       8.722295
   527.00    1478.745139    1122.898710     347.393038       8.453391
   527.06    1410.703437    1072.000968     330.772046       7.930423
   527.11    1282.618394     975.080289     300.390326       7.147779
   527.17    1111.228074     844.995619     260.067830       6.164624
   527.23     917.295376     697.629219     214.589425       5.076732
   527.28     721.423188     548.710828     168.724631       3.987729
   527.34     540.544820     411.156221     126.402647       2.985951
   527.39     385.858816     293.503364      90.224719       2.130733
   527.45     262.413971     199.601868      61.363295       1.448809
   527.51     170.038759     129.322907      39.777108       0.938744
   527.56     105.019441      79.836487      24.603092       0.579862
   527.62      61.906770      46.984562      14.580136       0.342072
   527.68      35.002244      26.408683       8.399509       0.194053
   527.73      19.319895      14.277592       4.933708       0.108596
   527.79      11.031696       7.622063       3.344418       0.065215
   527.84       7.527900       4.378867       3.098333       0.050700
   527.90       7.255673       3.270873       3.926248       0.058552
   527.96       9.470482       3.628368       5.754090       0.088025
   528.01      13.982023       5.215519       8.623374       0.143130
   528.07      20.928302       8.086473      12.610185       0.231644
   528.12      30.580811      12.468363      17.748564       0.363884
   528.18      43.172150      18.655837      23.965399       0.550914
   528.24      58.739962      26.901811      31.036197       0.801954
   528.29      76.991306      37.298976      38.571292       1.121037
   528.35      97.203714      49.662111      46.038213       1.503390
   528.40     118.188295      63.437133      52.818673       1.932489
   528.46     138.341400      77.672004      58.290393       2.379003
   528.52     155.801400      91.080894      61.917821       2.802685
   528.57     168.702283     102.211279      63.333413       3.157591
   528.63     175.487330     109.693210      62.394143       3.399976
   528.69     175.213349     112.513648      59.202630       3.497071
   528.74     167.765466     110.241374      54.089743       3.434349
   528.80     153.914915     103.133516      47.562348       3.219050
   528.85     135.192698      92.087855      40.226031       2.878812
   528.91     113.606138      78.453124      32.697272       2.455742
   528.97      91.272879      63.753595      25.521550       1.997733
   529.02      70.068545      49.406815      19.112213       1.549518
   529.08      51.372355      36.506900      13.719698       1.145757
   529.13      35.956371      25.715888       9.432931       0.807551
   529.19      24.016268      17.266769       6.207018       0.542481
   529.25      15.303363      11.049896       3.906173       0.347295
   529.30       9.300581       6.739158       2.349548       0.211876
   529.36       5.389941       3.916724       1.350046       0.123171
   529.41       2.978059       2.169130       0.740701       0.068228
   529.47       1.568541       1.144651       0.387880       0.036010
   529.53       0.787446       0.575531       0.193806       0.018108
   529.58       0.376761       0.275715       0.092371       0.008676
   529.64       0.171790       0.125845       0.041985       0.003960
   529.70       0.074643       0.054725       0.018196       0.001722
   529.75       0.030904       0.022673       0.007518       0.000714
   529.81       0.012192       0.008949       0.002961       0.000282
   529.86       0.004583       0.003365       0.001111       0.000106
   529.92       0.001637       0.001205       0.000395       0.000038
   529.98       0.000559       0.000411       0.000135       0.000013
   530.03       0.000182       0.000134       0.000044       0.000004
   530.09       0.000056       0.000041       0.000014       0.000001
   530.14       0.000017       0.000012       0.000004       0.000000
   530.20       0.000000       0.000000       0.000000       0.000000
   530.26       0.000000       0.000000       0.000000       0.000000
   530.31       0.000000       0.000000       0.000000       0.000000
   530.37       0.000000       0.000000       0.000000       0.000000
   530.42       0.000000       0.000000       0.000000       0.000000
   530.48       0.000000       0.000000       0.000000       0.000000
   530.54       0.000000       0.000000       0.000000       0.000000
   530.59       0.000000       0.000000       0.000000       0.000000
   530.65       0.000000       0.000000       0.000000       0.000000
   530.71       0.000000       0.000000       0.000000       0.000000
   530.76       0.000000       0.000000       0.000000       0.000000
   530.82       0.000000       0.000000       0.000000       0.000000
   530.87       0.000000       0.000000       0.000000       0.000000
   530.93       0.000000       0.000000       0.000000       0.000000
   530.99       0.000000       0.000000       0.000000       0.000000
   531.04       0.000000       0.000000       0.000000       0.000000
   531.10       0.000000       0.000000       0.000000       0.000000
   531.15       0.000000       0.000000       0.000000       0.000000
   531.21       0.000000       0.000000       0.000000       0.000000
   531.27       0.000000       0.000000       0.000000       0.000000
   531.32       0.000000       0.000000       0.000000       0.000000
   531.38       0.000000       0.000000       0.000000       0.000000
   531.43       0.000000       0.000000       0.000000       0.000000
   531.49       0.000000       0.000000       0.000000       0.000000
   531.55       0.000000       0.000000       0.000000       0.000000
   531.60       0.000000       0.000000       0.000000       0.000000
   531.66       0.000000       0.000000       0.000000       0.000000
   531.72       0.000000       0.000000       0.000000       0.000000
   531.77       0.000000       0.000000       0.000000       0.000000
   531.83       0.000000       0.000000       0.000000       0.000000
   531.88       0.000000       0.000000       0.000000       0.000000
   531.94       0.000000       0.000000       0.000000       0.000000
   532.00       0.000000       0.000000       0.000000       0.000000
   532.05       0.000000       0.000000       0.000000       0.000000
   532.11       0.000000       0.000000       0.000000       0.000000
   532.16       0.000000       0.000000       0.000000       0.000000
   532.22       0.000000       0.000000       0.000000       0.000000
   532.28       0.000000       0.000000       0.000000       0.000000
   532.33       0.000000       0.000000       0.000000       0.000000
   532.39       0.000000       0.000000       0.000000       0.000000
   532.44       0.000000       0.000000       0.000000       0.000000
   532.50       0.000000       0.000000       0.000000       0.000000
   532.56       0.000000       0.000000       0.000000       0.000000
   532.61       0.000000       0.000000       0.000000       0.000000
   532.67       0.000000       0.000000       0.000000       0.000000
   532.73       0.000000       0.000000       0.000000       0.000000
   532.78       0.000000       0.000000       0.000000       0.000000
   532.84       0.000000       0.000000       0.000000       0.000000
   532.89       0.000000       0.000000       0.000000       0.000000
   532.95       0.000000       0.000000       0.000000       0.000000
   533.01       0.000000       0.000000       0.000000       0.000000
   533.06       0.000000       0.000000       0.000000       0.000000
   533.12       0.000000       0.000000       0.000000       0.000000
   533.17       0.000000       0.000000       0.000000       0.000000
   533.23       0.000000       0.000000       0.000000       0.000000
   533.29       0.000000       0.000000       0.000000       0.000000
   533.34       0.000000       0.000000       0.000000       0.000000
   533.40       0.000000       0.000000       0.000000       0.000000
   533.45       0.000000       0.000000       0.000000       0.000000
   533.51       0.000000       0.000000       0.000000       0.000000
   533.57       0.000000       0.000000       0.000000       0.000000
   533.62       0.000000       0.000000       0.000000       0.000000
   533.68       0.000000       0.000000       0.000000       0.000000
   533.74       0.000000       0.000000       0.000000       0.000000
   533.79       0.000000       0.000000       0.000000       0.000000
   533.85       0.000000       0.000000       0.000000       0.000000
   533.90       0.000000       0.000000       0.000000       0.000000
   533.96       0.000000       0.000000       0.000000       0.000000
   534.02       0.000000       0.000000       0.000000       0.000000
   534.07       0.000000       0.000000       0.000000       0.000000
   534.13       0.000000       0.000000       0.000000       0.000000
   534.18       0.000000       0.000000       0.000000       0.000000
   534.24       0.000000       0.000000       0.000000       0.000000
   534.30       0.000000       0.000000       0.000000       0.000000
   534.35       0.000000       0.000000       0.000000       0.000000
   534.41       0.000000       0.000000       0.000000       0.000000
   534.46       0.000000       0.000000       0.000000       0.000000
   534.52       0.000000       0.000000       0.000000       0.000000
   534.58       0.000000       0.000000       0.000000       0.000000
   534.63       0.000000       0.000000       0.000000       0.000000
   534.69       0.000000       0.000000       0.000000       0.000000
   534.75       0.000000       0.000000       0.000000       0.000000
   534.80       0.000000       0.000000       0.000000       0.000000
   534.86       0.000000       0.000000       0.000000       0.000000
   534.91       0.000000       0.000000       0.000000       0.000000
   534.97       0.000000       0.000000       0.000000       0.000000
   535.03       0.000000       0.000000       0.000000       0.000000
   535.08       0.000000       0.000000       0.000000       0.000000
   535.14       0.000000       0.000000       0.000000       0.000000
   535.19       0.000000       0.000000       0.000000       0.000000
   535.25       0.000000       0.000000       0.000000       0.000000
   535.31       0.000000       0.000000       0.000000       0.000000
   535.36       0.000000       0.000000       0.000000       0.000000
   535.42       0.000000       0.000000       0.000000       0.000000
   535.47       0.000000       0.000000       0.000000       0.000000
   535.53       0.000000       0.000000       0.000000       0.000000
   535.59       0.000000       0.000000       0.000000       0.000000
   535.64       0.000000       0.000000       0.000000       0.000000
   535.70       0.000000       0.000000       0.000000       0.000000
   535.76       0.000000       0.000000       0.000000       0.000000
   535.81       0.000000       0.000000       0.000000       0.000000
   535.87       0.000000       0.000000       0.000000       0.000000
   535.92       0.000000       0.000000       0.000000       0.000000
   535.98       0.000000       0.000000       0.000000       0.000000
   536.04       0.000000       0.000000       0.000000       0.000000
   536.09       0.000000       0.000000       0.000000       0.000000
   536.15       0.000000       0.000000       0.000000       0.000000
   536.20       0.000000       0.000000       0.000000       0.000000
   536.26       0.000000       0.000000       0.000000       0.000000
   536.32       0.000000       0.000000       0.000000       0.000000
   536.37       0.000000       0.000000       0.000000       0.000000
   536.43       0.000000       0.000000       0.000000       0.000000
   536.48       0.000000       0.000000       0.000000       0.000000
   536.54       0.000000       0.000000       0.000000       0.000000
   536.60       0.000000       0.000000       0.000000       0.000000
   536.65       0.000000       0.000000       0.000000       0.000000
   536.71       0.000000       0.000000       0.000000       0.000000
   536.77       0.000000       0.000000       0.000000       0.000000
   536.82       0.000000       0.000000       0.000000       0.000000
   536.88       0.000000       0.000000       0.000000       0.000000
   536.93       0.000000       0.000000       0.000000       0.000000
   536.99       0.000000       0.000000       0.000000       0.000000
   537.05       0.000000       0.000000       0.000000       0.000000
   537.10       0.000000       0.000000       0.000000       0.000000
   537.16       0.000000       0.000000       0.000000       0.000000
   537.21       0.000000       0.000000       0.000000       0.000000
   537.27       0.000000       0.000000       0.000000       0.000000
   537.33       0.000000       0.000000       0.000000       0.000000
   537.38       0.000000       0.000000       0.000000       0.000000
   537.44       0.000000       0.000000       0.000000       0.000000
   537.49       0.000000       0.000000       0.000000       0.000000
   537.55       0.000000       0.000000       0.000000       0.000000
   537.61       0.000000       0.000000       0.000000       0.000000
   537.66       0.000000       0.000000       0.000000       0.000000
   537.72       0.000000       0.000000       0.000000       0.000000
   537.78       0.000000       0.000000       0.000000       0.000000
   537.83       0.000000       0.000000       0.000000       0.000000
   537.89       0.000000       0.000000       0.000000       0.000000
   537.94       0.000000       0.000000       0.000000       0.000000
   538.00       0.000000       0.000000       0.000000       0.000000
