   267.00       0.000000       0.000000       0.000000       0.000000
   267.05       0.000000       0.000000       0.000000       0.000000
   267.11       0.000000       0.000000       0.000000       0.000000
   267.16       0.000000       0.000000       0.000000       0.000000
   267.22       0.000000       0.000000       0.000000       0.000000
   267.27       0.000000       0.000000       0.000000       0.000000
   267.32       0.000000       0.000000       0.000000       0.000000
   267.38       0.000000       0.000000       0.000000       0.000000
   267.43       0.000000       0.000000       0.000000       0.000000
   267.49       0.000000       0.000000       0.000000       0.000000
   267.54       0.000000       0.000000       0.000000       0.000000
   267.60       0.000000       0.000000       0.000000       0.000000
   267.65       0.000000       0.000000       0.000000       0.000000
   267.70       0.000000       0.000000       0.000000       0.000000
   267.76       0.000000       0.000000       0.000000       0.000000
   267.81       0.000000       0.000000       0.000000       0.000000
   267.87       0.000000       0.000000       0.000000       0.000000
   267.92       0.000000       0.000000       0.000000       0.000000
   267.97       0.000000       0.000000       0.000000       0.000000
   268.03       0.000000       0.000000       0.000000       0.000000
   268.08       0.000000       0.000000       0.000000       0.000000
   268.14       0.000000       0.000000       0.000000       0.000000
   268.19       0.000000       0.000000       0.000000       0.000000
   268.24       0.000000       0.000000       0.000000       0.000000
   268.30       0.000000       0.000000       0.000000       0.000000
   268.35       0.000000       0.000000       0.000000       0.000000
   268.41       0.000000       0.000000       0.000000       0.000000
   268.46       0.000000       0.000000       0.000000       0.000000
   268.52       0.000000       0.000000       0.000000       0.000000
   268.57       0.000000       0.000000       0.000000       0.000000
   268.62       0.000000       0.000000       0.000000       0.000000
   268.68       0.000000       0.000000       0.000000       0.000000
   268.73       0.000000       0.000000       0.000000       0.000000
   268.79       0.000000       0.000000       0.000000       0.000000
   268.84       0.000000       0.000000       0.000000       0.000000
   268.89       0.000000       0.000000       0.000000       0.000000
   268.95       0.000000       0.000000       0.000000       0.000000
   269.00       0.000000       0.000000       0.000000       0.000000
   269.06       0.000000       0.000000       0.000000       0.000000
   269.11       0.000000       0.000000       0.000000       0.000000
   269.16       0.000000       0.000000       0.000000       0.000000
   269.22       0.000000       0.000000       0.000000       0.000000
   269.27       0.000000       0.000000       0.000000       0.000000
   269.33       0.000000       0.000000       0.000000       0.000000
   269.38       0.000000       0.000000       0.000000       0.000000
   269.43       0.000000       0.000000       0.000000       0.000000
   269.49       0.000000       0.000000       0.000000       0.000000
   269.54       0.000000       0.000000       0.000000       0.000000
   269.60       0.000000       0.000000       0.000000       0.000000
   269.65       0.000000       0.000000       0.000000       0.000000
   269.71       0.000000       0.000000       0.000000       0.000000
   269.76       0.000000       0.000000       0.000000       0.000000
   269.81       0.000000       0.000000       0.000000       0.000000
   269.87       0.000000       0.000000       0.000000       0.000000
   269.92       0.000000       0.000000       0.000000       0.000000
   269.98       0.000000       0.000000       0.000000       0.000000
   270.03       0.000000       0.000000       0.000000       0.000000
   270.08       0.000000       0.000000       0.000000       0.000000
   270.14       0.000000       0.000000       0.000000       0.000000
   270.19       0.000000       0.000000       0.000000       0.000000
   270.25       0.000000       0.000000       0.000000       0.000000
   270.30       0.000000       0.000000       0.000000       0.000000
   270.35       0.000000       0.000000       0.000000       0.000000
   270.41       0.000000       0.000000       0.000000       0.000000
   270.46       0.000000       0.000000       0.000000       0.000000
   270.52       0.000000       0.000000       0.000000       0.000000
   270.57       0.000000       0.000000       0.000000       0.000000
   270.63       0.000000       0.000000       0.000000       0.000000
   270.68       0.000000       0.000000       0.000000       0.000000
   270.73       0.000000       0.000000       0.000000       0.000000
   270.79       0.000000       0.000000       0.000000       0.000000
   270.84       0.000000       0.000000       0.000000       0.000000
   270.90       0.000000       0.000000       0.000000       0.000000
   270.95       0.000000       0.000000       0.000000       0.000000
   271.00       0.000000       0.000000       0.000000       0.000000
   271.06       0.000000       0.000000       0.000000       0.000000
   271.11       0.000000       0.000000       0.000000       0.000000
   271.17       0.000000       0.000000       0.000000       0.000000
   271.22       0.000000       0.000000       0.000000       0.000000
   271.27       0.000000       0.000000       0.000000       0.000000
   271.33       0.000000       0.000000       0.000000       0.000000
   271.38       0.000000       0.000000       0.000000       0.000000
   271.44       0.000000       0.000000       0.000000       0.000000
   271.49       0.000000       0.000000       0.000000       0.000000
   271.55       0.000000       0.000000       0.000000       0.000000
   271.60       0.000000       0.000000       0.000000       0.000000
   271.65       0.000000       0.000000       0.000000       0.000000
   271.71       0.000000       0.000000       0.000000       0.000000
   271.76       0.000000       0.000000       0.000000       0.000000
   271.82       0.000000       0.000000       0.000000       0.000000
   271.87       0.000000       0.000000       0.000000       0.000000
   271.92       0.000000       0.000000       0.000000       0.000000
   271.98       0.000000       0.000000       0.000000       0.000000
   272.03       0.000000       0.000000       0.000000       0.000000
   272.09       0.000000       0.000000       0.000000       0.000000
   272.14       0.000000       0.000000       0.000000       0.000000
   272.19       0.000000       0.000000       0.000000       0.000000
   272.25       0.000000       0.000000       0.000000       0.000000
   272.30       0.000000       0.000000       0.000000       0.000000
   272.36       0.000000       0.000000       0.000000       0.000000
   272.41       0.000000       0.000000       0.000000       0.000000
   272.46       0.000000       0.000000       0.000000       0.000000
   272.52       0.000000       0.000000       0.000000       0.000000
   272.57       0.000000       0.000000       0.000000       0.000000
   272.63       0.000000       0.000000       0.000000       0.000000
   272.68       0.000000       0.000000       0.000000       0.000000
   272.74       0.000000       0.000000       0.000000       0.000000
   272.79       0.000000       0.000000       0.000000       0.000000
   272.84       0.000000       0.000000       0.000000       0.000000
   272.90       0.000000       0.000000       0.000000       0.000000
   272.95       0.000000       0.000000       0.000000       0.000000
   273.01       0.000000       0.000000       0.000000       0.000000
   273.06       0.000000       0.000000       0.000000       0.000000
   273.11       0.000000       0.000000       0.000000       0.000000
   273.17       0.000000       0.000000       0.000000       0.000000
   273.22       0.000000       0.000000       0.000000       0.000000
   273.28       0.000000       0.000000       0.000000       0.000000
   273.33       0.000000       0.000000       0.000000       0.000000
   273.38       0.000000       0.000000       0.000000       0.000000
   273.44       0.000000       0.000000       0.000000       0.000000
   273.49       0.000000       0.000000       0.000000       0.000000
   273.55       0.000000       0.000000       0.000000       0.000000
   273.60       0.000000       0.000000       0.000000       0.000000
   273.66       0.000000       0.000000       0.000000       0.000000
   273.71       0.000000       0.000000       0.000000       0.000000
   273.76       0.000000       0.000000       0.000000       0.000000
   273.82       0.000000       0.000000       0.000000       0.000000
   273.87       0.000000       0.000000       0.000000       0.000000
   273.93       0.000000       0.000000       0.000000       0.000000
   273.98       0.000000       0.000000       0.000000       0.000000
   274.03       0.000000       0.000000       0.000000       0.000000
   274.09       0.000000       0.000000       0.000000       0.000000
   274.14       0.000000       0.000000       0.000000       0.000000
   274.20       0.000000       0.000000       0.000000       0.000000
   274.25       0.000000       0.000000       0.000000       0.000000
   274.30       0.000000       0.000000       0.000000       0.000000
   274.36       0.000000       0.000000       0.000000       0.000000
   274.41       0.000000       0.000000       0.000000       0.000000
   274.47       0.000000       0.000000       0.000000       0.000000
   274.52       0.000000       0.000000       0.000000       0.000000
   274.58       0.000000       0.000000       0.000000       0.000000
   274.63       0.000000       0.000000       0.000000       0.000000
   274.68       0.000000       0.000000       0.000000       0.000000
   274.74       0.000000       0.000000       0.000000       0.000000
   274.79       0.000000       0.000000       0.000000       0.000000
   274.85       0.000000       0.000000       0.000000       0.000000
   274.90       0.000000       0.000000       0.000000       0.000000
   274.95       0.000000       0.000000       0.000000       0.000000
   275.01       0.000000       0.000000       0.000000       0.000000
   275.06       0.000000       0.000000       0.000000       0.000000
   275.12       0.000000       0.000000       0.000000       0.000000
   275.17       0.000000       0.000000       0.000000       0.000000
   275.22       0.000000       0.000000       0.000000       0.000000
   275.28       0.000000       0.000000       0.000000       0.000000
   275.33       0.000000       0.000000       0.000000       0.000000
   275.39       0.000000       0.000000       0.000000       0.000000
   275.44       0.000000       0.000000       0.000000       0.000000
   275.49       0.000000       0.000000       0.000000       0.000000
   275.55       0.000000       0.000000       0.000000       0.000000
   275.60       0.000000       0.000000       0.000000       0.000000
   275.66       0.000000       0.000000       0.000000       0.000000
   275.71       0.000000       0.000000       0.000000       0.000000
   275.77       0.000000       0.000000       0.000000       0.000000
   275.82       0.000000       0.000000       0.000000       0.000000
   275.87       0.000000       0.000000       0.000000       0.000000
   275.93       0.000000       0.000000       0.000000       0.000000
   275.98       0.000000       0.000000       0.000000       0.000000
   276.04       0.000000       0.000000       0.000000       0.000000
   276.09       0.000000       0.000000       0.000000       0.000000
   276.14       0.000000       0.000000       0.000000       0.000000
   276.20       0.000000       0.000000       0.000000       0.000000
   276.25       0.000000       0.000000       0.000000       0.000000
   276.31       0.000095       0.000064       0.000029       0.000002
   276.36       0.000336       0.000205       0.000111       0.000020
   276.41       0.001031       0.000625       0.000343       0.000063
   276.47       0.003025       0.001824       0.001010       0.000191
   276.52       0.008485       0.005083       0.002845       0.000557
   276.58       0.022762       0.013545       0.007663       0.001554
   276.63       0.058395       0.034503       0.019744       0.004148
   276.69       0.143272       0.084018       0.048664       0.010591
   276.74       0.336183       0.195581       0.114731       0.025871
   276.79       0.754437       0.435240       0.258750       0.060447
   276.85       1.619497       0.926083       0.558269       0.135145
   276.90       3.324774       1.883594       1.152227       0.288952
   276.96       6.528715       3.662672       2.275074       0.590969
   277.01      12.263147       6.809200       4.297649       1.156299
   277.06      22.034921      12.103276       7.767184       2.164461
   277.12      37.877941      20.570741      13.431015       3.876185
   277.17      62.298913      33.433744      22.222550       6.642618
   277.23      98.054185      51.973368      35.184563      10.896254
   277.28     147.723547      77.294449      53.312588      17.116510
   277.33     213.103491     110.016213      77.320150      25.767128
   277.39     294.530456     149.956193     107.358832      37.215430
   277.44     390.334637     195.913463     142.761006      51.660168
   277.50     496.677102     245.667909     181.897376      69.111817
   277.55     607.992414     296.277613     222.239057      89.475745
   277.61     718.120872     344.668996     260.673730     112.778146
   277.66     821.990267     388.398757     294.052649     139.538861
   277.71     917.457864     426.361392     319.859189     171.237283
   277.77    1006.749088     459.175279     336.824061     210.749748
   277.82    1096.916153     489.039119     345.297880     262.579154
   277.88    1198.935880     519.009731     347.244382     332.681766
   277.93    1325.422481     551.863834     345.823687     427.734960
   277.98    1487.364907     588.894137     344.662120     553.808650
   278.04    1690.654005     629.068583     347.005180     714.580241
   278.09    1933.332696     668.905399     354.988511     909.438786
   278.15    2204.410319     703.195084     369.224216    1131.991018
   278.20    2484.744649     726.407952     388.802371    1369.534326
   278.25    2749.985447     734.369702     411.682408    1603.933338
   278.31    2975.024992     725.667808     435.338758    1814.018425
   278.36    3138.961764     702.321038     457.460508    1979.180218
   278.42    3229.387103     669.478715     476.503305    2083.405084
   278.47    3244.934427     634.232746     491.951012    2118.750669
   278.53    3195.472963     603.909247     504.244708    2087.319007
   278.58    3099.961020     584.360621     514.445087    2001.155312
   278.63    2982.592897     578.756871     523.774300    1880.061726
   278.69    2868.266599     587.194555     533.206278    1747.865766
   278.74    2778.441856     607.172996     543.233043    1628.035817
   278.80    2728.173323     634.723648     553.847735    1539.601941
   278.85    2724.651182     665.803412     564.692528    1494.155242
   278.90    2767.165676     697.522726     575.262906    1494.380045
   278.96    2848.172606     728.871172     585.060710    1534.240723
   279.01    2955.082974     760.780322     593.638574    1600.664077
   279.07    3072.437178     795.557580     600.544768    1676.334830
   279.12    3184.146608     835.876649     605.223897    1743.046062
   279.17    3275.465578     883.591368     606.936778    1784.937431
   279.23    3334.361574     938.655679     604.739684    1790.966211
   279.28    3352.072716     998.404063     597.531954    1756.136699
   279.34    3322.903349    1057.392707     584.163598    1681.347045
   279.39    3243.603130    1107.912849     563.591381    1572.098900
   279.44    3112.841892    1141.159190     535.074101    1436.608601
   279.50    2931.196512    1148.868235     498.387418    1283.940859
   279.55    2701.730981    1125.076626     454.016587    1122.637768
   279.61    2430.843424    1067.554947     403.264790     960.023687
   279.66    2128.801470     978.509546     348.216284     802.075639
   279.72    1809.437196     864.327550     291.526855     653.582791
   279.77    1488.806700     734.416229     236.069728     518.320743
   279.82    1183.062834     599.453883     184.517925     399.091025
   279.88     906.129763     469.527765     138.969603     297.632395
   279.93     667.841881     352.622643     100.707756     214.511482
   279.99     473.022728     253.767828      70.139806     149.115094
   280.04     321.630903     174.918938      46.905279      99.806686
   280.09     209.769168     115.439548      30.096443      64.233177
   280.15     131.145617      72.923777      18.517981      39.703859
   280.20      78.555586      44.084568      10.920945      23.550074
   280.26      45.065388      25.499603       6.171067      13.394718
   280.31      24.752605      14.110758       3.340191       7.301656
   280.36      13.014023       7.469548       1.731428       3.813047
   280.42       6.548372       3.782038       0.859369       1.906965
   280.47       3.152994       1.831532       0.408354       0.913108
   280.53       1.452548       0.848272       0.185749       0.418527
   280.58       0.640198       0.375722       0.080874       0.183602
   280.64       0.269755       0.159131       0.033688       0.076936
   280.69       0.108800       0.064451       0.013429       0.030920
   280.74       0.041972       0.024958       0.005126       0.011888
   280.80       0.015489       0.009244       0.001872       0.004373
   280.85       0.005467       0.003274       0.000654       0.001538
   280.91       0.001845       0.001109       0.000219       0.000518
   280.96       0.000541       0.000343       0.000055       0.000144
   281.01       0.000168       0.000106       0.000017       0.000045
   281.07       0.000000       0.000000       0.000000       0.000000
   281.12       0.000000       0.000000       0.000000       0.000000
   281.18       0.000000       0.000000       0.000000       0.000000
   281.23       0.000000       0.000000       0.000000       0.000000
   281.28       0.000000       0.000000       0.000000       0.000000
   281.34       0.000000       0.000000       0.000000       0.000000
   281.39       0.000000       0.000000       0.000000       0.000000
   281.45       0.000000       0.000000       0.000000       0.000000
   281.50       0.000000       0.000000       0.000000       0.000000
   281.56       0.000000       0.000000       0.000000       0.000000
   281.61       0.000000       0.000000       0.000000       0.000000
   281.66       0.000000       0.000000       0.000000       0.000000
   281.72       0.000000       0.000000       0.000000       0.000000
   281.77       0.000000       0.000000       0.000000       0.000000
   281.83       0.000000       0.000000       0.000000       0.000000
   281.88       0.000000       0.000000       0.000000       0.000000
   281.93       0.000000       0.000000       0.000000       0.000000
   281.99       0.000000       0.000000       0.000000       0.000000
   282.04       0.000000       0.000000       0.000000       0.000000
   282.10       0.000000       0.000000       0.000000       0.000000
   282.15       0.000000       0.000000       0.000000       0.000000
   282.20       0.000000       0.000000       0.000000       0.000000
   282.26       0.000000       0.000000       0.000000       0.000000
   282.31       0.000000       0.000000       0.000000       0.000000
   282.37       0.000000       0.000000       0.000000       0.000000
   282.42       0.000000       0.000000       0.000000       0.000000
   282.47       0.000000       0.000000       0.000000       0.000000
   282.53       0.000000       0.000000       0.000000       0.000000
   282.58       0.000000       0.000000       0.000000       0.000000
   282.64       0.000000       0.000000       0.000000       0.000000
   282.69       0.000000       0.000000       0.000000       0.000000
   282.75       0.000000       0.000000       0.000000       0.000000
   282.80       0.000000       0.000000       0.000000       0.000000
   282.85       0.000000       0.000000       0.000000       0.000000
   282.91       0.000000       0.000000       0.000000       0.000000
   282.96       0.000000       0.000000       0.000000       0.000000
   283.02       0.000000       0.000000       0.000000       0.000000
   283.07       0.000000       0.000000       0.000000       0.000000
   283.12       0.000000       0.000000       0.000000       0.000000
   283.18       0.000000       0.000000       0.000000       0.000000
   283.23       0.000000       0.000000       0.000000       0.000000
   283.29       0.000000       0.000000       0.000000       0.000000
   283.34       0.000000       0.000000       0.000000       0.000000
   283.39       0.000000       0.000000       0.000000       0.000000
   283.45       0.000000       0.000000       0.000000       0.000000
   283.50       0.000000       0.000000       0.000000       0.000000
   283.56       0.000000       0.000000       0.000000       0.000000
   283.61       0.000000       0.000000       0.000000       0.000000
   283.67       0.000000       0.000000       0.000000       0.000000
   283.72       0.000000       0.000000       0.000000       0.000000
   283.77       0.000000       0.000000       0.000000       0.000000
   283.83       0.000000       0.000000       0.000000       0.000000
   283.88       0.000000       0.000000       0.000000       0.000000
   283.94       0.000000       0.000000       0.000000       0.000000
   283.99       0.000000       0.000000       0.000000       0.000000
   284.04       0.000000       0.000000       0.000000       0.000000
   284.10       0.000000       0.000000       0.000000       0.000000
   284.15       0.000000       0.000000       0.000000       0.000000
   284.21       0.000000       0.000000       0.000000       0.000000
   284.26       0.000000       0.000000       0.000000       0.000000
   284.31       0.000000       0.000000       0.000000       0.000000
   284.37       0.000000       0.000000       0.000000       0.000000
   284.42       0.000000       0.000000       0.000000       0.000000
   284.48       0.000000       0.000000       0.000000       0.000000
   284.53       0.000000       0.000000       0.000000       0.000000
   284.59       0.000000       0.000000       0.000000       0.000000
   284.64       0.000000       0.000000       0.000000       0.000000
   284.69       0.000000       0.000000       0.000000       0.000000
   284.75       0.000000       0.000000       0.000000       0.000000
   284.80       0.000000       0.000000       0.000000       0.000000
   284.86       0.000000       0.000000       0.000000       0.000000
   284.91       0.000000       0.000000       0.000000       0.000000
   284.96       0.000000       0.000000       0.000000       0.000000
   285.02       0.000000       0.000000       0.000000       0.000000
   285.07       0.000000       0.000000       0.000000       0.000000
   285.13       0.000000       0.000000       0.000000       0.000000
   285.18       0.000000       0.000000       0.000000       0.000000
   285.23       0.000000       0.000000       0.000000       0.000000
   285.29       0.000000       0.000000       0.000000       0.000000
   285.34       0.000000       0.000000       0.000000       0.000000
   285.40       0.000000       0.000000       0.000000       0.000000
   285.45       0.000000       0.000000       0.000000       0.000000
   285.51       0.000000       0.000000       0.000000       0.000000
   285.56       0.000000       0.000000       0.000000       0.000000
   285.61       0.000000       0.000000       0.000000       0.000000
   285.67       0.000000       0.000000       0.000000       0.000000
   285.72       0.000000       0.000000       0.000000       0.000000
   285.78       0.000000       0.000000       0.000000       0.000000
   285.83       0.000000       0.000000       0.000000       0.000000
   285.88       0.000000       0.000000       0.000000       0.000000
   285.94       0.000000       0.000000       0.000000       0.000000
   285.99       0.000000       0.000000       0.000000       0.000000
   286.05       0.000000       0.000000       0.000000       0.000000
   286.10       0.000000       0.000000       0.000000       0.000000
   286.15       0.000000       0.000000       0.000000       0.000000
   286.21       0.000000       0.000000       0.000000       0.000000
   286.26       0.000000       0.000000       0.000000       0.000000
   286.32       0.000000       0.000000       0.000000       0.000000
   286.37       0.000000       0.000000       0.000000       0.000000
   286.42       0.000000       0.000000       0.000000       0.000000
   286.48       0.000000       0.000000       0.000000       0.000000
   286.53       0.000000       0.000000       0.000000       0.000000
   286.59       0.000000       0.000000       0.000000       0.000000
   286.64       0.000000       0.000000       0.000000       0.000000
   286.70       0.000000       0.000000       0.000000       0.000000
   286.75       0.000000       0.000000       0.000000       0.000000
   286.80       0.000000       0.000000       0.000000       0.000000
   286.86       0.000000       0.000000       0.000000       0.000000
   286.91       0.000000       0.000000       0.000000       0.000000
   286.97       0.000000       0.000000       0.000000       0.000000
   287.02       0.000000       0.000000       0.000000       0.000000
   287.07       0.000000       0.000000       0.000000       0.000000
   287.13       0.000000       0.000000       0.000000       0.000000
   287.18       0.000000       0.000000       0.000000       0.000000
   287.24       0.000000       0.000000       0.000000       0.000000
   287.29       0.000000       0.000000       0.000000       0.000000
   287.34       0.000000       0.000000       0.000000       0.000000
   287.40       0.000000       0.000000       0.000000       0.000000
   287.45       0.000000       0.000000       0.000000       0.000000
   287.51       0.000000       0.000000       0.000000       0.000000
   287.56       0.000000       0.000000       0.000000       0.000000
   287.62       0.000000       0.000000       0.000000       0.000000
   287.67       0.000000       0.000000       0.000000       0.000000
   287.72       0.000000       0.000000       0.000000       0.000000
   287.78       0.000000       0.000000       0.000000       0.000000
   287.83       0.000000       0.000000       0.000000       0.000000
   287.89       0.000000       0.000000       0.000000       0.000000
   287.94       0.000000       0.000000       0.000000       0.000000
   287.99       0.000000       0.000000       0.000000       0.000000
   288.05       0.000000       0.000000       0.000000       0.000000
   288.10       0.000000       0.000000       0.000000       0.000000
   288.16       0.000000       0.000000       0.000000       0.000000
   288.21       0.000000       0.000000       0.000000       0.000000
   288.26       0.000000       0.000000       0.000000       0.000000
   288.32       0.000000       0.000000       0.000000       0.000000
   288.37       0.000000       0.000000       0.000000       0.000000
   288.43       0.000000       0.000000       0.000000       0.000000
   288.48       0.000000       0.000000       0.000000       0.000000
   288.54       0.000000       0.000000       0.000000       0.000000
   288.59       0.000000       0.000000       0.000000       0.000000
   288.64       0.000000       0.000000       0.000000       0.000000
   288.70       0.000000       0.000000       0.000000       0.000000
   288.75       0.000000       0.000000       0.000000       0.000000
   288.81       0.000000       0.000000       0.000000       0.000000
   288.86       0.000000       0.000000       0.000000       0.000000
   288.91       0.000000       0.000000       0.000000       0.000000
   288.97       0.000000       0.000000       0.000000       0.000000
   289.02       0.000000       0.000000       0.000000       0.000000
   289.08       0.000000       0.000000       0.000000       0.000000
   289.13       0.000000       0.000000       0.000000       0.000000
   289.18       0.000000       0.000000       0.000000       0.000000
   289.24       0.000000       0.000000       0.000000       0.000000
   289.29       0.000000       0.000000       0.000000       0.000000
   289.35       0.000000       0.000000       0.000000       0.000000
   289.40       0.000000       0.000000       0.000000       0.000000
   289.45       0.000000       0.000000       0.000000       0.000000
   289.51       0.000000       0.000000       0.000000       0.000000
   289.56       0.000000       0.000000       0.000000       0.000000
   289.62       0.000000       0.000000       0.000000       0.000000
   289.67       0.000000       0.000000       0.000000       0.000000
   289.73       0.000000       0.000000       0.000000       0.000000
   289.78       0.000000       0.000000       0.000000       0.000000
   289.83       0.000000       0.000000       0.000000       0.000000
   289.89       0.000000       0.000000       0.000000       0.000000
   289.94       0.000000       0.000000       0.000000       0.000000
   290.00       0.000000       0.000000       0.000000       0.000000
   290.05       0.000000       0.000000       0.000000       0.000000
   290.10       0.000000       0.000000       0.000000       0.000000
   290.16       0.000000       0.000000       0.000000       0.000000
   290.21       0.000000       0.000000       0.000000       0.000000
   290.27       0.000000       0.000000       0.000000       0.000000
   290.32       0.000000       0.000000       0.000000       0.000000
   290.37       0.000000       0.000000       0.000000       0.000000
   290.43       0.000000       0.000000       0.000000       0.000000
   290.48       0.000000       0.000000       0.000000       0.000000
   290.54       0.000000       0.000000       0.000000       0.000000
   290.59       0.000000       0.000000       0.000000       0.000000
   290.65       0.000000       0.000000       0.000000       0.000000
   290.70       0.000000       0.000000       0.000000       0.000000
   290.75       0.000000       0.000000       0.000000       0.000000
   290.81       0.000000       0.000000       0.000000       0.000000
   290.86       0.000000       0.000000       0.000000       0.000000
   290.92       0.000000       0.000000       0.000000       0.000000
   290.97       0.000000       0.000000       0.000000       0.000000
   291.02       0.000000       0.000000       0.000000       0.000000
   291.08       0.000000       0.000000       0.000000       0.000000
   291.13       0.000000       0.000000       0.000000       0.000000
   291.19       0.000000       0.000000       0.000000       0.000000
   291.24       0.000000       0.000000       0.000000       0.000000
   291.29       0.000000       0.000000       0.000000       0.000000
   291.35       0.000000       0.000000       0.000000       0.000000
   291.40       0.000000       0.000000       0.000000       0.000000
   291.46       0.000000       0.000000       0.000000       0.000000
   291.51       0.000000       0.000000       0.000000       0.000000
   291.57       0.000000       0.000000       0.000000       0.000000
   291.62       0.000000       0.000000       0.000000       0.000000
   291.67       0.000000       0.000000       0.000000       0.000000
   291.73       0.000000       0.000000       0.000000       0.000000
   291.78       0.000000       0.000000       0.000000       0.000000
   291.84       0.000000       0.000000       0.000000       0.000000
   291.89       0.000000       0.000000       0.000000       0.000000
   291.94       0.000000       0.000000       0.000000       0.000000
   292.00       0.000000       0.000000       0.000000       0.000000
   292.05       0.000000       0.000000       0.000000       0.000000
   292.11       0.000000       0.000000       0.000000       0.000000
   292.16       0.000000       0.000000       0.000000       0.000000
   292.21       0.000000       0.000000       0.000000       0.000000
   292.27       0.000000       0.000000       0.000000       0.000000
   292.32       0.000000       0.000000       0.000000       0.000000
   292.38       0.000000       0.000000       0.000000       0.000000
   292.43       0.000000       0.000000       0.000000       0.000000
   292.48       0.000000       0.000000       0.000000       0.000000
   292.54       0.000000       0.000000       0.000000       0.000000
   292.59       0.000000       0.000000       0.000000       0.000000
   292.65       0.000000       0.000000       0.000000       0.000000
   292.70       0.000000       0.000000       0.000000       0.000000
   292.76       0.000000       0.000000       0.000000       0.000000
   292.81       0.000000       0.000000       0.000000       0.000000
   292.86       0.000000       0.000000       0.000000       0.000000
   292.92       0.000000       0.000000       0.000000       0.000000
   292.97       0.000000       0.000000       0.000000       0.000000
   293.03       0.000000       0.000000       0.000000       0.000000
   293.08       0.000000       0.000000       0.000000       0.000000
   293.13       0.000000       0.000000       0.000000       0.000000
   293.19       0.000000       0.000000       0.000000       0.000000
   293.24       0.000000       0.000000       0.000000       0.000000
   293.30       0.000000       0.000000       0.000000       0.000000
   293.35       0.000000       0.000000       0.000000       0.000000
   293.40       0.000000       0.000000       0.000000       0.000000
   293.46       0.000000       0.000000       0.000000       0.000000
   293.51       0.000000       0.000000       0.000000       0.000000
   293.57       0.000000       0.000000       0.000000       0.000000
   293.62       0.000000       0.000000       0.000000       0.000000
   293.68       0.000000       0.000000       0.000000       0.000000
   293.73       0.000000       0.000000       0.000000       0.000000
   293.78       0.000000       0.000000       0.000000       0.000000
   293.84       0.000000       0.000000       0.000000       0.000000
   293.89       0.000000       0.000000       0.000000       0.000000
   293.95       0.000000       0.000000       0.000000       0.000000
   294.00       0.000000       0.000000       0.000000       0.000000
