*********************  Core Excitation Data  ********************
****************  A.P. Hitchcock & D.C. Mancini  ****************
*
* Formula: (C6H5)CH2CHO
* Name: Phenylacetaldehyde
* Edge: O1s
* Alpha Formula: C8H8O
* Data Source: Hitchcock
* Filename: aq-0ookk.os
* Ref. Code: HH13
* Write Date: 15 / 08 / 2013
* Reference: Hitchcock (unpublished)
* Source and Purity: Sigma Aldrich, <90% in alcohol
* Acquisition Mode:EELS, 2 deg, 2500 eV CRE mode, 0.7 eV fwhm
*--------------------------------------------------------------
* No. of Spectra: 2 files         0aqo      0aqo.os
* E (eV)    Raw data   Osc. Str. per atom (E-2)
*--------------------------------------------------------------
 5.2250E+02 1.1012E+04 1.7024E-03
 5.2280E+02 1.1067E+04 1.0307E-02
 5.2310E+02 1.0902E+04 -5.3576E-03
 5.2340E+02 1.0934E+04 7.4596E-04
 5.2370E+02 1.0906E+04 1.0716E-04
 5.2400E+02 1.0984E+04 1.1618E-02
 5.2430E+02 1.0801E+04 -6.8037E-03
 5.2460E+02 1.0748E+04 -1.0496E-02
 5.2490E+02 1.0653E+04 -1.9067E-02
 5.2520E+02 1.0646E+04 -1.7495E-02
 5.2550E+02 1.0784E+04 1.6000E-03
 5.2580E+02 1.0639E+04 -1.3315E-02
 5.2610E+02 1.0920E+04 2.3776E-02
 5.2640E+02 1.0766E+04 7.6074E-03
 5.2670E+02 1.0759E+04 9.5510E-03
 5.2700E+02 1.0765E+04 1.3262E-02
 5.2730E+02 1.0709E+04 9.0459E-03
 5.2760E+02 1.0701E+04 1.0816E-02
 5.2790E+02 1.0670E+04 9.7914E-03
 5.2820E+02 1.0619E+04 5.9720E-03
 5.2850E+02 1.0404E+04 -1.9696E-02
 5.2882E+02 1.0365E+04 -2.2051E-02
 5.2892E+02 1.0381E+04 -1.9020E-02
 5.2902E+02 1.0556E+04 5.6770E-03
 5.2912E+02 1.0591E+04 1.1380E-02
 5.2922E+02 1.0449E+04 -7.0298E-03
 5.2932E+02 1.0525E+04 4.4108E-03
 5.2942E+02 1.0457E+04 -3.9794E-03
 5.2952E+02 1.0502E+04 3.2332E-03
 5.2962E+02 1.0525E+04 7.4773E-03
 5.2972E+02 1.0587E+04 1.7148E-02
 5.2982E+02 1.0734E+04 3.8657E-02
 5.2992E+02 1.0686E+04 3.3047E-02
 5.3002E+02 1.0940E+04 7.0002E-02
 5.3012E+02 1.1258E+04 1.1608E-01
 5.3022E+02 1.1588E+04 1.6436E-01
 5.3032E+02 1.1998E+04 2.2425E-01
 5.3042E+02 1.2624E+04 3.1546E-01
 5.3052E+02 1.3344E+04 4.2061E-01
 5.3062E+02 1.4610E+04 6.0511E-01
 5.3072E+02 1.5540E+04 7.4235E-01
 5.3082E+02 1.6582E+04 8.9681E-01
 5.3092E+02 1.7830E+04 1.0822E+00
 5.3102E+02 1.8887E+04 1.2410E+00
 5.3112E+02 1.9859E+04 1.3885E+00
 5.3122E+02 2.0153E+04 1.4375E+00
 5.3132E+02 2.0328E+04 1.4694E+00
 5.3142E+02 2.0215E+04 1.4587E+00
 5.3152E+02 1.9746E+04 1.3952E+00
 5.3162E+02 1.9104E+04 1.3056E+00
 5.3172E+02 1.8197E+04 1.1757E+00
 5.3182E+02 1.7242E+04 1.0377E+00
 5.3192E+02 1.6251E+04 8.9348E-01
 5.3202E+02 1.5379E+04 7.6595E-01
 5.3212E+02 1.4513E+04 6.3861E-01
 5.3222E+02 1.3699E+04 5.1812E-01
 5.3231E+02 1.3150E+04 4.3730E-01
 5.3241E+02 1.2461E+04 3.3457E-01
 5.3251E+02 1.2057E+04 2.7472E-01
 5.3261E+02 1.1531E+04 1.9568E-01
 5.3271E+02 1.1198E+04 1.4599E-01
 5.3281E+02 1.1036E+04 1.2237E-01
 5.3291E+02 1.0875E+04 9.8833E-02
 5.3301E+02 1.0813E+04 9.0678E-02
 5.3311E+02 1.0629E+04 6.3238E-02
 5.3321E+02 1.0475E+04 4.0189E-02
 5.3331E+02 1.0411E+04 3.1404E-02
 5.3341E+02 1.0514E+04 4.8876E-02
 5.3351E+02 1.0400E+04 3.2087E-02
 5.3361E+02 1.0410E+04 3.4814E-02
 5.3371E+02 1.0147E+04 -5.9494E-03
 5.3381E+02 1.0202E+04 3.8695E-03
 5.3391E+02 1.0349E+04 2.8715E-02
 5.3401E+02 1.0471E+04 4.9550E-02
 5.3411E+02 1.0407E+04 4.0532E-02
 5.3421E+02 1.0519E+04 6.0096E-02
 5.3431E+02 1.0113E+04 -4.9070E-03
 5.3441E+02 1.0242E+04 1.7284E-02
 5.3451E+02 1.0362E+04 3.8235E-02
 5.3461E+02 9.9865E+03 -2.2515E-02
 5.3471E+02 1.0021E+04 -1.5718E-02
 5.3481E+02 1.0189E+04 1.3280E-02
 5.3491E+02 1.0398E+04 4.9300E-02
 5.3501E+02 1.0253E+04 2.6271E-02
 5.3511E+02 1.0111E+04 3.7360E-03
 5.3521E+02 1.0158E+04 1.2836E-02
 5.3531E+02 1.0424E+04 5.8994E-02
 5.3541E+02 1.0436E+04 6.2395E-02
 5.3551E+02 1.0378E+04 5.3831E-02
 5.3561E+02 1.0503E+04 7.6426E-02
 5.3571E+02 1.0683E+04 1.0872E-01
 5.3581E+02 1.0611E+04 9.7843E-02
 5.3591E+02 1.0721E+04 1.1844E-01
 5.3601E+02 1.0662E+04 1.0979E-01
 5.3611E+02 1.0576E+04 9.6265E-02
 5.3642E+02 1.0617E+04 1.0816E-01
 5.3662E+02 1.0685E+04 1.2333E-01
 5.3682E+02 1.0756E+04 1.3910E-01
 5.3701E+02 1.0816E+04 1.5333E-01
 5.3721E+02 1.0920E+04 1.7551E-01
 5.3741E+02 1.0886E+04 1.7297E-01
 5.3761E+02 1.0798E+04 1.6047E-01
 5.3781E+02 1.0913E+04 1.8526E-01
 5.3801E+02 1.1028E+04 2.1015E-01
 5.3821E+02 1.1034E+04 2.1520E-01
 5.3841E+02 1.1101E+04 2.3178E-01
 5.3861E+02 1.1123E+04 2.4010E-01
 5.3881E+02 1.1202E+04 2.5923E-01
 5.3901E+02 1.1238E+04 2.7053E-01
 5.3921E+02 1.1414E+04 3.0888E-01
 5.3941E+02 1.1306E+04 2.9240E-01
 5.3961E+02 1.1328E+04 3.0135E-01
 5.3981E+02 1.1532E+04 3.4613E-01
 5.4001E+02 1.1664E+04 3.7730E-01
 5.4021E+02 1.1703E+04 3.9034E-01
 5.4041E+02 1.1640E+04 3.8291E-01
 5.4061E+02 1.1589E+04 3.7767E-01
 5.4081E+02 1.1738E+04 4.1341E-01
 5.4101E+02 1.1760E+04 4.2340E-01
 5.4121E+02 1.1810E+04 4.3914E-01
 5.4141E+02 1.1877E+04 4.5893E-01
 5.4161E+02 1.1993E+04 4.8907E-01
 5.4181E+02 1.1924E+04 4.8054E-01
 5.4201E+02 1.1846E+04 4.6975E-01
 5.4221E+02 1.1869E+04 4.8071E-01
 5.4241E+02 1.1817E+04 4.7540E-01
 5.4261E+02 1.1902E+04 4.9984E-01
 5.4281E+02 1.1814E+04 4.8692E-01
 5.4301E+02 1.1870E+04 5.0529E-01
 5.4321E+02 1.1845E+04 5.0592E-01
 5.4341E+02 1.1954E+04 5.3640E-01
 5.4361E+02 1.1948E+04 5.4170E-01
 5.4381E+02 1.2084E+04 5.7882E-01
 5.4401E+02 1.2104E+04 5.9009E-01
 5.4421E+02 1.2117E+04 6.0007E-01
 5.4441E+02 1.2198E+04 6.2549E-01
 5.4461E+02 1.2178E+04 6.2799E-01
 5.4481E+02 1.2242E+04 6.5014E-01
 5.4501E+02 1.2253E+04 6.6004E-01
 5.4521E+02 1.2157E+04 6.4482E-01
 5.4540E+02 1.2131E+04 6.4580E-01
 5.4560E+02 1.2016E+04 6.2567E-01
 5.4580E+02 1.1844E+04 5.9127E-01
 5.4600E+02 1.1773E+04 5.8087E-01
 5.4620E+02 1.1824E+04 6.0048E-01
 5.4640E+02 1.1759E+04 5.9148E-01
 5.4660E+02 1.1618E+04 5.6350E-01
 5.4680E+02 1.1593E+04 5.6409E-01
 5.4700E+02 1.1524E+04 5.5369E-01
 5.4720E+02 1.1511E+04 5.5714E-01
 5.4740E+02 1.1419E+04 5.4061E-01
 5.4760E+02 1.1404E+04 5.4339E-01
 5.4780E+02 1.1551E+04 5.8832E-01
 5.4800E+02 1.1524E+04 5.8816E-01
 5.4820E+02 1.1423E+04 5.6895E-01
 5.4840E+02 1.1367E+04 5.6121E-01
 5.4860E+02 1.1492E+04 6.0146E-01
 5.4880E+02 1.1243E+04 5.4196E-01
 5.4900E+02 1.1206E+04 5.3893E-01
 5.4920E+02 1.1338E+04 5.8169E-01
 5.4940E+02 1.1212E+04 5.5448E-01
 5.4960E+02 1.1115E+04 5.3477E-01
 5.4980E+02 1.1102E+04 5.3812E-01
 5.5000E+02 1.1045E+04 5.2910E-01
 5.5020E+02 1.1114E+04 5.5521E-01
 5.5040E+02 1.1121E+04 5.6443E-01
 5.5060E+02 1.1131E+04 5.7424E-01
 5.5080E+02 1.0934E+04 5.2536E-01
 5.5100E+02 1.0884E+04 5.1782E-01
 5.5120E+02 1.0800E+04 5.0043E-01
 5.5136E+02 1.0789E+04 5.0271E-01
 5.5196E+02 1.0711E+04 5.0018E-01
 5.5256E+02 1.0520E+04 4.6304E-01
 5.5316E+02 1.0651E+04 5.2352E-01
 5.5376E+02 1.0505E+04 4.9906E-01
 5.5436E+02 1.0478E+04 5.1151E-01
 5.5496E+02 1.0344E+04 4.8905E-01
 5.5556E+02 1.0271E+04 4.8572E-01
 5.5616E+02 1.0164E+04 4.7050E-01
 5.5676E+02 9.9338E+03 4.1162E-01
 5.5736E+02 1.0074E+04 4.8140E-01
 5.5796E+02 9.9499E+03 4.5825E-01
 5.5856E+02 9.9565E+03 4.8211E-01
 5.5915E+02 9.8363E+03 4.5889E-01
 5.5975E+02 9.6531E+03 4.1029E-01
 5.6035E+02 9.7590E+03 4.7270E-01
 5.6095E+02 9.7308E+03 4.8385E-01
 5.6155E+02 9.6183E+03 4.6081E-01
 5.6215E+02 9.6275E+03 4.8707E-01
 5.6275E+02 9.5487E+03 4.7697E-01
 5.6335E+02 9.3962E+03 4.3431E-01
 5.6395E+02 9.3787E+03 4.4914E-01
 5.6455E+02 9.4632E+03 5.1005E-01
 5.6515E+02 9.2584E+03 4.4078E-01
 5.6575E+02 9.1886E+03 4.3144E-01
 5.6635E+02 9.0402E+03 3.8412E-01
 5.6695E+02 9.1336E+03 4.5198E-01
 5.6754E+02 9.1300E+03 4.7426E-01
 5.6814E+02 9.0383E+03 4.5274E-01
 5.6874E+02 8.8922E+03 4.0215E-01
 5.6934E+02 8.9504E+03 4.5644E-01
 5.6994E+02 8.8469E+03 4.2617E-01
 5.7054E+02 8.8129E+03 4.3230E-01