*********************  Core Excitation Data  ********************
****************  A.P. Hitchcock & D.C. Mancini  ****************
*
* Formula: C6H4O2
* Name: Benzoquinone, 1,4-
* Edge: O 1s
* Alpha Formula: C6H4O2
* Data Source: Hitchcock
* Filename:  qb-0ookk.os
* Ref. Code: FH92
* Write Date: 93/06/10
* Reference: J. Phys. Chem. 96 (92) 6598.
* Source and Purity: Aldrich
* Acquisition Mode: EELS, 2 deg., 2500 eV CRE, 0.7 eV fwhm
*--------------------------------------------------------------
* No. of Spectra: 2    name1- 0qbo    name2- 0qbo.os
*   E (eV)        Raw data             Osc. Str. per atom (E-2)
*--------------------------------------------------------------
  5.224235E+02	  1.652744E+04	 -1.441346E-02	
  5.225705E+02	  1.676628E+04	  3.547333E-03	
  5.227175E+02	  1.675512E+04	  4.440510E-03	
  5.228644E+02	  1.652620E+04	 -9.552266E-03	
  5.230114E+02	  1.667889E+04	  2.530680E-03	
  5.231584E+02	  1.648777E+04	 -8.897062E-03	
  5.233054E+02	  1.657320E+04	 -1.414697E-03	
  5.234523E+02	  1.638227E+04	 -1.284994E-02	
  5.235993E+02	  1.640996E+04	 -9.325426E-03	
  5.237463E+02	  1.646346E+04	 -4.033395E-03	
  5.238932E+02	  1.651272E+04	  9.680780E-04	
  5.240402E+02	  1.646863E+04	 -4.323975E-04	
  5.241872E+02	  1.641352E+04	 -2.593697E-03	
  5.243342E+02	  1.643690E+04	  6.260765E-04	
  5.244811E+02	  1.623626E+04	 -1.153786E-02	
  5.246281E+02	  1.619515E+04	 -1.275756E-02	
  5.247751E+02	  1.626117E+04	 -6.619117E-03	
  5.249221E+02	  1.625470E+04	 -5.464463E-03	
  5.250690E+02	  1.626766E+04	 -2.975594E-03	
  5.252160E+02	  1.623553E+04	 -3.591715E-03	
  5.253630E+02	  1.609247E+04	 -1.184921E-02	
  5.255099E+02	  1.631100E+04	  4.786945E-03	
  5.256569E+02	  1.598393E+04	 -1.616109E-02	
  5.258039E+02	  1.613338E+04	 -4.282627E-03	
  5.259509E+02	  1.609288E+04	 -5.497627E-03	
  5.260978E+02	  1.624776E+04	  6.761800E-03	
  5.262448E+02	  1.604256E+04	 -5.824937E-03	
  5.263918E+02	  1.628428E+04	  1.243396E-02	
  5.265388E+02	  1.593536E+04	 -1.009758E-02	
  5.266857E+02	  1.618531E+04	  8.735988E-03	
  5.268327E+02	  1.620401E+04	  1.159369E-02	
  5.269797E+02	  1.609914E+04	  5.902246E-03	
  5.271266E+02	  1.611099E+04	  8.278673E-03	
  5.272736E+02	  1.622165E+04	  1.749430E-02	
  5.274206E+02	  1.595401E+04	  5.130999E-04	
  5.275676E+02	  1.613593E+04	  1.466313E-02	
  5.277145E+02	  1.625999E+04	  2.481088E-02	
  5.278615E+02	  1.636655E+04	  3.374934E-02	
  5.280085E+02	  1.674440E+04	  6.151361E-02	
  5.281555E+02	  1.681116E+04	  6.770555E-02	
  5.283024E+02	  1.758153E+04	  1.227556E-01	
  5.284494E+02	  1.852028E+04	  1.895457E-01	
  5.285964E+02	  1.963909E+04	  2.689030E-01	
  5.287433E+02	  2.130224E+04	  3.861692E-01	
  5.288903E+02	  2.330053E+04	  5.268422E-01	
  5.290373E+02	  2.590361E+04	  7.097163E-01	
  5.291843E+02	  2.869989E+04	  9.061918E-01	
  5.293312E+02	  3.066255E+04	  1.044774E+00	
  5.294782E+02	  3.328470E+04	  1.229419E+00	
  5.296252E+02	  3.484534E+04	  1.340227E+00	
  5.297722E+02	  3.557106E+04	  1.392903E+00	
  5.299191E+02	  3.630916E+04	  1.446484E+00	
  5.300661E+02	  3.487098E+04	  1.348218E+00	
  5.302131E+02	  3.354136E+04	  1.257445E+00	
  5.303600E+02	  3.157554E+04	  1.122150E+00	
  5.305070E+02	  2.887440E+04	  9.353507E-01	
  5.306540E+02	  2.672015E+04	  7.866225E-01	
  5.308010E+02	  2.432490E+04	  6.209089E-01	
  5.309479E+02	  2.194235E+04	  4.559391E-01	
  5.310949E+02	  2.016284E+04	  3.330387E-01	
  5.312419E+02	  1.902372E+04	  2.548767E-01	
  5.313889E+02	  1.833009E+04	  2.078558E-01	
  5.315358E+02	  1.761326E+04	  1.591650E-01	
  5.316828E+02	  1.757379E+04	  1.579262E-01	
  5.318298E+02	  1.730025E+04	  1.402629E-01	
  5.319767E+02	  1.745382E+04	  1.525549E-01	
  5.321237E+02	  1.780231E+04	  1.785391E-01	
  5.322707E+02	  1.852513E+04	  2.308336E-01	
  5.324177E+02	  1.890204E+04	  2.588630E-01	
  5.325646E+02	  1.915440E+04	  2.781574E-01	
  5.327116E+02	  1.974789E+04	  3.214551E-01	
  5.328586E+02	  2.011327E+04	  3.487362E-01	
  5.330056E+02	  1.998128E+04	  3.410291E-01	
  5.331525E+02	  2.005242E+04	  3.476155E-01	
  5.332995E+02	  1.991209E+04	  3.393069E-01	
  5.334465E+02	  1.943603E+04	  3.073269E-01	
  5.335934E+02	  1.921614E+04	  2.933778E-01	
  5.337404E+02	  1.875462E+04	  2.623694E-01	
  5.338874E+02	  1.813224E+04	  2.199805E-01	
  5.340344E+02	  1.768120E+04	  1.896482E-01	
  5.341813E+02	  1.721555E+04	  1.582558E-01	
  5.343283E+02	  1.730738E+04	  1.662216E-01	
  5.344753E+02	  1.707539E+04	  1.513015E-01	
  5.346223E+02	  1.708479E+04	  1.534360E-01	
  5.347692E+02	  1.700477E+04	  1.492423E-01	
  5.349162E+02	  1.705338E+04	  1.541456E-01	
  5.350632E+02	  1.691094E+04	  1.455229E-01	
  5.352101E+02	  1.709038E+04	  1.596901E-01	
  5.353571E+02	  1.728990E+04	  1.752881E-01	
  5.355041E+02	  1.739529E+04	  1.842235E-01	
  5.356511E+02	  1.740675E+04	  1.865006E-01	
  5.357980E+02	  1.735094E+04	  1.840036E-01	
  5.359450E+02	  1.773303E+04	  2.125849E-01	
  5.360920E+02	  1.779703E+04	  2.185978E-01	
  5.362390E+02	  1.757872E+04	  2.045576E-01	
  5.363859E+02	  1.790879E+04	  2.294763E-01	
  5.365329E+02	  1.815702E+04	  2.485939E-01	
  5.366799E+02	  1.818816E+04	  2.522824E-01	
  5.368268E+02	  1.832638E+04	  2.635906E-01	
  5.369738E+02	  1.874297E+04	  2.947229E-01	
  5.371208E+02	  1.886160E+04	  3.046567E-01	
  5.372678E+02	  1.879599E+04	  3.014683E-01	
  5.374147E+02	  1.884967E+04	  3.067772E-01	
  5.375617E+02	  1.920417E+04	  3.335396E-01	
  5.377087E+02	  1.940221E+04	  3.491592E-01	
  5.378557E+02	  1.936153E+04	  3.477504E-01	
  5.380026E+02	  1.966203E+04	  3.706987E-01	
  5.381496E+02	  1.986501E+04	  3.866967E-01	
  5.382966E+02	  1.978190E+04	  3.822604E-01	
  5.384435E+02	  1.990590E+04	  3.926243E-01	
  5.385905E+02	  2.022231E+04	  4.167544E-01	
  5.387375E+02	  2.018271E+04	  4.154291E-01	
  5.388845E+02	  2.043594E+04	  4.350601E-01	
  5.390314E+02	  2.013457E+04	  4.149899E-01	
  5.391784E+02	  2.030718E+04	  4.288554E-01	
  5.393254E+02	  2.054264E+04	  4.472341E-01	
  5.394724E+02	  2.079298E+04	  4.666922E-01	
  5.396193E+02	  2.059458E+04	  4.539747E-01	
  5.397663E+02	  2.096231E+04	  4.818695E-01	
  5.399133E+02	  2.127650E+04	  5.059411E-01	
  5.400602E+02	  2.132806E+04	  5.111672E-01	
  5.402072E+02	  2.167661E+04	  5.377331E-01	
  5.403542E+02	  2.182767E+04	  5.501227E-01	
  5.405012E+02	  2.210299E+04	  5.714551E-01	
  5.406481E+02	  2.231505E+04	  5.882510E-01	
  5.407951E+02	  2.280944E+04	  6.253770E-01	
  5.409421E+02	  2.306107E+04	  6.450530E-01	
  5.410891E+02	  2.361010E+04	  6.861634E-01	
  5.412360E+02	  2.366704E+04	  6.918451E-01	
  5.413830E+02	  2.406838E+04	  7.223567E-01	
  5.415300E+02	  2.431894E+04	  7.420157E-01	
  5.416769E+02	  2.506251E+04	  7.972591E-01	
  5.418239E+02	  2.489071E+04	  7.864730E-01	
  5.419709E+02	  2.545362E+04	  8.287292E-01	
  5.421179E+02	  2.579191E+04	  8.547907E-01	
  5.422648E+02	  2.556944E+04	  8.403451E-01	
  5.424118E+02	  2.577840E+04	  8.570766E-01	
  5.425588E+02	  2.611443E+04	  8.830094E-01	
  5.427057E+02	  2.607324E+04	  8.816654E-01	
  5.428527E+02	  2.606045E+04	  8.823730E-01	
  5.429997E+02	  2.559429E+04	  8.502458E-01	
  5.431467E+02	  2.544667E+04	  8.411663E-01	
  5.432936E+02	  2.535775E+04	  8.363310E-01	
  5.434406E+02	  2.545223E+04	  8.447875E-01	
  5.435876E+02	  2.516008E+04	  8.252011E-01	
  5.437346E+02	  2.489085E+04	  8.072595E-01	
  5.438815E+02	  2.431131E+04	  7.667716E-01	
  5.440285E+02	  2.404762E+04	  7.491866E-01	
  5.441755E+02	  2.381693E+04	  7.339827E-01	
  5.443224E+02	  2.329917E+04	  6.978959E-01	
  5.444694E+02	  2.346737E+04	  7.116590E-01	
  5.446164E+02	  2.352515E+04	  7.173980E-01	
  5.447634E+02	  2.310893E+04	  6.886412E-01	
  5.449103E+02	  2.295710E+04	  6.791078E-01	
  5.450573E+02	  2.268147E+04	  6.605462E-01	
  5.452043E+02	  2.254256E+04	  6.519290E-01	
  5.453513E+02	  2.263673E+04	  6.602938E-01	
  5.454982E+02	  2.212309E+04	  6.243346E-01	
  5.456452E+02	  2.193344E+04	  6.119807E-01	
  5.457922E+02	  2.179020E+04	  6.030025E-01	
  5.459391E+02	  2.194956E+04	  6.161099E-01	
  5.460861E+02	  2.174749E+04	  6.028221E-01	
  5.462331E+02	  2.187989E+04	  6.139639E-01	
  5.463801E+02	  2.161838E+04	  5.963132E-01	
  5.465270E+02	  2.167740E+04	  6.020895E-01	
  5.466740E+02	  2.144621E+04	  5.866324E-01	
  5.468210E+02	  2.163086E+04	  6.015994E-01	
  5.469680E+02	  2.151097E+04	  5.942746E-01	
  5.471149E+02	  2.179667E+04	  6.166554E-01	
  5.472619E+02	  2.148294E+04	  5.951177E-01	
  5.474089E+02	  2.138864E+04	  5.896496E-01	
  5.475558E+02	  2.148347E+04	  5.980468E-01	
  5.477028E+02	  2.118288E+04	  5.774311E-01	
  5.478498E+02	  2.154421E+04	  6.053900E-01	
  5.479968E+02	  2.125965E+04	  5.859326E-01	
  5.481437E+02	  2.113067E+04	  5.778871E-01	
  5.482907E+02	  2.098107E+04	  5.683174E-01	
  5.484377E+02	  2.101143E+04	  5.719701E-01	
  5.485847E+02	  2.117637E+04	  5.855227E-01	
  5.487316E+02	  2.119584E+04	  5.883784E-01	
  5.488786E+02	  2.087361E+04	  5.660768E-01	
  5.490256E+02	  2.119654E+04	  5.912729E-01	
  5.491725E+02	  2.117586E+04	  5.911680E-01	
  5.493195E+02	  2.063804E+04	  5.529397E-01	
  5.494665E+02	  2.072817E+04	  5.609860E-01	
  5.496135E+02	  2.076450E+04	  5.650662E-01	
  5.497604E+02	  2.096696E+04	  5.814093E-01	
  5.499074E+02	  2.085706E+04	  5.746993E-01	
  5.500544E+02	  2.057337E+04	  5.551444E-01	
  5.502014E+02	  2.048514E+04	  5.500149E-01	
  5.503483E+02	  2.070990E+04	  5.680164E-01	
  5.504953E+02	  2.073946E+04	  5.715935E-01	
  5.506423E+02	  2.050800E+04	  5.558594E-01	
  5.507892E+02	  2.090453E+04	  5.865914E-01	
  5.509362E+02	  2.080870E+04	  5.808886E-01	
  5.510832E+02	  2.065722E+04	  5.710566E-01	
  5.512302E+02	  2.072733E+04	  5.776342E-01	
  5.513771E+02	  2.078935E+04	  5.836159E-01	
  5.515241E+02	  2.069379E+04	  5.779116E-01	
  5.516711E+02	  2.108669E+04	  6.084434E-01	
  5.518181E+02	  2.084484E+04	  5.918819E-01	
  5.519650E+02	  2.099170E+04	  6.041684E-01	
  5.521120E+02	  2.076447E+04	  5.886719E-01	
  5.522590E+02	  2.072680E+04	  5.872484E-01	
  5.524059E+02	  2.048252E+04	  5.704604E-01	
  5.525529E+02	  2.059081E+04	  5.798798E-01	
  5.526999E+02	  2.075307E+04	  5.933201E-01	
  5.528469E+02	  2.079353E+04	  5.977018E-01	
  5.529938E+02	  2.066957E+04	  5.898408E-01	
  5.531408E+02	  2.050768E+04	  5.791447E-01	
  5.532878E+02	  2.059175E+04	  5.867692E-01	
  5.534348E+02	  2.056279E+04	  5.859704E-01	
  5.535817E+02	  2.033515E+04	  5.703474E-01	
  5.537287E+02	  2.048254E+04	  5.826954E-01	
  5.538757E+02	  2.043442E+04	  5.804562E-01	
  5.540226E+02	  2.049169E+04	  5.860826E-01	
  5.541696E+02	  2.019338E+04	  5.651454E-01	
  5.543166E+02	  2.004782E+04	  5.556063E-01	
  5.544636E+02	  2.035566E+04	  5.799583E-01	
  5.546105E+02	  2.034774E+04	  5.807081E-01	
  5.547575E+02	  2.022906E+04	  5.731674E-01	
  5.549045E+02	  2.009213E+04	  5.642521E-01	
  5.550515E+02	  2.017463E+04	  5.717607E-01	
  5.551984E+02	  2.003216E+04	  5.624176E-01	
  5.553454E+02	  1.964702E+04	  5.348752E-01	
  5.554924E+02	  1.977367E+04	  5.456851E-01	
  5.556393E+02	  1.978896E+04	  5.481471E-01	
  5.557863E+02	  1.967228E+04	  5.407059E-01	
  5.559333E+02	  1.985170E+04	  5.554855E-01	
  5.560803E+02	  1.960097E+04	  5.379684E-01	
  5.562272E+02	  1.956572E+04	  5.366247E-01	
  5.563742E+02	  1.960174E+04	  5.406351E-01	
  5.565212E+02	  1.930944E+04	  5.199572E-01	
  5.566682E+02	  1.932819E+04	  5.226602E-01	
  5.568151E+02	  1.916005E+04	  5.112982E-01	
  5.569621E+02	  1.907078E+04	  5.058623E-01	
  5.571091E+02	  1.913663E+04	  5.121036E-01	
  5.572560E+02	  1.889726E+04	  4.953494E-01	
  5.574030E+02	  1.908914E+04	  5.110868E-01	
  5.575500E+02	  1.899553E+04	  5.053054E-01	
  5.576970E+02	  1.907608E+04	  5.126566E-01	
  5.578439E+02	  1.879938E+04	  4.930489E-01	
  5.579909E+02	  1.892643E+04	  5.039069E-01	
  5.581379E+02	  1.887155E+04	  5.010306E-01	
  5.582849E+02	  1.868217E+04	  4.879858E-01	
  5.585788E+02	  1.861164E+04	  4.851684E-01	
  5.587258E+02	  1.845798E+04	  4.747970E-01	
  5.588727E+02	  1.832520E+04	  4.659957E-01	
  5.590197E+02	  1.867609E+04	  4.938058E-01	
  5.591667E+02	  1.845997E+04	  4.786886E-01	
  5.593137E+02	  1.856278E+04	  4.877230E-01	
  5.594606E+02	  1.834591E+04	  4.725298E-01	
  5.596076E+02	  1.828163E+04	  4.688937E-01	
  5.599016E+02	  1.812150E+04	  4.592103E-01	
  5.600485E+02	  1.815747E+04	  4.631696E-01	
  5.601955E+02	  1.818627E+04	  4.665854E-01	
  5.603425E+02	  1.810471E+04	  4.616154E-01	
  5.604894E+02	  1.824555E+04	  4.735465E-01	
  5.606364E+02	  1.810742E+04	  4.642692E-01	
  5.607834E+02	  1.827931E+04	  4.785684E-01	
  5.609304E+02	  1.809664E+04	  4.658912E-01	
  5.610773E+02	  1.785904E+04	  4.490201E-01	
  5.612243E+02	  1.801400E+04	  4.620339E-01	
  5.613713E+02	  1.810570E+04	  4.702367E-01	
  5.615182E+02	  1.800282E+04	  4.636096E-01	
  5.616652E+02	  1.791062E+04	  4.577906E-01	
  5.618122E+02	  1.781129E+04	  4.514202E-01	
  5.619592E+02	  1.796795E+04	  4.645810E-01	
  5.621061E+02	  1.776206E+04	  4.500682E-01	
  5.622531E+02	  1.785613E+04	  4.584535E-01	
  5.624001E+02	  1.790436E+04	  4.633409E-01	
  5.625471E+02	  1.791498E+04	  4.653549E-01	
  5.626940E+02	  1.764956E+04	  4.462577E-01	
  5.628410E+02	  1.781661E+04	  4.602302E-01	
  5.629880E+02	  1.778501E+04	  4.590081E-01	
  5.631349E+02	  1.757961E+04	  4.444748E-01	
  5.632819E+02	  1.777685E+04	  4.607702E-01	
  5.634289E+02	  1.758906E+04	  4.475719E-01	
  5.635759E+02	  1.767898E+04	  4.556495E-01	
  5.637228E+02	  1.782007E+04	  4.676559E-01	
  5.638698E+02	  1.778080E+04	  4.658329E-01	
  5.640168E+02	  1.749429E+04	  4.450308E-01	
  5.641638E+02	  1.735539E+04	  4.355428E-01	
  5.643107E+02	  1.764889E+04	  4.592596E-01	
  5.644577E+02	  1.766757E+04	  4.618747E-01	
  5.646047E+02	  1.741138E+04	  4.433602E-01	
  5.647516E+02	  1.757496E+04	  4.571108E-01	
  5.648986E+02	  1.750768E+04	  4.531098E-01	
  5.650456E+02	  1.753161E+04	  4.561227E-01	
  5.651926E+02	  1.756557E+04	  4.599087E-01	
  5.653395E+02	  1.755834E+04	  4.605229E-01	
  5.654865E+02	  1.722498E+04	  4.360055E-01	
  5.656335E+02	  1.729447E+04	  4.425207E-01	
  5.657805E+02	  1.743473E+04	  4.544973E-01	
  5.659274E+02	  1.734832E+04	  4.489939E-01	
  5.660744E+02	  1.728120E+04	  4.449727E-01	
  5.662214E+02	  1.752599E+04	  4.650291E-01	
  5.663683E+02	  1.731052E+04	  4.495487E-01	
  5.665153E+02	  1.739307E+04	  4.570820E-01	
  5.666623E+02	  1.722943E+04	  4.455895E-01	
  5.668093E+02	  1.731547E+04	  4.533932E-01	
  5.669562E+02	  1.727451E+04	  4.513764E-01	
  5.671032E+02	  1.719881E+04	  4.466679E-01	
  5.672502E+02	  1.729617E+04	  4.553523E-01	
  5.673972E+02	  1.718048E+04	  4.475398E-01	
  5.675441E+02	  1.727544E+04	  4.560416E-01	
  5.676911E+02	  1.703948E+04	  4.388967E-01	
  5.678381E+02	  1.706493E+04	  4.420082E-01	
  5.679850E+02	  1.722844E+04	  4.558297E-01	
  5.681320E+02	  1.727564E+04	  4.606337E-01	
  5.682790E+02	  1.701534E+04	  4.415669E-01	
  5.684260E+02	  1.712760E+04	  4.514187E-01	
  5.685729E+02	  1.714277E+04	  4.537321E-01	
  5.687199E+02	  1.700266E+04	  4.439762E-01	
  5.688669E+02	  1.720335E+04	  4.607117E-01	
  5.690139E+02	  1.687085E+04	  4.359809E-01	
  5.691608E+02	  1.683006E+04	  4.339300E-01	
  5.693078E+02	  1.704774E+04	  4.519975E-01	
  5.694548E+02	  1.704773E+04	  4.531241E-01	
  5.696017E+02	  1.707263E+04	  4.561895E-01	
  5.697487E+02	  1.682325E+04	  4.378777E-01	
  5.698957E+02	  1.681085E+04	  4.380275E-01	
  5.700427E+02	  1.697698E+04	  4.521026E-01	
  5.701896E+02	  1.663429E+04	  4.264801E-01	
  5.703366E+02	  1.665720E+04	  4.293769E-01	
  5.704836E+02	  1.671552E+04	  4.350396E-01	
  5.706306E+02	  1.673200E+04	  4.374362E-01	
  5.707775E+02	  1.664459E+04	  4.317132E-01	
  5.709245E+02	  1.679431E+04	  4.445242E-01	
  5.710715E+02	  1.684349E+04	  4.494797E-01	
  5.712184E+02	  1.683461E+04	  4.498941E-01	
  5.713654E+02	  1.669938E+04	  4.404156E-01	
  5.715124E+02	  1.684071E+04	  4.525867E-01	
  5.716594E+02	  1.683038E+04	  4.528835E-01	
  5.718063E+02	  1.648945E+04	  4.272681E-01	
  5.719533E+02	  1.675339E+04	  4.490563E-01	
  5.721003E+02	  1.667945E+04	  4.443573E-01	
  5.722473E+02	  1.649486E+04	  4.309705E-01	
  5.723942E+02	  1.658556E+04	  4.391813E-01	
  5.725412E+02	  1.655313E+04	  4.377273E-01	
  5.726882E+02	  1.682986E+04	  4.605577E-01	
  5.728351E+02	  1.675729E+04	  4.559530E-01	
  5.729821E+02	  1.649499E+04	  4.364266E-01	
  5.731291E+02	  1.661719E+04	  4.471238E-01	
  5.732761E+02	  1.673941E+04	  4.578296E-01	
  5.734230E+02	  1.662910E+04	  4.502386E-01	
  5.735700E+02	  1.654365E+04	  4.445980E-01	
  5.737170E+02	  1.629319E+04	  4.259528E-01	
  5.738640E+02	  1.637684E+04	  4.336201E-01	
  5.740109E+02	  1.664693E+04	  4.559903E-01	
  5.741579E+02	  1.626653E+04	  4.270746E-01	
  5.743049E+02	  1.641347E+04	  4.397396E-01	
  5.744518E+02	  1.650138E+04	  4.477535E-01	
  5.745988E+02	  1.657929E+04	  4.549832E-01	
  5.747458E+02	  1.632064E+04	  4.356318E-01	
  5.748928E+02	  1.640927E+04	  4.437056E-01	
  5.750397E+02	  1.656966E+04	  4.574564E-01	
  5.751867E+02	  1.638932E+04	  4.442714E-01	
  5.753337E+02	  1.632568E+04	  4.403059E-01	
  5.754807E+02	  1.631886E+04	  4.408336E-01	
  5.756276E+02	  1.655288E+04	  4.604278E-01	
  5.757746E+02	  1.657238E+04	  4.630440E-01	
  5.759216E+02	  1.633693E+04	  4.454605E-01	
  5.760685E+02	  1.625026E+04	  4.396535E-01	
  5.762155E+02	  1.603880E+04	  4.239458E-01	
  5.763625E+02	  1.622373E+04	  4.396688E-01	
  5.765095E+02	  1.630230E+04	  4.469621E-01	
  5.766564E+02	  1.620027E+04	  4.399215E-01	
  5.768034E+02	  1.640502E+04	  4.572382E-01	
  5.769504E+02	  1.614428E+04	  4.375825E-01	
  5.770974E+02	  1.610020E+04	  4.351313E-01	
  5.772443E+02	  1.605771E+04	  4.328025E-01	
  5.773913E+02	  1.602398E+04	  4.311669E-01	
  5.775383E+02	  1.615318E+04	  4.424935E-01	
  5.776852E+02	  1.605436E+04	  4.356761E-01	
  5.778322E+02	  1.628766E+04	  4.552999E-01	
  5.779792E+02	  1.615286E+04	  4.456123E-01	
  5.781262E+02	  1.610755E+04	  4.430472E-01	
  5.782731E+02	  1.615664E+04	  4.480053E-01	
  5.784201E+02	  1.611426E+04	  4.456703E-01	
  5.785671E+02	  1.594920E+04	  4.335424E-01	
  5.787141E+02	  1.587163E+04	  4.283878E-01	
  5.788610E+02	  1.585033E+04	  4.277203E-01	
  5.790080E+02	  1.600003E+04	  4.407112E-01	
  5.791550E+02	  1.586270E+04	  4.307721E-01	
  5.793019E+02	  1.584843E+04	  4.306622E-01	
  5.794489E+02	  1.582606E+04	  4.299024E-01	
  5.795959E+02	  1.612209E+04	  4.546156E-01	
  5.797429E+02	  1.588621E+04	  4.367726E-01	
  5.798898E+02	  1.578545E+04	  4.297333E-01	
  5.800368E+02	  1.608803E+04	  4.549946E-01	
  5.801838E+02	  1.604056E+04	  4.522231E-01	
  5.803307E+02	  1.570940E+04	  4.267080E-01	
  5.804777E+02	  1.565975E+04	  4.237461E-01	
  5.806247E+02	  1.576720E+04	  4.333834E-01	
  5.807717E+02	  1.573244E+04	  4.316140E-01	
  5.809186E+02	  1.578354E+04	  4.367344E-01	
  5.810656E+02	  1.589997E+04	  4.471043E-01	
  5.812126E+02	  1.588697E+04	  4.470816E-01	
  5.813596E+02	  1.554259E+04	  4.204214E-01	
  5.815065E+02	  1.562711E+04	  4.282267E-01	
  5.816535E+02	  1.575814E+04	  4.397775E-01	
  5.818005E+02	  1.538904E+04	  4.110902E-01	
  5.819474E+02	  1.571927E+04	  4.386762E-01	
  5.820944E+02	  1.556122E+04	  4.269596E-01	
  5.822414E+02	  1.570704E+04	  4.397130E-01	
  5.823884E+02	  1.562511E+04	  4.341195E-01	
  5.825353E+02	  1.553514E+04	  4.278720E-01	
  5.826823E+02	  1.559080E+04	  4.333637E-01	
  5.828293E+02	  1.529119E+04	  4.101930E-01	
  5.829763E+02	  1.530387E+04	  4.122100E-01	
  5.831232E+02	  1.541785E+04	  4.224067E-01	
  5.832702E+02	  1.537762E+04	  4.201530E-01	
  5.834172E+02	  1.553462E+04	  4.338346E-01	
  5.835641E+02	  1.547173E+04	  4.297483E-01	
  5.837111E+02	  1.548039E+04	  4.314441E-01	
  5.838581E+02	  1.546704E+04	  4.313596E-01	
  5.840051E+02	  1.554584E+04	  4.387307E-01	
  5.841520E+02	  1.524779E+04	  4.155944E-01	
  5.842990E+02	  1.516517E+04	  4.098876E-01	
  5.844460E+02	  1.519425E+04	  4.132268E-01	
  5.845930E+02	  1.548135E+04	  4.374813E-01	
  5.847399E+02	  1.530977E+04	  4.245584E-01	
  5.848869E+02	  1.523321E+04	  4.193318E-01	
  5.850339E+02	  1.513184E+04	  4.120868E-01	
  5.851808E+02	  1.510455E+04	  4.108490E-01	
  5.853278E+02	  1.497989E+04	  4.017008E-01	
  5.854748E+02	  1.519360E+04	  4.200354E-01	
  5.856218E+02	  1.504031E+04	  4.085540E-01	
  5.857687E+02	  1.525815E+04	  4.272373E-01	
  5.859157E+02	  1.506839E+04	  4.127810E-01	
  5.860627E+02	  1.500789E+04	  4.088289E-01	
  5.862097E+02	  1.494204E+04	  4.044374E-01	
  5.863566E+02	  1.513289E+04	  4.209444E-01	
  5.865036E+02	  1.505615E+04	  4.156640E-01	
  5.866506E+02	  1.521999E+04	  4.299843E-01	
  5.867975E+02	  1.476001E+04	  3.934564E-01	
  5.869445E+02	  1.484804E+04	  4.015938E-01	
  5.870915E+02	  1.499685E+04	  4.146943E-01	
  5.872385E+02	  1.479218E+04	  3.989528E-01	
  5.873854E+02	  1.474281E+04	  3.958780E-01	
  5.875324E+02	  1.490582E+04	  4.101471E-01	
  5.876794E+02	  1.494437E+04	  4.142553E-01	
  5.878264E+02	  1.474902E+04	  3.992457E-01	
  5.879733E+02	  1.493112E+04	  4.150894E-01	
  5.881203E+02	  1.499684E+04	  4.214222E-01	
  5.882673E+02	  1.484605E+04	  4.100409E-01	
  5.884142E+02	  1.494776E+04	  4.193209E-01	
  5.885612E+02	  1.467474E+04	  3.979164E-01	
  5.887082E+02	  1.465445E+04	  3.972005E-01	
  5.888552E+02	  1.456834E+04	  3.910880E-01	
  5.890021E+02	  1.474369E+04	  4.064076E-01	
  5.891491E+02	  1.459424E+04	  3.950954E-01	
  5.892961E+02	  1.469581E+04	  4.043712E-01	
  5.894431E+02	  1.465421E+04	  4.018998E-01	
  5.895900E+02	  1.452323E+04	  3.920861E-01	
  5.897370E+02	  1.464815E+04	  4.032851E-01	
  5.898840E+02	  1.478434E+04	  4.154176E-01	
  5.900309E+02	  1.475967E+04	  4.143326E-01	
  5.901779E+02	  1.479799E+04	  4.184266E-01	
  5.903249E+02	  1.475354E+04	  4.157131E-01	
  5.904719E+02	  1.456740E+04	  4.013336E-01	
  5.906188E+02	  1.448036E+04	  3.951017E-01	
  5.907658E+02	  1.443450E+04	  3.922555E-01	
  5.909128E+02	  1.447714E+04	  3.966980E-01	
  5.910598E+02	  1.452102E+04	  4.012444E-01	
  5.912067E+02	  1.438853E+04	  3.912495E-01	
  5.913537E+02	  1.449163E+04	  4.006802E-01	
  5.915007E+02	  1.446992E+04	  3.998163E-01	
  5.916476E+02	  1.474968E+04	  4.238380E-01	
  5.917946E+02	  1.439947E+04	  3.958513E-01	
  5.919416E+02	  1.442818E+04	  3.991462E-01	
  5.920886E+02	  1.429481E+04	  3.890474E-01	
  5.922355E+02	  1.446035E+04	  4.036531E-01	
  5.923825E+02	  1.435277E+04	  3.956779E-01	
  5.925295E+02	  1.441519E+04	  4.017621E-01	
  5.926765E+02	  1.436534E+04	  3.985569E-01	
  5.928234E+02	  1.435065E+04	  3.982587E-01	
  5.929704E+02	  1.440042E+04	  4.032986E-01	
  5.931174E+02	  1.417989E+04	  3.859423E-01	
  5.932643E+02	  1.408993E+04	  3.793961E-01	