*********************  Core Excitation Data  ********************
****************  A.P. Hitchcock & D.C. Mancini  ****************
*
* Formula: C6H4O2
* Name: Benzoquinone, 1,4-
* Edge: C 1s
* Alpha Formula: C6H4O2
* Data Source: Hitchcock
* Filename:  qb-0cckk.os
* Ref. Code: FH92
* Write Date: 93/06/10
* Reference: J. Phys. Chem. 96 (92) 6598.
* Source and Purity: Aldrich
* Acquisition Mode: EELS, 2 deg., 2500 eV CRE, 0.7 eV fwhm
*--------------------------------------------------------------
* No. of Spectra: 2    name1- 0qbc    name2- 0qbc.os
*   E (eV)        Raw data             Osc. Str. per atom (E-2)
*--------------------------------------------------------------
  2.749177E+02	  7.603618E+03	  1.582195E-03	
  2.750694E+02	  7.617516E+03	  2.282436E-03	
  2.752210E+02	  7.541466E+03	  1.481778E-03	
  2.753727E+02	  7.501033E+03	  1.221519E-03	
  2.755244E+02	  7.465117E+03	  9.998291E-04	
  2.756761E+02	  7.546122E+03	  2.663041E-03	
  2.758277E+02	  7.496146E+03	  2.152128E-03	
  2.759794E+02	  7.386611E+03	  6.303696E-04	
  2.761311E+02	  7.432001E+03	  1.635620E-03	
  2.762827E+02	  7.436284E+03	  1.942004E-03	
  2.764344E+02	  7.283337E+03	 -3.816204E-04	
  2.765861E+02	  7.398780E+03	  1.729955E-03	
  2.767378E+02	  7.246744E+03	 -6.286862E-04	
  2.768894E+02	  7.194060E+03	 -1.354526E-03	
  2.770411E+02	  7.207687E+03	 -9.882016E-04	
  2.771928E+02	  7.178014E+03	 -1.362540E-03	
  2.773445E+02	  7.255212E+03	  4.781098E-05	
  2.774961E+02	  7.233236E+03	 -2.225581E-04	
  2.776478E+02	  7.296759E+03	  9.410728E-04	
  2.777995E+02	  7.251289E+03	  2.496360E-04	
  2.779511E+02	  7.254038E+03	  3.645995E-04	
  2.781028E+02	  7.255019E+03	  4.402051E-04	
  2.782545E+02	  7.214425E+03	 -2.036340E-04	
  2.784062E+02	  7.102141E+03	 -2.087599E-03	
  2.785578E+02	  7.127946E+03	 -1.616785E-03	
  2.787095E+02	  7.073194E+03	 -2.538230E-03	
  2.788612E+02	  7.166928E+03	 -9.082348E-04	
  2.790128E+02	  7.239459E+03	  3.562599E-04	
  2.791645E+02	  7.146974E+03	 -1.241350E-03	
  2.793162E+02	  7.177975E+03	 -7.055105E-04	
  2.794679E+02	  7.054626E+03	 -2.862592E-03	
  2.796195E+02	  7.052804E+03	 -2.912031E-03	
  2.797712E+02	  7.103851E+03	 -2.040562E-03	
  2.799229E+02	  7.159851E+03	 -1.082359E-03	
  2.800746E+02	  7.096428E+03	 -2.225333E-03	
  2.802262E+02	  7.017188E+03	 -3.656809E-03	
  2.803779E+02	  7.026679E+03	 -3.529839E-03	
  2.805296E+02	  7.018315E+03	 -3.722189E-03	
  2.806812E+02	  7.103002E+03	 -2.265318E-03	
  2.808329E+02	  7.157468E+03	 -1.342752E-03	
  2.809846E+02	  7.098161E+03	 -2.450005E-03	
  2.811363E+02	  7.236265E+03	 -3.204730E-05	
  2.812879E+02	  7.093734E+03	 -2.639836E-03	
  2.814396E+02	  7.199341E+03	 -8.000022E-04	
  2.815913E+02	  7.171351E+03	 -1.361983E-03	
  2.817430E+02	  7.285473E+03	  6.393485E-04	
  2.818946E+02	  7.385900E+03	  2.400275E-03	
  2.820463E+02	  7.498091E+03	  4.381444E-03	
  2.821980E+02	  7.838026E+03	  1.051574E-02	
  2.823496E+02	  8.612459E+03	  2.460559E-02	
  2.825013E+02	  9.896009E+03	  4.807307E-02	
  2.826530E+02	  1.179050E+04	  8.285246E-02	
  2.828047E+02	  1.488259E+04	  1.398060E-01	
  2.829563E+02	  1.965099E+04	  2.279115E-01	
  2.831080E+02	  2.681815E+04	  3.607326E-01	
  2.832597E+02	  3.607543E+04	  5.328766E-01	
  2.834113E+02	  4.586886E+04	  7.157905E-01	
  2.835630E+02	  5.430679E+04	  8.743651E-01	
  2.837147E+02	  5.835603E+04	  9.518736E-01	
  2.838664E+02	  5.618286E+04	  9.134609E-01	
  2.840180E+02	  4.915197E+04	  7.838586E-01	
  2.841697E+02	  3.990402E+04	  6.119986E-01	
  2.843214E+02	  3.062429E+04	  4.387122E-01	
  2.844731E+02	  2.338521E+04	  3.030951E-01	
  2.846247E+02	  1.909222E+04	  2.225446E-01	
  2.847764E+02	  1.768894E+04	  1.963891E-01	
  2.849281E+02	  1.879999E+04	  2.178867E-01	
  2.850797E+02	  2.243541E+04	  2.875699E-01	
  2.852314E+02	  2.855965E+04	  4.051045E-01	
  2.853831E+02	  3.666377E+04	  5.610901E-01	
  2.855348E+02	  4.500417E+04	  7.223490E-01	
  2.856864E+02	  5.317595E+04	  8.811294E-01	
  2.858381E+02	  5.864335E+04	  9.885299E-01	
  2.859898E+02	  6.109334E+04	  1.038133E+00	
  2.861414E+02	  5.987527E+04	  1.016921E+00	
  2.862931E+02	  5.560509E+04	  9.363476E-01	
  2.864448E+02	  4.933777E+04	  8.165196E-01	
  2.865965E+02	  4.240517E+04	  6.831390E-01	
  2.867481E+02	  3.505342E+04	  5.409238E-01	
  2.868998E+02	  2.894101E+04	  4.223191E-01	
  2.870515E+02	  2.459394E+04	  3.378294E-01	
  2.872032E+02	  2.252406E+04	  2.977790E-01	
  2.873548E+02	  2.250298E+04	  2.979777E-01	
  2.875065E+02	  2.462886E+04	  3.406543E-01	
  2.876582E+02	  2.820972E+04	  4.123870E-01	
  2.878098E+02	  3.253911E+04	  4.993371E-01	
  2.879615E+02	  3.652643E+04	  5.798798E-01	
  2.881132E+02	  3.862770E+04	  6.231286E-01	
  2.882649E+02	  3.903070E+04	  6.325780E-01	
  2.884165E+02	  3.794700E+04	  6.122327E-01	
  2.885682E+02	  3.657550E+04	  5.859980E-01	
  2.887199E+02	  3.551406E+04	  5.658872E-01	
  2.888716E+02	  3.490047E+04	  5.547290E-01	
  2.890232E+02	  3.495094E+04	  5.569675E-01	
  2.891749E+02	  3.561479E+04	  5.716680E-01	
  2.893266E+02	  3.679104E+04	  5.968639E-01	
  2.894782E+02	  3.856734E+04	  6.344165E-01	
  2.896299E+02	  4.131771E+04	  6.920612E-01	
  2.897816E+02	  4.425605E+04	  7.538271E-01	
  2.899333E+02	  4.672537E+04	  8.062420E-01	
  2.900849E+02	  4.843032E+04	  8.431575E-01	
  2.902366E+02	  4.882701E+04	  8.532351E-01	
  2.903883E+02	  4.841083E+04	  8.465359E-01	
  2.905399E+02	  4.777345E+04	  8.352119E-01	
  2.906916E+02	  4.732850E+04	  8.278297E-01	
  2.908433E+02	  4.671304E+04	  8.168551E-01	
  2.909950E+02	  4.571978E+04	  7.979333E-01	
  2.911466E+02	  4.514785E+04	  7.877380E-01	
  2.912983E+02	  4.456507E+04	  7.772622E-01	
  2.914500E+02	  4.422958E+04	  7.719339E-01	
  2.916017E+02	  4.397743E+04	  7.683330E-01	
  2.917533E+02	  4.380143E+04	  7.663195E-01	
  2.919050E+02	  4.394670E+04	  7.710975E-01	
  2.920567E+02	  4.482806E+04	  7.915200E-01	
  2.922083E+02	  4.589625E+04	  8.160090E-01	
  2.923600E+02	  4.715262E+04	  8.446221E-01	
  2.925117E+02	  4.917772E+04	  8.897986E-01	
  2.926634E+02	  5.150580E+04	  9.416739E-01	
  2.928150E+02	  5.431895E+04	  1.004204E+00	
  2.929667E+02	  5.660726E+04	  1.055721E+00	
  2.931184E+02	  5.831188E+04	  1.094876E+00	
  2.932701E+02	  5.903452E+04	  1.112966E+00	
  2.934217E+02	  5.950100E+04	  1.125581E+00	
  2.935734E+02	  5.991182E+04	  1.137038E+00	
  2.937251E+02	  5.991718E+04	  1.139709E+00	
  2.938767E+02	  5.972460E+04	  1.138065E+00	
  2.940284E+02	  5.994252E+04	  1.145389E+00	
  2.941801E+02	  5.963240E+04	  1.141159E+00	
  2.943318E+02	  5.968514E+04	  1.144878E+00	
  2.944834E+02	  6.015263E+04	  1.157748E+00	
  2.946351E+02	  6.048002E+04	  1.167576E+00	
  2.947868E+02	  6.104294E+04	  1.182657E+00	
  2.949384E+02	  6.171639E+04	  1.200253E+00	
  2.950901E+02	  6.276423E+04	  1.226250E+00	
  2.952418E+02	  6.421982E+04	  1.261450E+00	
  2.953935E+02	  6.529156E+04	  1.288229E+00	
  2.955451E+02	  6.634851E+04	  1.314793E+00	
  2.956968E+02	  6.695237E+04	  1.331301E+00	
  2.958485E+02	  6.796329E+04	  1.357036E+00	
  2.960002E+02	  6.861290E+04	  1.374735E+00	
  2.961518E+02	  6.863000E+04	  1.378209E+00	
  2.963035E+02	  6.817962E+04	  1.371101E+00	
  2.964552E+02	  6.814882E+04	  1.373479E+00	
  2.966068E+02	  6.783113E+04	  1.369331E+00	
  2.967585E+02	  6.689197E+04	  1.350977E+00	
  2.969102E+02	  6.605347E+04	  1.334832E+00	
  2.970619E+02	  6.530351E+04	  1.320634E+00	
  2.972135E+02	  6.440278E+04	  1.302900E+00	
  2.973652E+02	  6.333680E+04	  1.281270E+00	
  2.975169E+02	  6.237768E+04	  1.262000E+00	
  2.976685E+02	  6.165965E+04	  1.248210E+00	
  2.978202E+02	  6.084523E+04	  1.232114E+00	
  2.979719E+02	  5.990627E+04	  1.213043E+00	
  2.981236E+02	  5.891713E+04	  1.192708E+00	
  2.982752E+02	  5.846014E+04	  1.184695E+00	
  2.984269E+02	  5.774527E+04	  1.170604E+00	
  2.985786E+02	  5.670579E+04	  1.148830E+00	
  2.987303E+02	  5.589310E+04	  1.132279E+00	
  2.988819E+02	  5.558867E+04	  1.127619E+00	
  2.990336E+02	  5.521485E+04	  1.121293E+00	
  2.991853E+02	  5.510579E+04	  1.121197E+00	
  2.993369E+02	  5.466342E+04	  1.113188E+00	
  2.994886E+02	  5.429487E+04	  1.106890E+00	
  2.996403E+02	  5.426521E+04	  1.108632E+00	
  2.997920E+02	  5.375526E+04	  1.098905E+00	
  2.999436E+02	  5.387252E+04	  1.104141E+00	
  3.000953E+02	  5.330850E+04	  1.093050E+00	
  3.002470E+02	  5.354613E+04	  1.101178E+00	
  3.003987E+02	  5.327801E+04	  1.097148E+00	
  3.005503E+02	  5.340088E+04	  1.102538E+00	
  3.007020E+02	  5.360564E+04	  1.109928E+00	
  3.008537E+02	  5.356479E+04	  1.111386E+00	
  3.010053E+02	  5.342330E+04	  1.110396E+00	
  3.011570E+02	  5.370798E+04	  1.119785E+00	
  3.013087E+02	  5.379261E+04	  1.124321E+00	
  3.014604E+02	  5.404344E+04	  1.132942E+00	
  3.016120E+02	  5.408907E+04	  1.136560E+00	
  3.017637E+02	  5.367393E+04	  1.128852E+00	
  3.019154E+02	  5.395340E+04	  1.138229E+00	
  3.020670E+02	  5.372236E+04	  1.135025E+00	
  3.022187E+02	  5.371359E+04	  1.137306E+00	
  3.023704E+02	  5.387284E+04	  1.143763E+00	
  3.025221E+02	  5.396058E+04	  1.148462E+00	
  3.026737E+02	  5.407211E+04	  1.153770E+00	
  3.028254E+02	  5.356533E+04	  1.143641E+00	
  3.029771E+02	  5.335336E+04	  1.140844E+00	
  3.031288E+02	  5.312186E+04	  1.137539E+00	
  3.032804E+02	  5.297366E+04	  1.136307E+00	
  3.034321E+02	  5.262768E+04	  1.130076E+00	
  3.035838E+02	  5.250348E+04	  1.129416E+00	
  3.037354E+02	  5.222920E+04	  1.124944E+00	
  3.038871E+02	  5.209434E+04	  1.123985E+00	
  3.040388E+02	  5.205224E+04	  1.125377E+00	
  3.041905E+02	  5.168410E+04	  1.118452E+00	
  3.043421E+02	  5.143932E+04	  1.114643E+00	
  3.044938E+02	  5.094338E+04	  1.104376E+00	
  3.046455E+02	  5.073122E+04	  1.101343E+00	
  3.047971E+02	  5.075157E+04	  1.104274E+00	
  3.049488E+02	  5.036796E+04	  1.096792E+00	
  3.051005E+02	  5.008641E+04	  1.091909E+00	
  3.052522E+02	  4.963622E+04	  1.082628E+00	
  3.054038E+02	  4.937758E+04	  1.078273E+00	
  3.055555E+02	  4.933411E+04	  1.079493E+00	
  3.057072E+02	  4.931302E+04	  1.081297E+00	
  3.058589E+02	  4.856883E+04	  1.064196E+00	
  3.060105E+02	  4.809403E+04	  1.054072E+00	
  3.061622E+02	  4.766091E+04	  1.044991E+00	
  3.063139E+02	  4.740924E+04	  1.040640E+00	
  3.064655E+02	  4.726848E+04	  1.039189E+00	
  3.066172E+02	  4.708658E+04	  1.036638E+00	
  3.067689E+02	  4.654731E+04	  1.024600E+00	
  3.069206E+02	  4.639437E+04	  1.022762E+00	
  3.070722E+02	  4.606551E+04	  1.016228E+00	
  3.072239E+02	  4.520934E+04	  9.955909E-01	
  3.073756E+02	  4.513195E+04	  9.956788E-01	
  3.075273E+02	  4.502800E+04	  9.950504E-01	
  3.076789E+02	  4.472739E+04	  9.891310E-01	
  3.078306E+02	  4.402512E+04	  9.723687E-01	
  3.079823E+02	  4.396648E+04	  9.728889E-01	
  3.081339E+02	  4.344870E+04	  9.609926E-01	
  3.082856E+02	  4.301109E+04	  9.512098E-01	
  3.084373E+02	  4.294493E+04	  9.514663E-01	
  3.085890E+02	  4.225119E+04	  9.346366E-01	
  3.087406E+02	  4.198554E+04	  9.294047E-01	
  3.088923E+02	  4.174477E+04	  9.248247E-01	
  3.090440E+02	  4.141607E+04	  9.178100E-01	
  3.091956E+02	  4.116298E+04	  9.128349E-01	
  3.093473E+02	  4.080767E+04	  9.050199E-01	
  3.094990E+02	  4.041448E+04	  8.961198E-01	
  3.096507E+02	  4.052002E+04	  9.009628E-01	
  3.098023E+02	  4.031803E+04	  8.973023E-01	
  3.099540E+02	  3.969004E+04	  8.817903E-01	
  3.101057E+02	  3.938999E+04	  8.753319E-01	
  3.102574E+02	  3.902479E+04	  8.670224E-01	
  3.104090E+02	  3.854381E+04	  8.554350E-01	
  3.105607E+02	  3.818095E+04	  8.471011E-01	
  3.107124E+02	  3.812604E+04	  8.473720E-01	
  3.108640E+02	  3.785865E+04	  8.416605E-01	
  3.110157E+02	  3.782628E+04	  8.425470E-01	
  3.111674E+02	  3.733350E+04	  8.304198E-01	
  3.113191E+02	  3.704094E+04	  8.239054E-01	
  3.114707E+02	  3.684331E+04	  8.200535E-01	
  3.116224E+02	  3.648816E+04	  8.116978E-01	
  3.117741E+02	  3.630892E+04	  8.083173E-01	
  3.119258E+02	  3.602865E+04	  8.020301E-01	
  3.120774E+02	  3.585937E+04	  7.988899E-01	
  3.122291E+02	  3.561861E+04	  7.936796E-01	
  3.123808E+02	  3.552802E+04	  7.927625E-01	
  3.125324E+02	  3.533932E+04	  7.890080E-01	
  3.126841E+02	  3.507047E+04	  7.829171E-01	
  3.128358E+02	  3.465523E+04	  7.725557E-01	
  3.129875E+02	  3.458031E+04	  7.720215E-01	
  3.131391E+02	  3.445849E+04	  7.701166E-01	
  3.132908E+02	  3.406247E+04	  7.602062E-01	
  3.134425E+02	  3.425607E+04	  7.674744E-01	
  3.135941E+02	  3.403112E+04	  7.625151E-01	
  3.137458E+02	  3.365763E+04	  7.531710E-01	
  3.138975E+02	  3.375882E+04	  7.577422E-01	
  3.140492E+02	  3.380389E+04	  7.606749E-01	
  3.142008E+02	  3.343871E+04	  7.514992E-01	
  3.143525E+02	  3.327505E+04	  7.482439E-01	
  3.145042E+02	  3.327827E+04	  7.499222E-01	
  3.146559E+02	  3.336142E+04	  7.539797E-01	
  3.148075E+02	  3.313163E+04	  7.487264E-01	
  3.149592E+02	  3.299884E+04	  7.463434E-01	
  3.151109E+02	  3.306362E+04	  7.498581E-01	
  3.152625E+02	  3.261887E+04	  7.381022E-01	
  3.154142E+02	  3.240031E+04	  7.330899E-01	
  3.155659E+02	  3.232297E+04	  7.323058E-01	
  3.157176E+02	  3.262568E+04	  7.429888E-01	
  3.158692E+02	  3.236587E+04	  7.366947E-01	
  3.160209E+02	  3.208915E+04	  7.298567E-01	
  3.161726E+02	  3.216350E+04	  7.336530E-01	
  3.163242E+02	  3.214826E+04	  7.347337E-01	
  3.164759E+02	  3.219881E+04	  7.378240E-01	
  3.166276E+02	  3.215109E+04	  7.379175E-01	
  3.167793E+02	  3.194100E+04	  7.330303E-01	
  3.169309E+02	  3.177280E+04	  7.294048E-01	
  3.170826E+02	  3.158176E+04	  7.250566E-01	
  3.172343E+02	  3.136267E+04	  7.198204E-01	
  3.173860E+02	  3.156481E+04	  7.275829E-01	
  3.175376E+02	  3.160910E+04	  7.304840E-01	
  3.176893E+02	  3.132363E+04	  7.231523E-01	
  3.178410E+02	  3.136885E+04	  7.260780E-01	
  3.179926E+02	  3.125463E+04	  7.240389E-01	
  3.181443E+02	  3.111962E+04	  7.213374E-01	
  3.182960E+02	  3.122860E+04	  7.262646E-01	
  3.184477E+02	  3.140203E+04	  7.332322E-01	
  3.185993E+02	  3.131830E+04	  7.321355E-01	
  3.187510E+02	  3.105357E+04	  7.253231E-01	
  3.189027E+02	  3.119943E+04	  7.314517E-01	
  3.190544E+02	  3.107664E+04	  7.290962E-01	
  3.192060E+02	  3.108275E+04	  7.308170E-01	
  3.193577E+02	  3.088412E+04	  7.260296E-01	
  3.195094E+02	  3.064183E+04	  7.198262E-01	
  3.196610E+02	  3.087929E+04	  7.289172E-01	
  3.198127E+02	  3.105425E+04	  7.360430E-01	
  3.199644E+02	  3.079413E+04	  7.292377E-01	
  3.201161E+02	  3.080681E+04	  7.311705E-01	
  3.202677E+02	  3.090738E+04	  7.359394E-01	
  3.204194E+02	  3.073188E+04	  7.318107E-01	
  3.205711E+02	  3.068918E+04	  7.319584E-01	
  3.207227E+02	  3.059817E+04	  7.305360E-01	
  3.208744E+02	  3.051697E+04	  7.294225E-01	
  3.210261E+02	  3.046325E+04	  7.291955E-01	
  3.211778E+02	  3.035676E+04	  7.272418E-01	
  3.213294E+02	  3.067196E+04	  7.390689E-01	
  3.214811E+02	  3.038658E+04	  7.312561E-01	
  3.216328E+02	  3.037200E+04	  7.323024E-01	
  3.217845E+02	  3.021192E+04	  7.285590E-01	
  3.219361E+02	  3.048330E+04	  7.390306E-01	
  3.220878E+02	  3.050282E+04	  7.412165E-01	
  3.222395E+02	  3.029652E+04	  7.359256E-01	
  3.223911E+02	  3.012570E+04	  7.317865E-01	
  3.225428E+02	  2.999837E+04	  7.290731E-01	
  3.226945E+02	  3.017586E+04	  7.365092E-01	
  3.228462E+02	  2.999268E+04	  7.319202E-01	
  3.229978E+02	  2.989340E+04	  7.301182E-01	
  3.231495E+02	  2.982697E+04	  7.294071E-01	
  3.233012E+02	  2.986494E+04	  7.322001E-01	
  3.234529E+02	  2.979409E+04	  7.313344E-01	
  3.236045E+02	  2.977904E+04	  7.323453E-01	
  3.237562E+02	  2.969136E+04	  7.308989E-01	
  3.239079E+02	  2.985831E+04	  7.380800E-01	
  3.240595E+02	  2.979069E+04	  7.373143E-01	
  3.242112E+02	  2.977879E+04	  7.384397E-01	
  3.243629E+02	  2.973003E+04	  7.383078E-01	
  3.245146E+02	  2.967100E+04	  7.378204E-01	
  3.246662E+02	  2.982652E+04	  7.446828E-01	
  3.248179E+02	  2.949266E+04	  7.347569E-01	
  3.249696E+02	  2.935029E+04	  7.313781E-01	
  3.251212E+02	  2.942047E+04	  7.353153E-01	
  3.252729E+02	  2.939470E+04	  7.359477E-01	
  3.254246E+02	  2.943459E+04	  7.388544E-01	
  3.255763E+02	  2.944619E+04	  7.407872E-01	
  3.257279E+02	  2.943633E+04	  7.419785E-01	
  3.258796E+02	  2.942228E+04	  7.430246E-01	
  3.260313E+02	  2.930583E+04	  7.404929E-01	
  3.261830E+02	  2.945467E+04	  7.472374E-01	
  3.263346E+02	  2.925297E+04	  7.417043E-01	
  3.264863E+02	  2.929588E+04	  7.447475E-01	
  3.266380E+02	  2.912244E+04	  7.401739E-01	
  3.267896E+02	  2.935533E+04	  7.499298E-01	
  3.269413E+02	  2.933288E+04	  7.506849E-01	
  3.270930E+02	  2.920392E+04	  7.476617E-01	
  3.272447E+02	  2.929068E+04	  7.522901E-01	
  3.273963E+02	  2.917214E+04	  7.496215E-01	
  3.275480E+02	  2.913306E+04	  7.497742E-01	
  3.276997E+02	  2.917198E+04	  7.527139E-01	
  3.278513E+02	  2.910996E+04	  7.520438E-01	
  3.280030E+02	  2.878415E+04	  7.418916E-01	
  3.281547E+02	  2.873043E+04	  7.414872E-01	
  3.283064E+02	  2.868017E+04	  7.412028E-01	
  3.284580E+02	  2.868796E+04	  7.430112E-01	
  3.286097E+02	  2.854463E+04	  7.393499E-01	
  3.287614E+02	  2.852811E+04	  7.402726E-01	
  3.289131E+02	  2.859613E+04	  7.442713E-01	
  3.290647E+02	  2.826501E+04	  7.337320E-01	
  3.292164E+02	  2.827391E+04	  7.355663E-01	
  3.293681E+02	  2.836688E+04	  7.404833E-01	
  3.295197E+02	  2.831075E+04	  7.399468E-01	
  3.296714E+02	  2.830271E+04	  7.411725E-01	
  3.298231E+02	  2.815667E+04	  7.373158E-01	
  3.299748E+02	  2.835614E+04	  7.461948E-01	
  3.301264E+02	  2.806421E+04	  7.369279E-01	
  3.302781E+02	  2.797686E+04	  7.352026E-01	
  3.304298E+02	  2.800026E+04	  7.375812E-01	
  3.305815E+02	  2.805849E+04	  7.412632E-01	
  3.307331E+02	  2.779926E+04	  7.331129E-01	
  3.308848E+02	  2.773212E+04	  7.321065E-01	
  3.310365E+02	  2.756420E+04	  7.273167E-01	
  3.311881E+02	  2.739670E+04	  7.225192E-01	
  3.313398E+02	  2.757467E+04	  7.306948E-01	
  3.314915E+02	  2.749567E+04	  7.292133E-01	
  3.316432E+02	  2.746461E+04	  7.295338E-01	
  3.317948E+02	  2.739738E+04	  7.284824E-01	
  3.319465E+02	  2.705196E+04	  7.168698E-01	
  3.320982E+02	  2.705320E+04	  7.183831E-01	
  3.322498E+02	  2.726077E+04	  7.277597E-01	
  3.324015E+02	  2.703397E+04	  7.205902E-01	
  3.325532E+02	  2.695149E+04	  7.189076E-01	
  3.327049E+02	  2.667689E+04	  7.098508E-01	
  3.328565E+02	  2.657087E+04	  7.072279E-01	
  3.330082E+02	  2.673818E+04	  7.151120E-01	
  3.331599E+02	  2.668789E+04	  7.146326E-01	
  3.333116E+02	  2.669829E+04	  7.164929E-01	
  3.334632E+02	  2.665021E+04	  7.160932E-01	
  3.336149E+02	  2.643779E+04	  7.093092E-01	
  3.337666E+02	  2.646487E+04	  7.118086E-01	
  3.339182E+02	  2.619420E+04	  7.027100E-01	
  3.340699E+02	  2.616301E+04	  7.029235E-01	
  3.342216E+02	  2.626725E+04	  7.084358E-01	
  3.343733E+02	  2.617210E+04	  7.061468E-01	
  3.345249E+02	  2.599313E+04	  7.005509E-01	
  3.346766E+02	  2.589618E+04	  6.981587E-01	
  3.348283E+02	  2.607313E+04	  7.065628E-01	
  3.349799E+02	  2.581612E+04	  6.978367E-01	
  3.351316E+02	  2.570318E+04	  6.947803E-01	
  3.352833E+02	  2.588360E+04	  7.033576E-01	
  3.354350E+02	  2.574953E+04	  6.994525E-01	
  3.355866E+02	  2.555596E+04	  6.931550E-01	
  3.357383E+02	  2.543379E+04	  6.896815E-01	
  3.358900E+02	  2.533773E+04	  6.872358E-01	
  3.360417E+02	  2.549326E+04	  6.948716E-01	
  3.361933E+02	  2.544243E+04	  6.942385E-01	
  3.363450E+02	  2.528810E+04	  6.894289E-01	
  3.364967E+02	  2.522243E+04	  6.881766E-01	
  3.366483E+02	  2.492997E+04	  6.777401E-01	
  3.368000E+02	  2.489147E+04	  6.775536E-01	
  3.369517E+02	  2.507248E+04	  6.862797E-01	
  3.371034E+02	  2.512269E+04	  6.897144E-01	
  3.372550E+02	  2.473694E+04	  6.753768E-01	
  3.374067E+02	  2.471227E+04	  6.757356E-01	
  3.375584E+02	  2.451866E+04	  6.691734E-01	
  3.377101E+02	  2.457329E+04	  6.727696E-01	
  3.378617E+02	  2.473759E+04	  6.808884E-01	
  3.380134E+02	  2.426391E+04	  6.627440E-01	
  3.381651E+02	  2.429051E+04	  6.651825E-01	
  3.383167E+02	  2.441995E+04	  6.718835E-01	
  3.384684E+02	  2.429412E+04	  6.680232E-01	
  3.386201E+02	  2.431500E+04	  6.702412E-01	
  3.387718E+02	  2.416822E+04	  6.654833E-01	
  3.389234E+02	  2.410853E+04	  6.643361E-01	
  3.390751E+02	  2.385266E+04	  6.549802E-01	
  3.392268E+02	  2.388540E+04	  6.576729E-01	
  3.393784E+02	  2.372999E+04	  6.524759E-01	
  3.395301E+02	  2.361421E+04	  6.489212E-01	
  3.396818E+02	  2.375439E+04	  6.561381E-01	
  3.398335E+02	  2.373238E+04	  6.565310E-01	
  3.399851E+02	  2.385569E+04	  6.630734E-01	
  3.401368E+02	  2.359941E+04	  6.535404E-01	
  3.402885E+02	  2.352058E+04	  6.515067E-01	
  3.404402E+02	  2.378662E+04	  6.641477E-01	
  3.405918E+02	  2.340085E+04	  6.490234E-01	
  3.407435E+02	  2.348635E+04	  6.539854E-01	
  3.408952E+02	  2.347782E+04	  6.549360E-01	
  3.410468E+02	  2.349787E+04	  6.571144E-01	
  3.411985E+02	  2.326596E+04	  6.484587E-01	
  3.413502E+02	  2.313426E+04	  6.440852E-01	
  3.415019E+02	  2.310668E+04	  6.441883E-01	
  3.416535E+02	  2.329457E+04	  6.536154E-01	
  3.418052E+02	  2.295779E+04	  6.403214E-01	
  3.419569E+02	  2.301052E+04	  6.438994E-01	
  3.421086E+02	  2.313963E+04	  6.508148E-01	
  3.422602E+02	  2.317318E+04	  6.535856E-01	
  3.424119E+02	  2.285903E+04	  6.411607E-01	
  3.425636E+02	  2.264273E+04	  6.329696E-01	
  3.427152E+02	  2.283791E+04	  6.428084E-01	
  3.428669E+02	  2.316490E+04	  6.584828E-01	
  3.430186E+02	  2.294715E+04	  6.502038E-01	
  3.431703E+02	  2.283701E+04	  6.466428E-01	
  3.433219E+02	  2.283362E+04	  6.477880E-01	
  3.434736E+02	  2.249914E+04	  6.342518E-01	
  3.436253E+02	  2.262983E+04	  6.413296E-01	
  3.437769E+02	  2.249105E+04	  6.364335E-01	
  3.439286E+02	  2.232719E+04	  6.303962E-01	
  3.440803E+02	  2.207675E+04	  6.204596E-01	
  3.442320E+02	  2.224416E+04	  6.292015E-01	
  3.443836E+02	  2.235365E+04	  6.353750E-01	
  3.445353E+02	  2.219396E+04	  6.294621E-01	
  3.446870E+02	  2.228889E+04	  6.349996E-01	
  3.448387E+02	  2.201434E+04	  6.238685E-01	
  3.449903E+02	  2.200525E+04	  6.247036E-01	
  3.451420E+02	  2.209934E+04	  6.302179E-01	
  3.452937E+02	  2.221696E+04	  6.368214E-01	
  3.454453E+02	  2.219224E+04	  6.369677E-01	
  3.455970E+02	  2.206163E+04	  6.322805E-01	
  3.457487E+02	  2.194441E+04	  6.281836E-01	
  3.459004E+02	  2.197039E+04	  6.306269E-01	
  3.460520E+02	  2.227499E+04	  6.458656E-01	
  3.462037E+02	  2.189883E+04	  6.298540E-01	
  3.463554E+02	  2.179329E+04	  6.262459E-01	
  3.465070E+02	  2.189704E+04	  6.322855E-01	
  3.466587E+02	  2.189441E+04	  6.334238E-01	
  3.468104E+02	  2.200468E+04	  6.397983E-01	
  3.469621E+02	  2.178233E+04	  6.307436E-01	
  3.471137E+02	  2.164973E+04	  6.258272E-01	
  3.472654E+02	  2.156187E+04	  6.229752E-01	
  3.474171E+02	  2.160954E+04	  6.264430E-01	
  3.475688E+02	  2.175127E+04	  6.343269E-01	
  3.477204E+02	  2.174001E+04	  6.350607E-01	
  3.478721E+02	  2.188458E+04	  6.431205E-01	
  3.480238E+02	  2.159619E+04	  6.308137E-01	
  3.481754E+02	  2.152313E+04	  6.286193E-01	
  3.483271E+02	  2.147930E+04	  6.277955E-01	
  3.484788E+02	  2.167662E+04	  6.383945E-01	
  3.486305E+02	  2.176681E+04	  6.439462E-01	
  3.487821E+02	  2.148559E+04	  6.318436E-01	
  3.489338E+02	  2.134427E+04	  6.263606E-01	
  3.490855E+02	  2.139383E+04	  6.299714E-01	
  3.492372E+02	  2.153628E+04	  6.380410E-01	
  3.493888E+02	  2.128547E+04	  6.272773E-01	
  3.495405E+02	  2.115668E+04	  6.223316E-01	
  3.496922E+02	  2.149427E+04	  6.398230E-01	
  3.498438E+02	  2.125379E+04	  6.294883E-01	
  3.499955E+02	  2.102481E+04	  6.196656E-01	
  3.501472E+02	  2.099427E+04	  6.194140E-01	
  3.502989E+02	  2.129244E+04	  6.351148E-01	
  3.504505E+02	  2.099587E+04	  6.219485E-01	
  3.506022E+02	  2.104498E+04	  6.255739E-01	
  3.507539E+02	  2.098913E+04	  6.240852E-01	
  3.509055E+02	  2.101372E+04	  6.265237E-01	
  3.510572E+02	  2.097599E+04	  6.259140E-01	
  3.512089E+02	  2.079607E+04	  6.183144E-01	
  3.513606E+02	  2.079829E+04	  6.196470E-01	