energy	step1_	g1_	g2_	g3_
524.0402	0.006280682593340658	2.1037644611418305e-16	6.0311035584954634e-21	4.500281308149555e-37
524.1872	0.006367265218907065	1.3055672653023987e-15	4.2668906457198023e-20	6.540317488881338e-36
524.3342	0.006456263702084374	7.730454516693451e-15	2.88850985081013e-19	9.095060939094649e-35
524.4811	0.006547717244263194	4.362242520500459e-14	1.868694627771421e-18	1.2080971397480666e-33
524.6281	0.006641858481874121	2.351455347052112e-13	1.1582676662238614e-17	1.5382144753987014e-32
524.7751	0.006738740485927063	1.2093925927754316e-12	6.869531860407495e-17	1.8740429724507046e-31
524.9221	0.006838484448877725	5.934737457728166e-12	3.898458941888818e-16	2.184689944474484e-30
525.069	0.006941147864781016	2.7758130274711973e-11	2.1145260383409356e-15	2.4329973799945196e-29
525.216	0.0070470066377130765	1.2400681957662727e-10	1.0987202161905275e-14	2.5969295091738005e-28
525.363	0.007156136497933982	5.285725038323831e-10	5.4627183177979224e-14	2.6523222879811337e-27
525.5099	0.00726861329414615	2.1476310438471885e-09	2.596114400752475e-13	2.5880524452179473e-26
525.6569	0.007384753427833668	8.33373763822647e-09	1.1818266341067695e-12	2.4201788523695504e-25
525.8039	0.007504655401383635	3.085486237162948e-08	5.147914597716115e-12	2.165556225495367e-24
525.9509	0.0076285044908618194	1.0899612090716455e-07	2.1456382719634727e-11	1.85412529859812e-23
526.0978	0.007756409780790963	3.6707099451453924e-07	8.549232245588707e-11	1.516845845402661e-22
526.2448	0.007888756272668414	1.1804800432484986e-06	3.26257530278891e-10	1.1891025694444782e-21
526.3918	0.0080256838294077	3.6221870137743618e-06	1.1913560835434728e-09	8.919588153763308e-21
526.5388	0.008167433740587697	1.0604415302042864e-05	4.162653318600914e-09	6.402032874410259e-20
526.6857	0.008314162814190703	2.9601224395766007e-05	1.3905814747116378e-08	4.391125557942221e-19
526.8327	0.008466347880665616	7.88944923914335e-05	4.4487023655689036e-08	2.8857400619589024e-18
526.9797	0.008624188497446261	0.00020062605620293743	1.361814253981949e-07	1.814622014916285e-17
527.1266	0.008787891186300936	0.00048649310637766363	3.986015827229268e-07	1.0905336661029962e-16
527.2736	0.008958023211489769	0.0011262595670353678	1.1172022433572479e-06	6.278794939447997e-16
527.4206	0.009134846685757803	0.002487733957591961	2.99620961067175e-06	3.4590842123827317e-15
527.5676	0.009318762663460937	0.005242917383676562	7.688828954540183e-06	1.823448844884361e-14
527.7145	0.009510071867038394	0.010537711147520005	1.8868480686477563e-05	9.18759990729021e-14
527.8615	0.009709504017861742	0.020217922262815685	4.4333619968604344e-05	4.4344808029812115e-13
528.0085	0.009917440707964766	0.03701096371410928	9.967289442118548e-05	2.04800539790683e-12
528.1555	0.010134435113413246	0.06464395268608034	0.000214421613255993	9.050384454022823e-12
528.3024	0.010360931583344918	0.10769241106001824	0.0004411648269424896	3.8232360045114093e-11
528.4494	0.010597894316823824	0.17123942579404178	0.0008689616789894828	1.5469464995707563e-10
528.5964	0.0108458891424694	0.25979217403891985	0.0016377514125060358	5.989176255241001e-10
528.7433	0.011105519327510697	0.37596694885986154	0.002952400361426461	2.216797994631005e-09
528.8903	0.011377997713654622	0.5192698675890468	0.005094843678976401	7.858256047814727e-09
529.0373	0.011664096440836448	0.68429003348719	0.008412674591334048	2.665470278996019e-08
529.1843	0.011964855899991638	0.8603812673809735	0.013291834670795744	8.651056065259315e-08
529.3312	0.012281203419286447	1.0320446117432147	0.020089437953263924	2.6846256856185284e-07
529.4782	0.012614839469400363	1.1813276111781295	0.029062092612190518	7.977875945368475e-07
529.6252	0.012966963418163007	1.2901668467747585	0.0402284770519313	2.268498152603956e-06
529.7722	0.013339142524120825	1.3443892753858078	0.05328290738750505	6.172160265589549e-06
529.9191	0.013732848830257265	1.336646251759479	0.06751905553400454	1.605858953763882e-05
530.0661	0.014150572240167462	1.2679928337333692	0.0818820932942032	4.000501315196449e-05
530.2131	0.014594245729143468	1.1476798375527009	0.0950165217339765	9.53606166655039e-05
530.36	0.015066006743923038	0.9912395108633353	0.10549515613808438	0.00021738731600946603
530.507	0.01556928436496953	0.8167773958952907	0.11208589556996454	0.00047445725224856824
530.654	0.016106928002223575	0.642144037796004	0.11395070763286018	0.0009908492649930553
530.801	0.016682533960745816	0.48168690248980167	0.11084872448421472	0.0019800023562955927
530.9479	0.017299775305961915	0.34483124588277947	0.10318573924779373	0.0037843077352756297
531.0949	0.017964203352729753	0.23548331824193064	0.09190552263592618	0.00692393235881898
531.2419	0.01868084495032268	0.15343248583356342	0.0783269384346033	0.012121791255409485
531.3889	0.019455990734032685	0.09538457181237428	0.0638746167655871	0.0203061878127083
531.5358	0.020296366086167802	0.05659835763934027	0.049850885370589404	0.03253903924631396
531.6828	0.021211677522134015	0.032032128265529966	0.03722187851628479	0.04990850708619229
531.8298	0.02221145819397393	0.01729702445121679	0.026593243617093514	0.07324737168228035
531.9767	0.0233068635672401	0.008915865351714323	0.018184896227842657	0.10284029628633008
532.1237	0.024513600203226224	0.004382987763537175	0.01189575763819991	0.1381939534613163
532.2707	0.02584801905040144	0.0020557990168712454	0.0074459651805383175	0.17768975019927943
532.4177	0.02733073568862512	0.0009200145349244806	0.004459616442022566	0.2186166956066325
532.5646	0.028985652916088147	0.00039307073548782345	0.0025567755918168215	0.2573417132285299
532.7116	0.030845788469446397	0.0001601422398587783	0.001402094785643963	0.2898941104751757
532.8586	0.03294813492106795	6.225076953694862e-05	0.0007357152360866068	0.3124756714625054
533.0056	0.035340118067576885	2.3088046541034163e-05	0.0003693939168508515	0.322285406848617
533.1525	0.03807928472511705	8.176117664907854e-06	0.00017755807650026792	0.31807028056045844
533.2995	0.041244574643652256	2.7606461902606116e-06	8.162603035610334e-05	0.3003694632841138
533.4465	0.04492980743339022	8.893608469470779e-07	3.590579396209479e-05	0.2714163953877973
533.5934	0.04925330324561608	2.735926065770634e-07	1.5122032717984662e-05	0.23470020876267794
533.7404	0.05437462437897609	8.024034100851376e-08	6.090518784280314e-06	0.19417889767723395
533.8874	0.06048254376523918	2.2453539584958173e-08	2.347177935371921e-06	0.1537227694730932
534.0344	0.06780691345904802	5.994880069406198e-09	8.655364347990391e-07	0.1164453048668758
534.1813	0.07659627876645049	1.5285891444230182e-09	3.0562338522728303e-07	0.08442187010931813
534.3283	0.0870995580296437	3.715417392482848e-10	1.031891838929946e-07	0.058552710766930444
534.4753	0.09943647748061922	8.61644434671362e-11	3.333722044690597e-08	0.03885855591481176
534.6223	0.11347378540210284	1.9065675785849124e-11	1.0305574552711606e-08	0.02467595226226187
534.7692	0.12867612203993922	4.029455800114972e-12	3.050907396081355e-09	0.014999006599939142
534.9162	0.14417408713969068	8.116927466853313e-13	8.635353163967157e-10	0.008720833925038076
535.0632	0.1589658844329736	1.5600573814652987e-13	2.3387230458155303e-10	0.004851780551815447
535.2101	0.1722927612937912	2.864185703225139e-14	6.06639322642941e-11	0.002583953361251796
535.3571	0.18382877971106643	5.011540366056005e-15	1.5043105628145557e-11	0.0013162429540460807
535.5041	0.19356340149560386	8.366521505773651e-16	3.5693740777178926e-12	0.0006415567245876312
535.6511	0.20168593425629663	1.3326689201180129e-16	8.103903090581319e-13	0.00029921383941135715
535.798	0.20844523524526137	2.027994581438225e-17	1.7623882573046139e-13	0.00013360440797132055
535.945	0.2140975355652146	2.940798583821681e-18	3.663633484144888e-14	5.705262850877259e-05
536.092	0.21885146764788954	4.06880999440138e-19	7.287357276571132e-15	2.3311925267099668e-05
536.239	0.2228815879043328	5.371222923551217e-20	1.3869976269462635e-15	9.114403262285524e-06
536.3859	0.2263246564686849	6.77488018800659e-21	2.5289407721026294e-16	3.4121093320230976e-06
536.5329	0.22929474975227437	8.141952035678673e-22	4.40709659661897e-17	1.2214657440248072e-06
536.6799	0.23187541973068115	9.335962503530234e-23	7.34876051164237e-18	4.1839574405493835e-07
536.8268	0.23413313049137377	1.0229489189440388e-23	1.174010500112269e-18	1.3723879730200825e-07
