*********************  Core Excitation Data  ********************
****************  A.P. Hitchcock & D.C. Mancini  ****************
*
* Formula: C6H5CN
* Name: Benzonitrile
* Edge: C 1s
* Alpha Formula: C7H5N
* Data Source: Hitchcock
* Filename:  bq-0cckk.os
* Ref. Code: H92a
* Write Date: 93/06/10
* Reference: Hitchcock (unpublished)
* Source and Purity: Aldrich (99.9%)
* Acquisition Mode: EELS, 2 deg, 2500 eV CRE mode, 0.55 eV fwhm
*--------------------------------------------------------------
* No. of Spectra: 2    name1- 0bqc.     name2- 0bqc.os
*   E (eV)        Raw data             Osc. Str. per atom (E-2)
*--------------------------------------------------------------
  2.771999E+02   2.398350E+03   1.695479E-03 
  2.773273E+02   2.319462E+03  -1.781732E-03 
  2.774547E+02   2.427104E+03   3.332655E-03 
  2.775821E+02   2.329783E+03  -1.003520E-03 
  2.777095E+02   2.364435E+03   7.503848E-04 
  2.778369E+02   2.350427E+03   2.557447E-04 
  2.779643E+02   2.307665E+03  -1.573700E-03 
  2.780917E+02   2.331995E+03  -2.934625E-04 
  2.782191E+02   2.327572E+03  -3.468347E-04 
  2.783466E+02   2.393926E+03   2.894434E-03 
  2.784740E+02   2.371071E+03   1.985442E-03 
  2.786014E+02   2.308402E+03  -7.848432E-04 
  2.787288E+02   2.402773E+03   3.777851E-03 
  2.788562E+02   2.289971E+03  -1.344831E-03 
  2.789836E+02   2.318724E+03   1.533187E-04 
  2.791110E+02   2.360749E+03   2.278142E-03 
  2.792384E+02   2.323885E+03   7.007255E-04 
  2.793658E+02   2.335682E+03   1.408858E-03 
  2.794933E+02   2.334944E+03   1.527944E-03 
  2.796207E+02   2.266378E+03  -1.553878E-03 
  2.797481E+02   2.305453E+03   4.423027E-04 
  2.798755E+02   2.209608E+03  -3.940754E-03 
  2.800029E+02   2.278174E+03  -5.455691E-04 
  2.801303E+02   2.345266E+03   2.788580E-03 
  2.802577E+02   2.215506E+03  -3.221332E-03 
  2.803851E+02   2.239836E+03  -1.916790E-03 
  2.805125E+02   2.289233E+03   5.852373E-04 
  2.806400E+02   2.225828E+03  -2.287501E-03 
  2.807674E+02   2.277437E+03   3.258966E-04 
  2.808948E+02   2.251151E+03  -7.799437E-04 
  2.810222E+02   2.248133E+03  -7.745543E-04 
  2.811496E+02   2.236306E+03  -1.191979E-03 
  2.812770E+02   2.277768E+03   9.485924E-04 
  2.814044E+02   2.235927E+03  -9.116188E-04 
  2.815318E+02   2.187302E+03  -3.103823E-03 
  2.816592E+02   2.240598E+03  -3.872900E-04 
  2.817867E+02   2.266155E+03   9.968097E-04 
  2.820415E+02   2.269530E+03   1.463962E-03 
  2.821689E+02   2.224226E+03  -5.802488E-04 
  2.822963E+02   2.275888E+03   2.077324E-03 
  2.824237E+02   2.250727E+03   1.007136E-03 
  2.825511E+02   2.279486E+03   2.558526E-03 
  2.826785E+02   2.287590E+03   3.107001E-03 
  2.827285E+02   2.203370E+03  -9.399622E-04 
  2.827890E+02   2.265364E+03   2.155966E-03 
  2.828495E+02   2.255381E+03   1.740950E-03 
  2.829099E+02   2.076716E+03  -6.917133E-03 
  2.829704E+02   2.202715E+03  -6.897571E-04 
  2.830308E+02   2.257907E+03   2.081197E-03 
  2.830913E+02   2.249561E+03   1.744961E-03 
  2.831517E+02   2.411636E+03   9.756870E-03 
  2.832122E+02   2.416060E+03   1.005090E-02 
  2.832726E+02   2.453271E+03   1.195351E-02 
  2.833331E+02   2.157305E+03  -2.494495E-03 
  2.833936E+02   2.293247E+03   4.251424E-03 
  2.834540E+02   2.365137E+03   7.858044E-03 
  2.835145E+02   2.282957E+03   3.892688E-03 
  2.835749E+02   2.411396E+03   1.028613E-02 
  2.836354E+02   2.584108E+03   1.886761E-02 
  2.836958E+02   2.448606E+03   1.227438E-02 
  2.837563E+02   2.527038E+03   1.621977E-02 
  2.838167E+02   2.585504E+03   1.918518E-02 
  2.838772E+02   2.696262E+03   2.473560E-02 
  2.839377E+02   2.743917E+03   2.717603E-02 
  2.839981E+02   2.770444E+03   2.857521E-02 
  2.840586E+02   2.930167E+03   3.656363E-02 
  2.841190E+02   3.152538E+03   4.766258E-02 
  2.841795E+02   3.570794E+03   6.847586E-02 
  2.842399E+02   3.937822E+03   8.677698E-02 
  2.843004E+02   4.531302E+03   1.163296E-01 
  2.843608E+02   5.398678E+03   1.595089E-01 
  2.844213E+02   6.471841E+03   2.129595E-01 
  2.844818E+02   8.654050E+03   3.215728E-01 
  2.845422E+02   1.073556E+04   4.253181E-01 
  2.846027E+02   1.423044E+04   5.994968E-01 
  2.846631E+02   1.873235E+04   8.240188E-01 
  2.847236E+02   2.279877E+04   1.027136E+00 
  2.847840E+02   2.928873E+04   1.351289E+00 
  2.848445E+02   3.576816E+04   1.675326E+00 
  2.849049E+02   4.118186E+04   1.946595E+00 
  2.849654E+02   4.652564E+04   2.214716E+00 
  2.850258E+02   5.063407E+04   2.421454E+00 
  2.850863E+02   5.223909E+04   2.503299E+00 
  2.851468E+02   5.228878E+04   2.507440E+00 
  2.852072E+02   5.072317E+04   2.430727E+00 
  2.852677E+02   4.786060E+04   2.288954E+00 
  2.853281E+02   4.490004E+04   2.142088E+00 
  2.853886E+02   4.133733E+04   1.964838E+00 
  2.854490E+02   3.777054E+04   1.787155E+00 
  2.855095E+02   3.515095E+04   1.656812E+00 
  2.855699E+02   3.261155E+04   1.530332E+00 
  2.856304E+02   2.975214E+04   1.387602E+00 
  2.856909E+02   2.817206E+04   1.309054E+00 
  2.857513E+02   2.642469E+04   1.221985E+00 
  2.858118E+02   2.511377E+04   1.156790E+00 
  2.858722E+02   2.376523E+04   1.089616E+00 
  2.859327E+02   2.290286E+04   1.046879E+00 
  2.859931E+02   2.230555E+04   1.017464E+00 
  2.860536E+02   2.187852E+04   9.966108E-01 
  2.861140E+02   2.086593E+04   9.461403E-01 
  2.861745E+02   2.039537E+04   9.230137E-01 
  2.862350E+02   1.956058E+04   8.814276E-01 
  2.862954E+02   1.910699E+04   8.590894E-01 
  2.863559E+02   1.814325E+04   8.108771E-01 
  2.864163E+02   1.726471E+04   7.669224E-01 
  2.864768E+02   1.791155E+04   8.002877E-01 
  2.865372E+02   1.793096E+04   8.018470E-01 
  2.865977E+02   1.833628E+04   8.230089E-01 
  2.866581E+02   1.893323E+04   8.539352E-01 
  2.867186E+02   1.925188E+04   8.707477E-01 
  2.867791E+02   1.842644E+04   8.293636E-01 
  2.868395E+02   1.762143E+04   7.889671E-01 
  2.869000E+02   1.684527E+04   7.499892E-01 
  2.869604E+02   1.544354E+04   6.790690E-01 
  2.870209E+02   1.412490E+04   6.122982E-01 
  2.870813E+02   1.305902E+04   5.583446E-01 
  2.871418E+02   1.177949E+04   4.934104E-01 
  2.872022E+02   1.088999E+04   4.483283E-01 
  2.872627E+02   1.023471E+04   4.151682E-01 
  2.873232E+02   1.064031E+04   4.362556E-01 
  2.873836E+02   1.054845E+04   4.318956E-01 
  2.874441E+02   1.079659E+04   4.449515E-01 
  2.875045E+02   1.112036E+04   4.619014E-01 
  2.875650E+02   1.164821E+04   4.893416E-01 
  2.876254E+02   1.200259E+04   5.079113E-01 
  2.876859E+02   1.192152E+04   5.041358E-01 
  2.877463E+02   1.134933E+04   4.751120E-01 
  2.878068E+02   1.113480E+04   4.644462E-01 
  2.878672E+02   1.097034E+04   4.563441E-01 
  2.879277E+02   1.058794E+04   4.370079E-01 
  2.879882E+02   1.069795E+04   4.430203E-01 
  2.880486E+02   1.106641E+04   4.623671E-01 
  2.881091E+02   1.185275E+04   5.032967E-01 
  2.881695E+02   1.252494E+04   5.383852E-01 
  2.882300E+02   1.409121E+04   6.197042E-01 
  2.882904E+02   1.541580E+04   6.886322E-01 
  2.883509E+02   1.710677E+04   7.765964E-01 
  2.884113E+02   1.841873E+04   8.450550E-01 
  2.884718E+02   1.958118E+04   9.058555E-01 
  2.885323E+02   2.033248E+04   9.454263E-01 
  2.885927E+02   2.094969E+04   9.780927E-01 
  2.886532E+02   2.065751E+04   9.636152E-01 
  2.887136E+02   2.038749E+04   9.502697E-01 
  2.887741E+02   1.960120E+04   9.100857E-01 
  2.888345E+02   1.859117E+04   8.582203E-01 
  2.888950E+02   1.853127E+04   8.557115E-01 
  2.889554E+02   1.752244E+04   8.038084E-01 
  2.890159E+02   1.648456E+04   7.503273E-01 
  2.890764E+02   1.604559E+04   7.279896E-01 
  2.891368E+02   1.624297E+04   7.388076E-01 
  2.891973E+02   1.553991E+04   7.026542E-01 
  2.892577E+02   1.540297E+04   6.960135E-01 
  2.893182E+02   1.517821E+04   6.847751E-01 
  2.893786E+02   1.505539E+04   6.788523E-01 
  2.894391E+02   1.474018E+04   6.628577E-01 
  2.894995E+02   1.453863E+04   6.527913E-01 
  2.895600E+02   1.466048E+04   6.596507E-01 
  2.896205E+02   1.477212E+04   6.659831E-01 
  2.896809E+02   1.458179E+04   6.564869E-01 
  2.897414E+02   1.413219E+04   6.333747E-01 
  2.898018E+02   1.457233E+04   6.569494E-01 
  2.898623E+02   1.498514E+04   6.791174E-01 
  2.899227E+02   1.549545E+04   7.064384E-01 
  2.899832E+02   1.560063E+04   7.124814E-01 
  2.900436E+02   1.661182E+04   7.662218E-01 
  2.901041E+02   1.674031E+04   7.735366E-01 
  2.901646E+02   1.696596E+04   7.859808E-01 
  2.902250E+02   1.740299E+04   8.095871E-01 
  2.902855E+02   1.764159E+04   8.227519E-01 
  2.903459E+02   1.755392E+04   8.187050E-01 
  2.904064E+02   1.828614E+04   8.579708E-01 
  2.904668E+02   1.814630E+04   8.511818E-01 
  2.905273E+02   1.797128E+04   8.425226E-01 
  2.905877E+02   1.798390E+04   8.437849E-01 
  2.906482E+02   1.793985E+04   8.420460E-01 
  2.907086E+02   1.819880E+04   8.563636E-01 
  2.907691E+02   1.809950E+04   8.516999E-01 
  2.908296E+02   1.738395E+04   8.143284E-01 
  2.908900E+02   1.702434E+04   7.958094E-01 
  2.909505E+02   1.690100E+04   7.898207E-01 
  2.910109E+02   1.687085E+04   7.887781E-01 
  2.910714E+02   1.640823E+04   7.647276E-01 
  2.911318E+02   1.657762E+04   7.742888E-01 
  2.911923E+02   1.620977E+04   7.552463E-01 
  2.912527E+02   1.620911E+04   7.557495E-01 
  2.913132E+02   1.615085E+04   7.531818E-01 
  2.913737E+02   1.635633E+04   7.646837E-01 
  2.914341E+02   1.618828E+04   7.562545E-01 
  2.914946E+02   1.609660E+04   7.518946E-01 
  2.915550E+02   1.635476E+04   7.662328E-01 
  2.916155E+02   1.656479E+04   7.780135E-01 
  2.916759E+02   1.672111E+04   7.869332E-01 
  2.917364E+02   1.700311E+04   8.025950E-01 
  2.917968E+02   1.738642E+04   8.237059E-01 
  2.918573E+02   1.780770E+04   8.468790E-01 
  2.919178E+02   1.814993E+04   8.658381E-01 
  2.919782E+02   1.857479E+04   8.892575E-01 
  2.920387E+02   1.876788E+04   9.002519E-01 
  2.920991E+02   1.918148E+04   9.231156E-01 
  2.921596E+02   1.946657E+04   9.390933E-01 
  2.922200E+02   1.984466E+04   9.600969E-01 
  2.922805E+02   2.011822E+04   9.754955E-01 
  2.923409E+02   2.046794E+04   9.950167E-01 
  2.924014E+02   2.072888E+04   1.009775E+00 
  2.924619E+02   2.121672E+04   1.036794E+00 
  2.925223E+02   2.137520E+04   1.046063E+00 
  2.925828E+02   2.161511E+04   1.059741E+00 
  2.926432E+02   2.209872E+04   1.086611E+00 
  2.927037E+02   2.236849E+04   1.101946E+00 
  2.927641E+02   2.260792E+04   1.115658E+00 
  2.928246E+02   2.318386E+04   1.147611E+00 
  2.928850E+02   2.319113E+04   1.148784E+00 
  2.929455E+02   2.370116E+04   1.177223E+00 
  2.930060E+02   2.399584E+04   1.194011E+00 
  2.930664E+02   2.422032E+04   1.207007E+00 
  2.931269E+02   2.466893E+04   1.232195E+00 
  2.931873E+02   2.506313E+04   1.254456E+00 
  2.932478E+02   2.515910E+04   1.260521E+00 
  2.933082E+02   2.544254E+04   1.276796E+00 
  2.933687E+02   2.549624E+04   1.280578E+00 
  2.934291E+02   2.566360E+04   1.290560E+00 
  2.934896E+02   2.535737E+04   1.274726E+00 
  2.935500E+02   2.544259E+04   1.280232E+00 
  2.936105E+02   2.551920E+04   1.285273E+00 
  2.936710E+02   2.567599E+04   1.294702E+00 
  2.937314E+02   2.514164E+04   1.266357E+00 
  2.937919E+02   2.501666E+04   1.260371E+00 
  2.938523E+02   2.484112E+04   1.251609E+00 
  2.939128E+02   2.480342E+04   1.250384E+00 
  2.939732E+02   2.446055E+04   1.232434E+00 
  2.940337E+02   2.434313E+04   1.226823E+00 
  2.940941E+02   2.397738E+04   1.207579E+00 
  2.941546E+02   2.379857E+04   1.198575E+00 
  2.942151E+02   2.361495E+04   1.189294E+00 
  2.942755E+02   2.330132E+04   1.172854E+00 
  2.943360E+02   2.309714E+04   1.162414E+00 
  2.943964E+02   2.292191E+04   1.153554E+00 
  2.944569E+02   2.251550E+04   1.131950E+00 
  2.945173E+02   2.223198E+04   1.117092E+00 
  2.945778E+02   2.220397E+04   1.116303E+00 
  2.946382E+02   2.189808E+04   1.100181E+00 
  2.946987E+02   2.175051E+04   1.092779E+00 
  2.947592E+02   2.181724E+04   1.097206E+00 
  2.948196E+02   2.158655E+04   1.085198E+00 
  2.948801E+02   2.151318E+04   1.081875E+00 
  2.949405E+02   2.145484E+04   1.079380E+00 
  2.950010E+02   2.123323E+04   1.067839E+00 
  2.950614E+02   2.111276E+04   1.061888E+00 
  2.951219E+02   2.103878E+04   1.058507E+00 
  2.951823E+02   2.093918E+04   1.053699E+00 
  2.952428E+02   2.106586E+04   1.061448E+00 
  2.953033E+02   2.086885E+04   1.051224E+00 
  2.953637E+02   2.088086E+04   1.052606E+00 
  2.954242E+02   2.116237E+04   1.068978E+00 
  2.954846E+02   2.092409E+04   1.056441E+00 
  2.955451E+02   2.075084E+04   1.047510E+00 
  2.956055E+02   2.079355E+04   1.050601E+00 
  2.956660E+02   2.085062E+04   1.054496E+00 
  2.957264E+02   2.076152E+04   1.050240E+00 
  2.958018E+02   2.076400E+04   1.051267E+00 
  2.959293E+02   2.080000E+04   1.054782E+00 
  2.960567E+02   2.099800E+04   1.067372E+00 
  2.961841E+02   2.092900E+04   1.065027E+00 
  2.963115E+02   2.094900E+04   1.067668E+00 
  2.964389E+02   2.106900E+04   1.075933E+00 
  2.965663E+02   2.098400E+04   1.072682E+00 
  2.966937E+02   2.105000E+04   1.077928E+00 
  2.968211E+02   2.106900E+04   1.080533E+00 
  2.969485E+02   2.098900E+04   1.077550E+00 
  2.970760E+02   2.129200E+04   1.096218E+00 
  2.972034E+02   2.128900E+04   1.097603E+00 
  2.973308E+02   2.172000E+04   1.123599E+00 
  2.974582E+02   2.128300E+04   1.100376E+00 
  2.975856E+02   2.149400E+04   1.113930E+00 
  2.977130E+02   2.157300E+04   1.120003E+00 
  2.978404E+02   2.146100E+04   1.115202E+00 
  2.979678E+02   2.163400E+04   1.126651E+00 
  2.980952E+02   2.184000E+04   1.140012E+00 
  2.982227E+02   2.129000E+04   1.110150E+00 
  2.983501E+02   2.151500E+04   1.124608E+00 
  2.984775E+02   2.156600E+04   1.129119E+00 
  2.986049E+02   2.137400E+04   1.119682E+00 
  2.987323E+02   2.128600E+04   1.116199E+00 
  2.988597E+02   2.098000E+04   1.100151E+00 
  2.989871E+02   2.127100E+04   1.118482E+00 
  2.991145E+02   2.132500E+04   1.123174E+00 
  2.992419E+02   2.110500E+04   1.112037E+00 
  2.993694E+02   2.103200E+04   1.109377E+00 
  2.994968E+02   2.113500E+04   1.116908E+00 
  2.996242E+02   2.079600E+04   1.098807E+00 
  2.997516E+02   2.087300E+04   1.104827E+00 
  2.998790E+02   2.099400E+04   1.113420E+00 
  3.000064E+02   2.054800E+04   1.089005E+00 
  3.001338E+02   2.061300E+04   1.094329E+00 
  3.002612E+02   2.038500E+04   1.082552E+00 
  3.003886E+02   2.038400E+04   1.084016E+00 
  3.005161E+02   2.068300E+04   1.103047E+00 
  3.006435E+02   2.049400E+04   1.093515E+00 
  3.007709E+02   2.030000E+04   1.083663E+00 
  3.008983E+02   2.055800E+04   1.100349E+00 
  3.010257E+02   2.048700E+04   1.097713E+00 
  3.011531E+02   2.025100E+04   1.085346E+00 
  3.012805E+02   2.044600E+04   1.098374E+00 
  3.014079E+02   2.023500E+04   1.087448E+00 
  3.015353E+02   2.051200E+04   1.105356E+00 
  3.016628E+02   2.016500E+04   1.086352E+00 
  3.017902E+02   2.026200E+04   1.093626E+00 
  3.019176E+02   2.009200E+04   1.085062E+00 
  3.020450E+02   2.042100E+04   1.106140E+00 
  3.021724E+02   2.042600E+04   1.107983E+00 
  3.022998E+02   2.054600E+04   1.116683E+00 
  3.024272E+02   2.039700E+04   1.109348E+00 
  3.025546E+02   2.037100E+04   1.109341E+00 
  3.026820E+02   2.038500E+04   1.111726E+00 
  3.028094E+02   2.015900E+04   1.099737E+00 
  3.029369E+02   2.024000E+04   1.106129E+00 
  3.030643E+02   2.009400E+04   1.098902E+00 
  3.031917E+02   2.059100E+04   1.130319E+00 
  3.033191E+02   2.024000E+04   1.110756E+00 
  3.034465E+02   2.014100E+04   1.106333E+00 
  3.035739E+02   2.030600E+04   1.117832E+00 
  3.037013E+02   1.980500E+04   1.089106E+00 
  3.038287E+02   2.007800E+04   1.107142E+00 
  3.039561E+02   2.004800E+04   1.106863E+00 
  3.040836E+02   1.974200E+04   1.089836E+00 
  3.042110E+02   1.967500E+04   1.087282E+00 
  3.043384E+02   1.985100E+04   1.099498E+00 
  3.044658E+02   1.968200E+04   1.090733E+00 
  3.045932E+02   1.966400E+04   1.091150E+00 
  3.047206E+02   1.944700E+04   1.079416E+00 
  3.048480E+02   1.928400E+04   1.070952E+00 
  3.049754E+02   1.894800E+04   1.051875E+00 
  3.051028E+02   1.900500E+04   1.056832E+00 
  3.052303E+02   1.900000E+04   1.057994E+00 
  3.053577E+02   1.906900E+04   1.063704E+00 
  3.054851E+02   1.871600E+04   1.043466E+00 
  3.056125E+02   1.850600E+04   1.031982E+00 
  3.057399E+02   1.858200E+04   1.038105E+00 
  3.058673E+02   1.832900E+04   1.023926E+00 
  3.059947E+02   1.846000E+04   1.033450E+00 
  3.061221E+02   1.793900E+04   1.002635E+00 
  3.062495E+02   1.808400E+04   1.013019E+00 
  3.063770E+02   1.779400E+04   9.964314E-01 
  3.065044E+02   1.756900E+04   9.838388E-01 
  3.066318E+02   1.749200E+04   9.804205E-01 
  3.067592E+02   1.762600E+04   9.901344E-01 
  3.068866E+02   1.745300E+04   9.807231E-01 
  3.070140E+02   1.780900E+04   1.004321E+00 
  3.071414E+02   1.728800E+04   9.731401E-01 
  3.072688E+02   1.735200E+04   9.785027E-01 
  3.073962E+02   1.702100E+04   9.591168E-01 
  3.075237E+02   1.711000E+04   9.660398E-01 
  3.076511E+02   1.705900E+04   9.641806E-01 
  3.077785E+02   1.692000E+04   9.567774E-01 
  3.079059E+02   1.652500E+04   9.332263E-01 
  3.080333E+02   1.677600E+04   9.503615E-01 
  3.081607E+02   1.653600E+04   9.365283E-01 
  3.082881E+02   1.649200E+04   9.350520E-01 
  3.084155E+02   1.645700E+04   9.341401E-01 
  3.085429E+02   1.644200E+04   9.344914E-01 
  3.086703E+02   1.633100E+04   9.287480E-01 
  3.087978E+02   1.626400E+04   9.257851E-01 
  3.089252E+02   1.610700E+04   9.170855E-01 
  3.090526E+02   1.593000E+04   9.070880E-01 
  3.091800E+02   1.604900E+04   9.159452E-01 
  3.093074E+02   1.607300E+04   9.187546E-01 
  3.094348E+02   1.606100E+04   9.192671E-01 
  3.095622E+02   1.598400E+04   9.156168E-01 
  3.096896E+02   1.563300E+04   8.943904E-01 
  3.098170E+02   1.575600E+04   9.035336E-01 
  3.099445E+02   1.589900E+04   9.139824E-01 
  3.100719E+02   1.532700E+04   8.784479E-01 
  3.101993E+02   1.563200E+04   8.993248E-01 
  3.103267E+02   1.544000E+04   8.881920E-01 
  3.104541E+02   1.526700E+04   8.782566E-01 
  3.105815E+02   1.546100E+04   8.920273E-01 
  3.107089E+02   1.523200E+04   8.784422E-01 
  3.108363E+02   1.502000E+04   8.659236E-01 
  3.109637E+02   1.509300E+04   8.718705E-01 
  3.110912E+02   1.504500E+04   8.699666E-01 
  3.112186E+02   1.512800E+04   8.765803E-01 
  3.113460E+02   1.485300E+04   8.598847E-01 
  3.114734E+02   1.484900E+04   8.608232E-01 
  3.116008E+02   1.477900E+04   8.574518E-01 
  3.117282E+02   1.449700E+04   8.402070E-01 
  3.118556E+02   1.459800E+04   8.479934E-01 
  3.119830E+02   1.451700E+04   8.438668E-01 
  3.121104E+02   1.466800E+04   8.549547E-01 
  3.122379E+02   1.433200E+04   8.340653E-01 
  3.123653E+02   1.447700E+04   8.447703E-01 
  3.124927E+02   1.422200E+04   8.291489E-01 
  3.126201E+02   1.404400E+04   8.185658E-01 
  3.127475E+02   1.418600E+04   8.290877E-01 
  3.128749E+02   1.427800E+04   8.363273E-01 
  3.130023E+02   1.411700E+04   8.268338E-01 
  3.131297E+02   1.404000E+04   8.228830E-01 
  3.132571E+02   1.392200E+04   8.161995E-01 
  3.133846E+02   1.394600E+04   8.189335E-01 
  3.135120E+02   1.379200E+04   8.098300E-01 
  3.136394E+02   1.379500E+04   8.111600E-01 
  3.137668E+02   1.378700E+04   8.117585E-01 
  3.138942E+02   1.369600E+04   8.068138E-01 
  3.140216E+02   1.364900E+04   8.047969E-01 
  3.141490E+02   1.357500E+04   8.009661E-01 
  3.142764E+02   1.330800E+04   7.841887E-01 
  3.144038E+02   1.347200E+04   7.962902E-01 
  3.145313E+02   1.349200E+04   7.987450E-01 
  3.146587E+02   1.342500E+04   7.953513E-01 
  3.147861E+02   1.314600E+04   7.776694E-01 
  3.149135E+02   1.327800E+04   7.876577E-01 
  3.150409E+02   1.325000E+04   7.868658E-01 
  3.151683E+02   1.309000E+04   7.771477E-01 
  3.152957E+02   1.297000E+04   7.701107E-01 
  3.154231E+02   1.304700E+04   7.764046E-01 
  3.155505E+02   1.309500E+04   7.807447E-01 
  3.156779E+02   1.290100E+04   7.686544E-01 
  3.158054E+02   1.273700E+04   7.585731E-01 
  3.159328E+02   1.287400E+04   7.689629E-01 
  3.160602E+02   1.285300E+04   7.686037E-01 
  3.161876E+02   1.269800E+04   7.590949E-01 
  3.163150E+02   1.278600E+04   7.661694E-01 
  3.164424E+02   1.275200E+04   7.649106E-01 
  3.165698E+02   1.268500E+04   7.613863E-01 
  3.166972E+02   1.274000E+04   7.662208E-01 
  3.168246E+02   1.252600E+04   7.525901E-01 
  3.169521E+02   1.237100E+04   7.429818E-01 
  3.170795E+02   1.232200E+04   7.406460E-01 
  3.172069E+02   1.243700E+04   7.496077E-01 
  3.173343E+02   1.242600E+04   7.498941E-01 
  3.174617E+02   1.232700E+04   7.440982E-01 
  3.175891E+02   1.255500E+04   7.609100E-01 
  3.177165E+02   1.254900E+04   7.615523E-01 
  3.178439E+02   1.212400E+04   7.331356E-01 
  3.179713E+02   1.222400E+04   7.411026E-01 
  3.180988E+02   1.226400E+04   7.449162E-01 
  3.182262E+02   1.230400E+04   7.487373E-01 
  3.183536E+02   1.208000E+04   7.341677E-01 
  3.184810E+02   1.213400E+04   7.389589E-01 
  3.186084E+02   1.189800E+04   7.235005E-01 
  3.187358E+02   1.205100E+04   7.352113E-01 
  3.188632E+02   1.203000E+04   7.347641E-01 
  3.189906E+02   1.185900E+04   7.237970E-01 
  3.191180E+02   1.201200E+04   7.355461E-01 
  3.192455E+02   1.203400E+04   7.381148E-01 
  3.193729E+02   1.199300E+04   7.362549E-01 
  3.195003E+02   1.222900E+04   7.539048E-01 
  3.196277E+02   1.175100E+04   7.212306E-01 
  3.197551E+02   1.175800E+04   7.227288E-01 
  3.198825E+02   1.181600E+04   7.278352E-01 
  3.200099E+02   1.186500E+04   7.323151E-01 
  3.201373E+02   1.175700E+04   7.256759E-01 
  3.202647E+02   1.149400E+04   7.080194E-01 
  3.203922E+02   1.196100E+04   7.421870E-01 
  3.205196E+02   1.170200E+04   7.247889E-01 
  3.206470E+02   1.175700E+04   7.297119E-01 
  3.207744E+02   1.182300E+04   7.354293E-01 
  3.209018E+02   1.168300E+04   7.264518E-01 
  3.210292E+02   1.170100E+04   7.287449E-01 
  3.211566E+02   1.178400E+04   7.356937E-01 
  3.212840E+02   1.171600E+04   7.318382E-01 
  3.214114E+02   1.150600E+04   7.177843E-01 
  3.215388E+02   1.156900E+04   7.233040E-01 
  3.216663E+02   1.166600E+04   7.312805E-01 
  3.217937E+02   1.155600E+04   7.243706E-01 
  3.219211E+02   1.163600E+04   7.311387E-01 
  3.220485E+02   1.137400E+04   7.132388E-01 
  3.221759E+02   1.129900E+04   7.088066E-01 
  3.223033E+02   1.170800E+04   7.393779E-01 
  3.224307E+02   1.149600E+04   7.250402E-01 
  3.225581E+02   1.161400E+04   7.345979E-01 
  3.226855E+02   1.144000E+04   7.229759E-01 
  3.228130E+02   1.134000E+04   7.167035E-01 
  3.229404E+02   1.152500E+04   7.311575E-01 
  3.230678E+02   1.129600E+04   7.154769E-01 
  3.231952E+02   1.161300E+04   7.395911E-01 
  3.233226E+02   1.111300E+04   7.040849E-01 
  3.234500E+02   1.146800E+04   7.310195E-01 
  3.235774E+02   1.133600E+04   7.223591E-01 
  3.237048E+02   1.131700E+04   7.219604E-01 
  3.238322E+02   1.126400E+04   7.190637E-01 
  3.239597E+02   1.135100E+04   7.264459E-01 
  3.240871E+02   1.109100E+04   7.083154E-01 
  3.242145E+02   1.110600E+04   7.103963E-01 
  3.243419E+02   1.122100E+04   7.198550E-01 
  3.244693E+02   1.128700E+04   7.257166E-01 
  3.245967E+02   1.140200E+04   7.352133E-01 
  3.247241E+02   1.091500E+04   7.001768E-01 
  3.248515E+02   1.114700E+04   7.183324E-01 
  3.249789E+02   1.109200E+04   7.152375E-01 
  3.251064E+02   1.111700E+04   7.180760E-01 
  3.252338E+02   1.118000E+04   7.237455E-01 
  3.253612E+02   1.101500E+04   7.124520E-01 
  3.254886E+02   1.095100E+04   7.086584E-01 
  3.256160E+02   1.102800E+04   7.153774E-01 
  3.257434E+02   1.104600E+04   7.177024E-01 
  3.258708E+02   1.091700E+04   7.090346E-01 
  3.259982E+02   1.115300E+04   7.276821E-01 
  3.261256E+02   1.109100E+04   7.240265E-01 
  3.262531E+02   1.107700E+04   7.239642E-01 
  3.263805E+02   1.101400E+04   7.202175E-01 
  3.265079E+02   1.099800E+04   7.199971E-01 
  3.266353E+02   1.107700E+04   7.269323E-01 
  3.267627E+02   1.091300E+04   7.155525E-01 
  3.268901E+02   1.083500E+04   7.106389E-01 
  3.270175E+02   1.108200E+04   7.302859E-01 
  3.271449E+02   1.093600E+04   7.202273E-01 
  3.272723E+02   1.078100E+04   7.094615E-01 
  3.273997E+02   1.089300E+04   7.189285E-01 
  3.275272E+02   1.090600E+04   7.208955E-01 
  3.276546E+02   1.084900E+04   7.175413E-01 
  3.277820E+02   1.092500E+04   7.243058E-01 
  3.279094E+02   1.086500E+04   7.207161E-01 
  3.280368E+02   1.090100E+04   7.244441E-01 
  3.281642E+02   1.089400E+04   7.248935E-01 
  3.282916E+02   1.075500E+04   7.152426E-01 
  3.284190E+02   1.064900E+04   7.080957E-01 
  3.285464E+02   1.069100E+04   7.122806E-01 
  3.286739E+02   1.054800E+04   7.022691E-01 
  3.288013E+02   1.062300E+04   7.089908E-01 
  3.289287E+02   1.065900E+04   7.127253E-01 
  3.290561E+02   1.066900E+04   7.144635E-01 
  3.291835E+02   1.058800E+04   7.091846E-01 
  3.293109E+02   1.069500E+04   7.184117E-01 
  3.294383E+02   1.060400E+04   7.123486E-01 
  3.295657E+02   1.060400E+04   7.133150E-01 
  3.296931E+02   1.047900E+04   7.045932E-01 
  3.298206E+02   1.047600E+04   7.053165E-01 
  3.299480E+02   1.054000E+04   7.112457E-01 
  3.300754E+02   1.046900E+04   7.066865E-01 
  3.302028E+02   1.039000E+04   7.014920E-01 
  3.303302E+02   1.049900E+04   7.109417E-01 
  3.304576E+02   1.042800E+04   7.063617E-01 
  3.305850E+02   1.039800E+04   7.049737E-01 
  3.307124E+02   1.029000E+04   6.974781E-01 
  3.308398E+02   1.041200E+04   7.079797E-01 
  3.309673E+02   1.014000E+04   6.876058E-01 
  3.310947E+02   1.028800E+04   7.001588E-01 
  3.312221E+02   1.035100E+04   7.060586E-01 
  3.313495E+02   1.029300E+04   7.024480E-01 
  3.314769E+02   1.012100E+04   6.898451E-01 
  3.316043E+02   1.011900E+04   6.906217E-01 
  3.317317E+02   1.023300E+04   7.005600E-01 
  3.318591E+02   1.010600E+04   6.914643E-01 
  3.319865E+02   1.021600E+04   7.011071E-01 
  3.321140E+02   1.020500E+04   7.011817E-01 
  3.322414E+02   1.008000E+04   6.922091E-01 
  3.323688E+02   1.019400E+04   7.022003E-01 
  3.324962E+02   1.006200E+04   6.926486E-01 
  3.326236E+02   9.980000E+03   6.870542E-01 
  3.327510E+02   9.987000E+03   6.885403E-01 
  3.328784E+02   1.017200E+04   7.042348E-01 
  3.330058E+02   1.007400E+04   6.973516E-01 
  3.331332E+02   9.977000E+03   6.905311E-01 
  3.332607E+02   9.957000E+03   6.898600E-01 
  3.333881E+02   1.003900E+04   6.973649E-01 
  3.335155E+02   9.692000E+03   6.704467E-01 
  3.336429E+02   9.879000E+03   6.863824E-01 
  3.337703E+02   9.900000E+03   6.889969E-01 
  3.338977E+02   9.932000E+03   6.925023E-01 
  3.340251E+02   9.821000E+03   6.844810E-01 
  3.341525E+02   9.711000E+03   6.765208E-01 
  3.342799E+02   9.700000E+03   6.765433E-01 
  3.344073E+02   9.762000E+03   6.824728E-01 
  3.345348E+02   9.785000E+03   6.852548E-01 
  3.346622E+02   9.583000E+03   6.697891E-01 
  3.347896E+02   9.684000E+03   6.788948E-01 
  3.349170E+02   9.809000E+03   6.899718E-01 
  3.350444E+02   9.678000E+03   6.802334E-01 
  3.351718E+02   9.552000E+03   6.708785E-01 
  3.352992E+02   9.528000E+03   6.698231E-01 
  3.354266E+02   9.752000E+03   6.890224E-01 
  3.355540E+02   9.657000E+03   6.821762E-01 
  3.356815E+02   9.610000E+03   6.792433E-01 
  3.358089E+02   9.411000E+03   6.638419E-01 
  3.359363E+02   9.455000E+03   6.683459E-01 
  3.360637E+02   9.575000E+03   6.791035E-01 
  3.361911E+02   9.399000E+03   6.655363E-01 
  3.363185E+02   9.438000E+03   6.696424E-01 
  3.364459E+02   9.525000E+03   6.777138E-01 
  3.365733E+02   9.398000E+03   6.681384E-01 
  3.367007E+02   9.364000E+03   6.662250E-01 
  3.368282E+02   9.299000E+03   6.617410E-01 
  3.369556E+02   9.414000E+03   6.721545E-01 
  3.370830E+02   9.354000E+03   6.680791E-01 
  3.372104E+02   9.234000E+03   6.590115E-01 
  3.373378E+02   9.163000E+03   6.539943E-01 
  3.374652E+02   9.377000E+03   6.726797E-01 
  3.375926E+02   9.249000E+03   6.629156E-01 
  3.377200E+02   9.308000E+03   6.687242E-01 
  3.378474E+02   9.125000E+03   6.543378E-01 
  3.379749E+02   9.173000E+03   6.592276E-01 
  3.381023E+02   9.181000E+03   6.607799E-01 
  3.382297E+02   9.407000E+03   6.805999E-01 
  3.383571E+02   9.304000E+03   6.728661E-01 
  3.384845E+02   9.004000E+03   6.485693E-01 
  3.386119E+02   9.186000E+03   6.647404E-01 
  3.387393E+02   9.175000E+03   6.647018E-01 
  3.388667E+02   9.055000E+03   6.554764E-01 
  3.389941E+02   9.116000E+03   6.614990E-01 
  3.391216E+02   9.153000E+03   6.655068E-01 
  3.392490E+02   9.017000E+03   6.548935E-01 
  3.393764E+02   9.011000E+03   6.552599E-01 
  3.395038E+02   8.871000E+03   6.442688E-01 
  3.396312E+02   9.040000E+03   6.594707E-01 
  3.397586E+02   9.024000E+03   6.589903E-01 
  3.398860E+02   8.949000E+03   6.534898E-01 
  3.400134E+02   9.008000E+03   6.593846E-01 
  3.401408E+02   8.960000E+03   6.561707E-01 
  3.402682E+02   8.818000E+03   6.449266E-01 
  3.403957E+02   8.890000E+03   6.519387E-01 
  3.405231E+02   9.005000E+03   6.626436E-01 
  3.406505E+02   8.691000E+03   6.366354E-01 
  3.407779E+02   8.927000E+03   6.577181E-01 
  3.409053E+02   8.818000E+03   6.492368E-01 
  3.410327E+02   8.816000E+03   6.499293E-01 
  3.411601E+02   8.874000E+03   6.557832E-01 
  3.412875E+02   8.956000E+03   6.637161E-01 
  3.414149E+02   8.756000E+03   6.473519E-01 
  3.415424E+02   8.623000E+03   6.367322E-01 
  3.416698E+02   8.637000E+03   6.387904E-01 
  3.417972E+02   8.462000E+03   6.245007E-01 
  3.419246E+02   8.756000E+03   6.507989E-01 
  3.420520E+02   8.663000E+03   6.435984E-01 
  3.421794E+02   8.667000E+03   6.448005E-01 