*********************  Core Excitation Data  ********************
****************  A.P. Hitchcock & D.C. Mancini  ****************
*
* Formula: C6H4SN2
* Name: 2,1,3-benzotrithiadiazole
* Edge: C 1s
* Alpha Formula: C6H4N2S
* Data Source: Hitchcock
* Filename:  bw-0cckk.os
* Ref. Code: HD&91
* Write Date: 93/06/10
* Reference: J. El. Spec. 57 (91) 165.
* Source and Purity: Aldrich
* Acquisition Mode: EELS, 2 deg, 2500 eV CRE mode, 0.7 eV fwhm
*--------------------------------------------------------------
* No. of Spectra: 2    name1- 0bwc      name2- 0bwc.os
*   E (eV)        Raw data             Osc. Str. per atom (E-2)
*--------------------------------------------------------------
  2.772519E+02,  1.964978E+04,  7.852190E-05,
  2.773783E+02,  1.963539E+04,  8.372136E-04,
  2.775047E+02,  1.950534E+04, -1.524653E-03,
  2.776311E+02,  1.946929E+04, -1.390639E-03,
  2.777575E+02,  1.943662E+04, -1.185538E-03,
  2.778839E+02,  1.933451E+04, -2.873384E-03,
  2.780103E+02,  1.928707E+04, -3.109428E-03,
  2.781367E+02,  1.947989E+04,  3.144049E-03,
  2.782632E+02,  1.927948E+04, -1.272027E-03,
  2.783896E+02,  1.943591E+04,  3.983540E-03,
  2.785160E+02,  1.938442E+04,  3.574189E-03,
  2.786424E+02,  1.936880E+04,  4.125233E-03,
  2.787688E+02,  1.912215E+04, -1.662405E-03,
  2.788952E+02,  1.915652E+04,  2.169459E-04,
  2.790216E+02,  1.909472E+04, -5.558077E-04,
  2.791480E+02,  1.927238E+04,  5.246238E-03,
  2.792744E+02,  1.927663E+04,  6.270672E-03,
  2.794008E+02,  1.899402E+04, -6.478562E-04,
  2.795272E+02,  1.873502E+04, -6.955432E-03,
  2.796536E+02,  1.892524E+04, -8.331431E-04,
  2.797800E+02,  1.900784E+04,  2.305250E-03,
  2.799064E+02,  1.884761E+04, -1.326352E-03,
  2.800328E+02,  1.873332E+04, -3.703593E-03,
  2.801592E+02,  1.896339E+04,  3.532273E-03,
  2.802856E+02,  1.873123E+04, -2.177999E-03,
  2.804120E+02,  1.863753E+04, -4.034183E-03,
  2.805384E+02,  1.867914E+04, -2.101385E-03,
  2.806648E+02,  1.865942E+04, -1.903947E-03,
  2.807912E+02,  1.860355E+04, -2.740535E-03,
  2.809176E+02,  1.876048E+04,  2.434860E-03,
  2.810440E+02,  1.869126E+04,  1.200199E-03,
  2.811704E+02,  1.856650E+04, -1.631089E-03,
  2.812968E+02,  1.863343E+04,  9.768913E-04,
  2.814232E+02,  1.858177E+04,  1.975889E-04,
  2.815497E+02,  1.849998E+04, -1.458042E-03,
  2.816761E+02,  1.863166E+04,  2.988290E-03,
  2.818025E+02,  1.833357E+04, -4.904338E-03,
  2.819289E+02,  1.852046E+04,  1.120254E-03,
  2.820553E+02,  1.866257E+04,  5.867175E-03,
  2.821817E+02,  1.867927E+04,  6.998325E-03,
  2.823081E+02,  1.858462E+04,  4.899335E-03,
  2.824345E+02,  1.847327E+04,  2.297343E-03,
  2.825609E+02,  1.845836E+04,  2.478767E-03,
  2.826873E+02,  1.851877E+04,  4.845641E-03,
  2.828137E+02,  1.860681E+04,  8.018930E-03,
  2.829401E+02,  1.856308E+04,  7.341528E-03,
  2.830665E+02,  1.870938E+04,  1.222136E-02,
  2.831929E+02,  1.886887E+04,  1.749863E-02,
  2.833193E+02,  1.983173E+04,  4.642675E-02,
  2.834457E+02,  2.144497E+04,  9.463609E-02,
  2.835721E+02,  2.360638E+04,  1.592226E-01,
  2.836985E+02,  2.705781E+04,  2.622435E-01,
  2.838249E+02,  3.246484E+04,  4.236675E-01,
  2.839513E+02,  3.984858E+04,  6.444712E-01,
  2.840777E+02,  4.620115E+04,  8.354390E-01,
  2.842041E+02,  5.248302E+04,  1.025048E+00,
  2.843305E+02,  5.655981E+04,  1.149476E+00,
  2.844569E+02,  5.773882E+04,  1.187581E+00,
  2.845833E+02,  5.598533E+04,  1.137805E+00,
  2.847097E+02,  5.137792E+04,  1.001985E+00,
  2.848362E+02,  4.680085E+04,  8.665258E-01,
  2.849626E+02,  4.155847E+04,  7.104277E-01,
  2.850890E+02,  3.791043E+04,  6.019347E-01,
  2.852154E+02,  3.523687E+04,  5.225421E-01,
  2.853418E+02,  3.392348E+04,  4.841401E-01,
  2.854682E+02,  3.420529E+04,  4.941275E-01,
  2.855946E+02,  3.564614E+04,  5.394920E-01,
  2.857210E+02,  3.845658E+04,  6.268779E-01,
  2.858474E+02,  4.180003E+04,  7.309206E-01,
  2.859738E+02,  4.564564E+04,  8.507721E-01,
  2.861002E+02,  4.945782E+04,  9.700610E-01,
  2.862266E+02,  5.273244E+04,  1.073256E+00,
  2.863530E+02,  5.560458E+04,  1.164429E+00,
  2.864794E+02,  5.845182E+04,  1.255182E+00,
  2.866058E+02,  6.103369E+04,  1.338060E+00,
  2.867322E+02,  6.375648E+04,  1.425630E+00,
  2.868586E+02,  6.482897E+04,  1.462201E+00,
  2.869850E+02,  6.376391E+04,  1.432283E+00,
  2.871114E+02,  6.129908E+04,  1.358522E+00,
  2.872378E+02,  5.725115E+04,  1.234922E+00,
  2.873642E+02,  5.207732E+04,  1.075524E+00,
  2.874906E+02,  4.723807E+04,  9.259955E-01,
  2.876170E+02,  4.345580E+04,  8.091360E-01,
  2.877434E+02,  4.090283E+04,  7.305766E-01,
  2.878698E+02,  3.902490E+04,  6.730298E-01,
  2.879962E+02,  3.781044E+04,  6.362551E-01,
  2.881227E+02,  3.712064E+04,  6.159724E-01,
  2.882491E+02,  3.658735E+04,  6.005771E-01,
  2.883755E+02,  3.619290E+04,  5.895358E-01,
  2.885019E+02,  3.594388E+04,  5.830843E-01,
  2.886283E+02,  3.574187E+04,  5.781037E-01,
  2.887547E+02,  3.529052E+04,  5.651078E-01,
  2.888811E+02,  3.556328E+04,  5.752987E-01,
  2.890075E+02,  3.537900E+04,  5.708224E-01,
  2.891339E+02,  3.540196E+04,  5.730004E-01,
  2.892603E+02,  3.549039E+04,  5.772938E-01,
  2.893867E+02,  3.595268E+04,  5.936934E-01,
  2.895131E+02,  3.666921E+04,  6.183927E-01,
  2.896395E+02,  3.753497E+04,  6.480290E-01,
  2.897659E+02,  3.842083E+04,  6.784289E-01,
  2.898923E+02,  3.965945E+04,  7.204439E-01,
  2.900187E+02,  4.107744E+04,  7.684773E-01,
  2.901451E+02,  4.301972E+04,  8.338550E-01,
  2.902715E+02,  4.414172E+04,  8.725756E-01,
  2.903979E+02,  4.527059E+04,  9.116663E-01,
  2.905243E+02,  4.629196E+04,  9.473625E-01,
  2.906507E+02,  4.733365E+04,  9.838607E-01,
  2.907771E+02,  4.758480E+04,  9.943606E-01,
  2.909035E+02,  4.749566E+04,  9.936218E-01,
  2.910299E+02,  4.766101E+04,  1.001318E+00,
  2.911563E+02,  4.798577E+04,  1.014338E+00,
  2.912827E+02,  4.787636E+04,  1.012935E+00,
  2.914091E+02,  4.792307E+04,  1.016730E+00,
  2.915356E+02,  4.780724E+04,  1.015096E+00,
  2.916620E+02,  4.847248E+04,  1.039623E+00,
  2.917884E+02,  4.961279E+04,  1.080189E+00,
  2.919148E+02,  5.020325E+04,  1.102407E+00,
  2.920412E+02,  5.143005E+04,  1.146154E+00,
  2.921676E+02,  5.242455E+04,  1.182217E+00,
  2.922940E+02,  5.404466E+04,  1.239583E+00,
  2.924204E+02,  5.524757E+04,  1.283019E+00,
  2.925468E+02,  5.635696E+04,  1.323438E+00,
  2.926732E+02,  5.728902E+04,  1.357969E+00,
  2.927996E+02,  5.839916E+04,  1.398700E+00,
  2.929260E+02,  5.906430E+04,  1.424373E+00,
  2.930524E+02,  5.934378E+04,  1.436934E+00,
  2.931788E+02,  5.994966E+04,  1.460731E+00,
  2.933052E+02,  5.971219E+04,  1.455626E+00,
  2.934316E+02,  6.008213E+04,  1.471408E+00,
  2.935580E+02,  6.009456E+04,  1.474908E+00,
  2.936844E+02,  5.986727E+04,  1.470124E+00,
  2.938108E+02,  5.931275E+04,  1.453980E+00,
  2.939372E+02,  5.956362E+04,  1.465713E+00,
  2.940636E+02,  5.901054E+04,  1.449528E+00,
  2.941900E+02,  5.849847E+04,  1.434701E+00,
  2.943164E+02,  5.897805E+04,  1.454422E+00,
  2.944428E+02,  5.868851E+04,  1.447312E+00,
  2.945692E+02,  5.875656E+04,  1.452695E+00,
  2.946956E+02,  5.894619E+04,  1.462359E+00,
  2.948221E+02,  5.905483E+04,  1.469203E+00,
  2.949485E+02,  5.846333E+04,  1.451388E+00,
  2.950749E+02,  5.800550E+04,  1.438217E+00,
  2.952013E+02,  5.780452E+04,  1.434072E+00,
  2.953277E+02,  5.763363E+04,  1.430971E+00,
  2.954541E+02,  5.724779E+04,  1.420214E+00,
  2.955805E+02,  5.657012E+04,  1.399022E+00,
  2.957069E+02,  5.629091E+04,  1.391947E+00,
  2.958333E+02,  5.627575E+04,  1.394270E+00,
  2.959597E+02,  5.592257E+04,  1.384494E+00,
  2.960861E+02,  5.579542E+04,  1.382778E+00,
  2.962125E+02,  5.571200E+04,  1.382619E+00,
  2.963389E+02,  5.563951E+04,  1.382844E+00,
  2.964653E+02,  5.541632E+04,  1.377627E+00,
  2.965917E+02,  5.496484E+04,  1.364132E+00,
  2.967181E+02,  5.498365E+04,  1.367604E+00,
  2.968445E+02,  5.556609E+04,  1.391529E+00,
  2.969709E+02,  5.514558E+04,  1.379084E+00,
  2.970973E+02,  5.481262E+04,  1.369772E+00,
  2.972237E+02,  5.505904E+04,  1.381555E+00,
  2.973501E+02,  5.497076E+04,  1.381141E+00,
  2.974765E+02,  5.506704E+04,  1.387477E+00,
  2.976029E+02,  5.451583E+04,  1.370068E+00,
  2.977293E+02,  5.498594E+04,  1.390136E+00,
  2.978557E+02,  5.483800E+04,  1.387506E+00,
  2.979821E+02,  5.468573E+04,  1.384698E+00,
  2.981086E+02,  5.484884E+04,  1.393533E+00,
  2.982350E+02,  5.471035E+04,  1.391222E+00,
  2.983614E+02,  5.496046E+04,  1.403317E+00,
  2.984878E+02,  5.485596E+04,  1.402264E+00,
  2.986142E+02,  5.434036E+04,  1.385880E+00,
  2.987406E+02,  5.488994E+04,  1.409192E+00,
  2.988670E+02,  5.433280E+04,  1.391191E+00,
  2.989934E+02,  5.410480E+04,  1.385446E+00,
  2.991198E+02,  5.396617E+04,  1.383029E+00,
  2.992462E+02,  5.411579E+04,  1.391438E+00,
  2.993726E+02,  5.387467E+04,  1.385145E+00,
  2.994990E+02,  5.413906E+04,  1.397908E+00,
  2.996254E+02,  5.376119E+04,  1.386414E+00,
  2.997518E+02,  5.421674E+04,  1.406461E+00,
  2.998782E+02,  5.396729E+04,  1.399801E+00,
  3.000046E+02,  5.445631E+04,  1.421208E+00,
  3.001310E+02,  5.404748E+04,  1.408460E+00,
  3.002574E+02,  5.396442E+04,  1.408099E+00,
  3.003838E+02,  5.403863E+04,  1.413748E+00,
  3.005102E+02,  5.375792E+04,  1.405803E+00,
  3.006366E+02,  5.407502E+04,  1.420784E+00,
  3.007630E+02,  5.454567E+04,  1.418090E+00,
  3.008894E+02,  5.378857E+04,  1.415396E+00,
  3.010158E+02,  5.369467E+04,  1.414581E+00,
  3.011422E+02,  5.411042E+04,  1.419050E+00,
  3.012686E+02,  5.378022E+04,  1.423519E+00,
  3.013951E+02,  5.348155E+04,  1.414737E+00,
  3.015215E+02,  5.340411E+04,  1.414526E+00,
  3.016479E+02,  5.321028E+04,  1.409767E+00,
  3.017743E+02,  5.323327E+04,  1.413455E+00,
  3.019007E+02,  5.322263E+04,  1.415833E+00,
  3.020271E+02,  5.289902E+04,  1.405938E+00,
  3.021535E+02,  5.276761E+04,  1.403551E+00,
  3.022799E+02,  5.284522E+04,  1.409377E+00,
  3.024063E+02,  5.247218E+04,  1.397442E+00,
  3.025327E+02,  5.190784E+04,  1.377894E+00,
  3.026591E+02,  5.216954E+04,  1.390972E+00,
  3.027855E+02,  5.171213E+04,  1.375566E+00,
  3.029119E+02,  5.149036E+04,  1.369460E+00,
  3.030383E+02,  5.155648E+04,  1.374788E+00,
  3.031647E+02,  5.111870E+04,  1.360026E+00,
  3.032911E+02,  5.105523E+04,  1.360162E+00,
  3.034175E+02,  5.099994E+04,  1.360620E+00,
  3.035439E+02,  5.059674E+04,  1.347114E+00,
  3.036703E+02,  5.023151E+04,  1.335077E+00,
  3.037967E+02,  4.995203E+04,  1.326441E+00,
  3.039231E+02,  4.984253E+04,  1.324624E+00,
  3.040495E+02,  4.986747E+04,  1.328229E+00,
  3.041759E+02,  4.930936E+04,  1.308227E+00,
  3.043023E+02,  4.968427E+04,  1.326001E+00,
  3.044287E+02,  4.889266E+04,  1.296414E+00,
  3.045551E+02,  4.895177E+04,  1.301359E+00,
  3.046815E+02,  4.841335E+04,  1.281932E+00,
  3.048080E+02,  4.815111E+04,  1.273718E+00,
  3.049344E+02,  4.800257E+04,  1.270122E+00,
  3.050608E+02,  4.723823E+04,  1.241238E+00,
  3.051872E+02,  4.738884E+04,  1.249855E+00,
  3.053136E+02,  4.715595E+04,  1.242702E+00,
  3.054400E+02,  4.689674E+04,  1.234429E+00,
  3.055664E+02,  4.679195E+04,  1.232504E+00,
  3.056928E+02,  4.605904E+04,  1.204549E+00,
  3.058192E+02,  4.604182E+04,  1.206182E+00,
  3.059456E+02,  4.566236E+04,  1.192756E+00,
  3.060720E+02,  4.536144E+04,  1.182545E+00,
  3.061984E+02,  4.517300E+04,  1.176983E+00,
  3.063248E+02,  4.491113E+04,  1.168325E+00,
  3.064512E+02,  4.461595E+04,  1.158234E+00,
  3.065776E+02,  4.440954E+04,  1.151824E+00,
  3.067040E+02,  4.424662E+04,  1.147213E+00,
  3.068304E+02,  4.367311E+04,  1.125285E+00,
  3.069568E+02,  4.346388E+04,  1.118642E+00,
  3.070832E+02,  4.338501E+04,  1.117480E+00,
  3.072096E+02,  4.313195E+04,  1.108931E+00,
  3.073360E+02,  4.261993E+04,  1.089354E+00,
  3.074624E+02,  4.268398E+04,  1.094192E+00,
  3.075888E+02,  4.242834E+04,  1.085425E+00,
  3.077152E+02,  4.210624E+04,  1.073783E+00,
  3.078416E+02,  4.207089E+04,  1.074353E+00,
  3.079680E+02,  4.212674E+04,  1.078827E+00,
  3.080945E+02,  4.139505E+04,  1.049515E+00,
  3.082209E+02,  4.150705E+04,  1.056363E+00,
  3.083473E+02,  4.079013E+04,  1.027526E+00,
  3.084737E+02,  4.069685E+04,  1.025490E+00,
  3.086001E+02,  4.041705E+04,  1.015377E+00,
  3.087265E+02,  4.025596E+04,  1.010363E+00,
  3.088529E+02,  4.010137E+04,  1.005608E+00,
  3.089793E+02,  3.983455E+04,  9.959515E-01,
  3.091057E+02,  3.975073E+04,  9.942249E-01,
  3.092321E+02,  3.958226E+04,  9.887932E-01,
  3.093585E+02,  3.945639E+04,  9.851992E-01,
  3.094849E+02,  3.957745E+04,  9.924018E-01,
  3.096113E+02,  3.914126E+04,  9.751749E-01,
  3.097377E+02,  3.866223E+04,  9.559961E-01,
  3.098641E+02,  3.828023E+04,  9.410147E-01,
  3.099905E+02,  3.814779E+04,  9.369854E-01,
  3.101169E+02,  3.795834E+04,  9.304162E-01,
  3.102433E+02,  3.791012E+04,  9.300732E-01,
  3.103697E+02,  3.801720E+04,  9.366151E-01,
  3.104961E+02,  3.761640E+04,  9.206008E-01,
  3.106225E+02,  3.752323E+04,  9.182226E-01,
  3.107489E+02,  3.715675E+04,  9.036375E-01,
  3.108753E+02,  3.720458E+04,  9.075130E-01,
  3.110017E+02,  3.722468E+04,  9.101568E-01,
  3.111281E+02,  3.691781E+04,  8.981370E-01,
  3.112545E+02,  3.670050E+04,  8.900938E-01,
  3.113810E+02,  3.651415E+04,  8.834114E-01,
  3.115074E+02,  3.641773E+04,  8.807569E-01,
  3.116338E+02,  3.655038E+04,  8.884410E-01,
  3.117602E+02,  3.635457E+04,  8.812774E-01,
  3.118866E+02,  3.574523E+04,  8.553252E-01,
  3.120130E+02,  3.587902E+04,  8.630440E-01,
  3.121394E+02,  3.585180E+04,  8.634575E-01,
  3.122658E+02,  3.590953E+04,  8.677427E-01,
  3.123922E+02,  3.568122E+04,  8.589693E-01,
  3.125186E+02,  3.546027E+04,  8.504960E-01,
  3.126450E+02,  3.519798E+04,  8.400918E-01,
  3.127714E+02,  3.548747E+04,  8.549985E-01,
  3.128978E+02,  3.520894E+04,  8.438088E-01,
  3.130242E+02,  3.489702E+04,  8.310342E-01,
  3.131506E+02,  3.498813E+04,  8.368294E-01,
  3.132770E+02,  3.508581E+04,  8.429462E-01,
  3.134034E+02,  3.511514E+04,  8.459119E-01,
  3.135298E+02,  3.496234E+04,  8.404238E-01,
  3.136562E+02,  3.476983E+04,  8.330640E-01,
  3.137826E+02,  3.451683E+04,  8.228524E-01,
  3.139090E+02,  3.430987E+04,  8.147501E-01,
  3.140354E+02,  3.428614E+04,  8.151894E-01,
  3.141618E+02,  3.419538E+04,  8.124834E-01,
  3.142882E+02,  3.386389E+04,  7.984578E-01,
  3.144146E+02,  3.428120E+04,  8.196107E-01,
  3.145410E+02,  3.422766E+04,  8.186418E-01,
  3.146674E+02,  3.403859E+04,  8.112652E-01,
  3.147939E+02,  3.358902E+04,  7.915330E-01,
  3.149203E+02,  3.398631E+04,  8.118646E-01,
  3.150467E+02,  3.378388E+04,  8.037897E-01,
  3.151731E+02,  3.374749E+04,  8.035800E-01,
  3.152995E+02,  3.348072E+04,  7.923865E-01,
  3.154259E+02,  3.323463E+04,  7.821361E-01,
  3.155523E+02,  3.355589E+04,  7.989821E-01,
  3.156787E+02,  3.335938E+04,  7.910749E-01,
  3.158051E+02,  3.332669E+04,  7.909993E-01,
  3.159315E+02,  3.316982E+04,  7.849483E-01,
  3.160579E+02,  3.318713E+04,  7.872630E-01,
  3.161843E+02,  3.316718E+04,  7.877847E-01,
  3.163107E+02,  3.320039E+04,  7.908757E-01,
  3.164371E+02,  3.309531E+04,  7.872747E-01,
  3.165635E+02,  3.312740E+04,  7.903139E-01,
  3.166899E+02,  3.293474E+04,  7.824337E-01,
  3.168163E+02,  3.303047E+04,  7.885683E-01,
  3.169427E+02,  3.265661E+04,  7.718072E-01,
  3.170691E+02,  3.282453E+04,  7.814668E-01,
  3.171955E+02,  3.276629E+04,  7.800822E-01,
  3.173219E+02,  3.232624E+04,  7.599562E-01,
  3.174483E+02,  3.261574E+04,  7.756128E-01,
  3.175747E+02,  3.272159E+04,  7.822797E-01,
  3.177011E+02,  3.260430E+04,  7.779593E-01,
  3.178275E+02,  3.250272E+04,  7.743968E-01,
  3.179539E+02,  3.215275E+04,  7.585201E-01,
  3.180804E+02,  3.241450E+04,  7.729230E-01,
  3.182068E+02,  3.231802E+04,  7.695745E-01,
  3.183332E+02,  3.224431E+04,  7.673446E-01,
  3.184596E+02,  3.217319E+04,  7.652319E-01,
  3.185860E+02,  3.223703E+04,  7.698509E-01,
  3.187124E+02,  3.225182E+04,  7.720285E-01,
  3.188388E+02,  3.227814E+04,  7.747885E-01,
  3.189652E+02,  3.210192E+04,  7.673815E-01,
  3.190916E+02,  3.208850E+04,  7.681369E-01,
  3.192180E+02,  3.148070E+04,  7.389278E-01,
  3.193444E+02,  3.178337E+04,  7.555910E-01,
  3.194708E+02,  3.220492E+04,  7.783251E-01,
  3.195972E+02,  3.180727E+04,  7.596174E-01,
  3.197236E+02,  3.190794E+04,  7.661421E-01,
  3.198500E+02,  3.181532E+04,  7.628545E-01,
  3.199764E+02,  3.166727E+04,  7.567270E-01,
  3.201028E+02,  3.169587E+04,  7.595925E-01,
  3.202292E+02,  3.191311E+04,  7.721120E-01,
  3.203556E+02,  3.186216E+04,  7.709334E-01,
  3.204820E+02,  3.152313E+04,  7.549608E-01,
  3.206084E+02,  3.145010E+04,  7.526053E-01,
  3.207348E+02,  3.144465E+04,  7.537188E-01,
  3.208612E+02,  3.184205E+04,  7.756212E-01,
  3.209876E+02,  3.146003E+04,  7.573063E-01,
  3.211140E+02,  3.159254E+04,  7.655697E-01,
  3.212404E+02,  3.128537E+04,  7.510479E-01,
  3.213669E+02,  3.129958E+04,  7.531745E-01,
  3.214933E+02,  3.123304E+04,  7.511008E-01,
  3.216197E+02,  3.113974E+04,  7.476208E-01,
  3.217461E+02,  3.086853E+04,  7.348289E-01,
  3.218725E+02,  3.092888E+04,  7.393444E-01,
  3.219989E+02,  3.098683E+04,  7.437469E-01,
  3.221253E+02,  3.116591E+04,  7.545255E-01,
  3.222517E+02,  3.115481E+04,  7.553304E-01,
  3.223781E+02,  3.113847E+04,  7.558589E-01,
  3.225045E+02,  3.081381E+04,  7.401015E-01,
  3.226309E+02,  3.098672E+04,  7.506117E-01,
  3.227573E+02,  3.082683E+04,  7.435162E-01,
  3.228837E+02,  3.106441E+04,  7.574978E-01,
  3.230101E+02,  3.078540E+04,  7.440467E-01,
  3.231365E+02,  3.088368E+04,  7.506493E-01,
  3.232629E+02,  3.067064E+04,  7.406533E-01,
  3.233893E+02,  3.086716E+04,  7.525213E-01,
  3.235157E+02,  3.046482E+04,  7.323449E-01,
  3.236421E+02,  3.064958E+04,  7.436035E-01,
  3.237685E+02,  3.034698E+04,  7.286954E-01,
  3.238949E+02,  3.069933E+04,  7.490082E-01,
  3.240213E+02,  3.069062E+04,  7.499079E-01,
  3.241477E+02,  3.066452E+04,  7.498682E-01,
  3.242741E+02,  3.042816E+04,  7.384393E-01,
  3.244005E+02,  3.051557E+04,  7.445300E-01,
  3.245269E+02,  3.040190E+04,  7.397125E-01,
  3.246534E+02,  3.036879E+04,  7.392603E-01,
  3.247798E+02,  3.026861E+04,  7.351452E-01,
  3.249062E+02,  3.034888E+04,  7.408718E-01,
  3.250326E+02,  3.017084E+04,  7.324773E-01,
  3.251590E+02,  2.993804E+04,  7.210489E-01,
  3.252854E+02,  3.023033E+04,  7.384164E-01,
  3.254118E+02,  3.009777E+04,  7.324667E-01,
  3.255382E+02,  3.014008E+04,  7.361311E-01,
  3.256646E+02,  3.024970E+04,  7.435231E-01,
  3.257910E+02,  2.987272E+04,  7.240216E-01,
  3.259174E+02,  2.974535E+04,  7.182794E-01,
  3.260438E+02,  3.011103E+04,  7.398838E-01,
  3.261702E+02,  3.000277E+04,  7.352065E-01,
  3.262966E+02,  2.982814E+04,  7.268119E-01,
  3.264230E+02,  2.975136E+04,  7.238460E-01,