*********************  Core Excitation Data  ********************
****************  A.P. Hitchcock & D.C. Mancini  ****************
*
* Formula: C6H4SN2
* Name: 2,1,3-benzotrithiadiazole
* Edge: N 1s
* Alpha Formula: C6H4N2S
* Data Source: Hitchcock
* Filename:  bw-0nnkk.os
* Ref. Code: HD&91
* Write Date: 93/06/10
* Reference: J. El. Spec. 57 (91) 165.
* Source and Purity: Aldrich
* Acquisition Mode: EELS, 2 deg, 2500 eV CRE mode, 0.7 eV fwhm
*--------------------------------------------------------------
* No. of Spectra: 2    name1- 0bwn     name2- 0bwn.os
*   E (eV)        Raw data             Osc. Str. per atom (E-2)
*--------------------------------------------------------------
  3.870604E+02,  1.476300E+04, -1.188324E-02,
  3.871858E+02,  1.472800E+04, -1.390092E-02,
  3.873112E+02,  1.466100E+04, -2.112455E-02,
  3.874367E+02,  1.496100E+04,  3.125138E-02,
  3.875621E+02,  1.494200E+04,  3.184740E-02,
  3.876875E+02,  1.454100E+04, -2.974661E-02,
  3.878130E+02,  1.456400E+04, -2.238326E-02,
  3.879384E+02,  1.465100E+04, -4.574670E-03,
  3.880638E+02,  1.470400E+04,  7.710078E-03,
  3.881892E+02,  1.468900E+04,  8.897379E-03,
  3.883147E+02,  1.462200E+04,  1.572049E-03,
  3.884401E+02,  1.430600E+04, -4.655198E-02,
  3.885655E+02,  1.453600E+04, -5.279163E-03,
  3.886909E+02,  1.445100E+04, -1.561885E-02,
  3.888164E+02,  1.452700E+04,  4.563033E-04,
  3.889418E+02,  1.452500E+04,  3.731515E-03,
  3.890672E+02,  1.455000E+04,  1.144832E-02,
  3.891927E+02,  1.442900E+04, -4.879270E-03,
  3.893181E+02,  1.445600E+04,  3.157926E-03,
  3.894435E+02,  1.443100E+04,  2.619464E-03,
  3.895689E+02,  1.453100E+04,  2.272554E-02,
  3.896944E+02,  1.443300E+04,  1.011554E-02,
  3.898198E+02,  1.431700E+04, -5.507482E-03,
  3.899452E+02,  1.429400E+04, -5.757614E-03,
  3.900706E+02,  1.432400E+04,  2.775686E-03,
  3.901961E+02,  1.424800E+04, -6.283456E-03,
  3.903215E+02,  1.416000E+04, -1.736310E-02,
  3.904469E+02,  1.413600E+04, -1.782448E-02,
  3.905724E+02,  1.407600E+04, -2.429028E-02,
  3.906978E+02,  1.406900E+04, -2.194137E-02,
  3.908232E+02,  1.444800E+04,  4.481731E-02,
  3.909486E+02,  1.404200E+04, -1.942472E-02,
  3.910741E+02,  1.395700E+04, -3.012953E-02,
  3.911995E+02,  1.398100E+04, -2.262036E-02,
  3.913249E+02,  1.418900E+04,  1.572204E-02,
  3.914503E+02,  1.396700E+04, -1.797838E-02,
  3.915758E+02,  1.391300E+04, -2.355179E-02,
  3.917012E+02,  1.407500E+04,  7.150360E-03,
  3.918266E+02,  1.397300E+04, -6.498469E-03,
  3.919521E+02,  1.395100E+04, -6.712996E-03,
  3.920775E+02,  1.393600E+04, -5.756157E-03,
  3.922029E+02,  1.396600E+04,  2.786076E-03,
  3.923283E+02,  1.410100E+04,  2.906780E-02,
  3.924538E+02,  1.374900E+04, -2.692283E-02,
  3.925792E+02,  1.413400E+04,  4.166437E-02,
  3.927046E+02,  1.401900E+04,  2.569876E-02,
  3.928300E+02,  1.374600E+04, -1.709146E-02,
  3.929555E+02,  1.368500E+04, -2.399857E-02,
  3.930809E+02,  1.391200E+04,  1.799313E-02,
  3.932063E+02,  1.379200E+04,  1.060003E-03,
  3.933318E+02,  1.372900E+04, -6.212962E-03,
  3.934572E+02,  1.355300E+04, -3.275890E-02,
  3.935826E+02,  1.405900E+04,  5.693696E-02,
  3.937080E+02,  1.372400E+04,  3.244764E-03,
  3.938335E+02,  1.382000E+04,  2.308234E-02,
  3.939589E+02,  1.365400E+04, -1.859520E-03,
  3.940843E+02,  1.379200E+04,  2.518740E-02,
  3.942097E+02,  1.368600E+04,  1.046563E-02,
  3.943352E+02,  1.361200E+04,  1.196604E-03,
  3.944606E+02,  1.384800E+04,  4.513051E-02,
  3.945860E+02,  1.355700E+04, -1.434459E-03,
  3.947115E+02,  1.358300E+04,  6.439055E-03,
  3.948369E+02,  1.372000E+04,  3.343599E-02,
  3.949623E+02,  1.348300E+04, -3.991506E-03,
  3.950877E+02,  1.356800E+04,  1.406060E-02,
  3.952132E+02,  1.338900E+04, -1.345668E-02,
  3.953386E+02,  1.351500E+04,  1.169501E-02,
  3.954640E+02,  1.356500E+04,  2.373613E-02,
  3.955894E+02,  1.355400E+04,  2.522682E-02,
  3.957149E+02,  1.349200E+04,  1.787004E-02,
  3.958403E+02,  1.345300E+04,  1.448318E-02,
  3.959657E+02,  1.334900E+04, -2.100755E-04,
  3.960912E+02,  1.365700E+04,  5.670819E-02,
  3.962166E+02,  1.349200E+04,  3.139423E-02,
  3.963420E+02,  1.351700E+04,  3.912935E-02,
  3.964674E+02,  1.335300E+04,  1.390827E-02,
  3.965929E+02,  1.336500E+04,  1.935731E-02,
  3.967183E+02,  1.339300E+04,  2.760552E-02,
  3.968437E+02,  1.349600E+04,  4.898187E-02,
  3.969691E+02,  1.322700E+04,  5.257655E-03,
  3.970946E+02,  1.348800E+04,  5.433109E-02,
  3.972200E+02,  1.351800E+04,  6.296729E-02,
  3.973454E+02,  1.356700E+04,  7.494973E-02,
  3.974709E+02,  1.421100E+04,  1.915353E-01,
  3.975963E+02,  1.452000E+04,  2.493979E-01,
  3.977217E+02,  1.532000E+04,  3.938402E-01,
  3.978471E+02,  1.656300E+04,  6.166525E-01,
  3.979726E+02,  1.779900E+04,  8.386552E-01,
  3.980980E+02,  1.938000E+04,  1.122020E+00,
  3.982234E+02,  2.119400E+04,  1.447123E+00,
  3.983488E+02,  2.255200E+04,  1.692148E+00,
  3.984743E+02,  2.350300E+04,  1.865541E+00,
  3.985997E+02,  2.372700E+04,  1.910349E+00,
  3.987251E+02,  2.313600E+04,  1.810577E+00,
  3.988506E+02,  2.172500E+04,  1.564917E+00,
  3.989760E+02,  2.015400E+04,  1.290319E+00,
  3.991014E+02,  1.788000E+04,  8.900371E-01,
  3.992268E+02,  1.603800E+04,  5.659457E-01,
  3.993523E+02,  1.488700E+04,  3.644613E-01,
  3.994777E+02,  1.398100E+04,  2.063181E-01,
  3.996031E+02,  1.381500E+04,  1.800993E-01,
  3.997285E+02,  1.350100E+04,  1.273495E-01,
  3.998540E+02,  1.356400E+04,  1.419908E-01,
  3.999794E+02,  1.341300E+04,  1.183003E-01,
  4.001048E+02,  1.358000E+04,  1.516040E-01,
  4.002303E+02,  1.383600E+04,  2.009465E-01,
  4.003557E+02,  1.436700E+04,  2.998058E-01,
  4.004811E+02,  1.494100E+04,  4.065852E-01,
  4.006065E+02,  1.564000E+04,  5.360748E-01,
  4.007320E+02,  1.624000E+04,  6.479613E-01,
  4.008574E+02,  1.742700E+04,  8.659720E-01,
  4.009828E+02,  1.779600E+04,  9.366570E-01,
  4.011082E+02,  1.835900E+04,  1.042543E+00,
  4.012337E+02,  1.860900E+04,  1.091985E+00,
  4.013591E+02,  1.891000E+04,  1.150752E+00,
  4.014845E+02,  1.842800E+04,  1.067660E+00,
  4.016100E+02,  1.825600E+04,  1.040659E+00,
  4.017354E+02,  1.768300E+04,  9.407537E-01,
  4.018608E+02,  1.695900E+04,  8.131911E-01,
  4.019862E+02,  1.657000E+04,  7.463476E-01,
  4.021117E+02,  1.614700E+04,  6.731732E-01,
  4.022371E+02,  1.598400E+04,  6.472636E-01,
  4.023625E+02,  1.601000E+04,  6.557953E-01,
  4.024879E+02,  1.579700E+04,  6.206686E-01,
  4.026134E+02,  1.600700E+04,  6.628269E-01,
  4.027388E+02,  1.598400E+04,  6.624058E-01,
  4.028642E+02,  1.583600E+04,  6.390720E-01,
  4.029897E+02,  1.581000E+04,  6.380618E-01,
  4.031151E+02,  1.532400E+04,  5.525921E-01,
  4.032405E+02,  1.530800E+04,  5.533198E-01,
  4.033659E+02,  1.494700E+04,  4.905823E-01,
  4.034914E+02,  1.461600E+04,  4.332404E-01,
  4.036168E+02,  1.481600E+04,  4.736416E-01,
  4.037422E+02,  1.489600E+04,  4.919766E-01,
  4.038676E+02,  1.485100E+04,  4.872587E-01,
  4.039931E+02,  1.486600E+04,  4.936141E-01,
  4.041185E+02,  1.491400E+04,  5.060794E-01,
  4.042439E+02,  1.486500E+04,  5.005993E-01,
  4.043694E+02,  1.482500E+04,  4.967697E-01,
  4.044948E+02,  1.484800E+04,  5.046142E-01,
  4.046202E+02,  1.513800E+04,  5.620514E-01,
  4.047456E+02,  1.481800E+04,  5.061994E-01,
  4.048711E+02,  1.499000E+04,  5.417781E-01,
  4.049965E+02,  1.509500E+04,  5.649393E-01,
  4.051219E+02,  1.520200E+04,  5.885106E-01,
  4.052473E+02,  1.509300E+04,  5.718140E-01,
  4.053728E+02,  1.530300E+04,  6.146604E-01,
  4.054982E+02,  1.522700E+04,  6.041123E-01,
  4.056236E+02,  1.554000E+04,  6.663325E-01,
  4.057491E+02,  1.540700E+04,  6.451222E-01,
  4.058745E+02,  1.549700E+04,  6.656749E-01,
  4.059999E+02,  1.561600E+04,  6.917025E-01,
  4.061253E+02,  1.547900E+04,  6.696825E-01,
  4.062508E+02,  1.586800E+04,  7.465171E-01,
  4.063762E+02,  1.565600E+04,  7.103773E-01,
  4.065016E+02,  1.578000E+04,  7.374600E-01,
  4.066270E+02,  1.600100E+04,  7.828781E-01,
  4.067525E+02,  1.615700E+04,  8.161068E-01,
  4.068779E+02,  1.613200E+04,  8.151959E-01,
  4.070033E+02,  1.625500E+04,  8.422635E-01,
  4.071288E+02,  1.608400E+04,  8.137254E-01,
  4.072542E+02,  1.640400E+04,  8.781536E-01,
  4.073796E+02,  1.631000E+04,  8.641834E-01,
  4.075050E+02,  1.641100E+04,  8.871956E-01,
  4.076305E+02,  1.627400E+04,  8.650227E-01,
  4.077559E+02,  1.657400E+04,  9.259120E-01,
  4.078813E+02,  1.651100E+04,  9.178061E-01,
  4.080067E+02,  1.651100E+04,  9.216823E-01,
  4.081322E+02,  1.682700E+04,  9.858288E-01,
  4.082576E+02,  1.676500E+04,  9.779257E-01,
  4.083830E+02,  1.668500E+04,  9.665610E-01,
  4.085085E+02,  1.668300E+04,  9.700862E-01,
  4.086339E+02,  1.682800E+04,  1.001755E+00,
  4.087593E+02,  1.659300E+04,  9.606544E-01,
  4.088847E+02,  1.683500E+04,  1.010965E+00,
  4.090102E+02,  1.669700E+04,  9.884056E-01,
  4.091356E+02,  1.663700E+04,  9.807851E-01,
  4.092610E+02,  1.695900E+04,  1.046625E+00,
  4.093864E+02,  1.649500E+04,  9.612437E-01,
  4.095119E+02,  1.678700E+04,  1.021394E+00,
  4.096373E+02,  1.666200E+04,  1.001208E+00,
  4.097627E+02,  1.672900E+04,  1.018050E+00,
  4.098882E+02,  1.675200E+04,  1.026412E+00,
  4.100136E+02,  1.645700E+04,  9.732647E-01,
  4.101390E+02,  1.677100E+04,  1.037935E+00,
  4.102644E+02,  1.684200E+04,  1.055621E+00,
  4.103899E+02,  1.656300E+04,  1.005433E+00,
  4.105153E+02,  1.634400E+04,  9.667943E-01,
  4.106407E+02,  1.643700E+04,  9.887178E-01,
  4.107661E+02,  1.647500E+04,  9.999758E-01,
  4.108916E+02,  1.661300E+04,  1.030721E+00,
  4.110170E+02,  1.653900E+04,  1.020195E+00,
  4.111424E+02,  1.661100E+04,  1.038126E+00,
  4.112679E+02,  1.627800E+04,  9.769931E-01,
  4.113933E+02,  1.630000E+04,  9.851301E-01,
  4.115187E+02,  1.637500E+04,  1.003645E+00,
  4.116441E+02,  1.593400E+04,  9.211345E-01,
  4.117696E+02,  1.605600E+04,  9.488228E-01,
  4.118950E+02,  1.588000E+04,  9.180866E-01,
  4.120204E+02,  1.587600E+04,  9.210646E-01,
  4.121458E+02,  1.588800E+04,  9.271868E-01,
  4.122713E+02,  1.580900E+04,  9.154082E-01,
  4.123967E+02,  1.563000E+04,  8.839061E-01,
  4.125221E+02,  1.534100E+04,  8.306534E-01,
  4.126476E+02,  1.544300E+04,  8.544442E-01,
  4.127730E+02,  1.545900E+04,  8.612880E-01,
  4.128984E+02,  1.548600E+04,  8.703123E-01,
  4.130238E+02,  1.535900E+04,  8.488744E-01,
  4.131493E+02,  1.500800E+04,  7.830248E-01,
  4.132747E+02,  1.513400E+04,  8.116068E-01,
  4.134001E+02,  1.504300E+04,  7.971765E-01,
  4.135255E+02,  1.519900E+04,  8.317702E-01,
  4.136510E+02,  1.486600E+04,  7.692089E-01,
  4.137764E+02,  1.502000E+04,  8.034298E-01,
  4.139018E+02,  1.477500E+04,  7.582387E-01,
  4.140273E+02,  1.482700E+04,  7.721657E-01,
  4.141527E+02,  1.468200E+04,  7.468016E-01,
  4.142781E+02,  1.447000E+04,  7.080016E-01,
  4.144035E+02,  1.446200E+04,  7.099057E-01,
  4.145290E+02,  1.488100E+04,  7.972521E-01,
  4.146544E+02,  1.448500E+04,  7.215169E-01,
  4.147798E+02,  1.433200E+04,  6.943499E-01,
  4.149052E+02,  1.465900E+04,  7.634457E-01,
  4.150307E+02,  1.460500E+04,  7.561387E-01,
  4.151561E+02,  1.434300E+04,  7.069952E-01,
  4.152815E+02,  1.424900E+04,  6.915596E-01,
  4.154070E+02,  1.414900E+04,  6.748806E-01,
  4.155324E+02,  1.432300E+04,  7.134034E-01,
  4.156578E+02,  1.438800E+04,  7.299961E-01,
  4.157832E+02,  1.442600E+04,  7.411601E-01,
  4.159087E+02,  1.422000E+04,  7.030094E-01,
  4.160341E+02,  1.438500E+04,  7.398553E-01,
  4.161595E+02,  1.429300E+04,  7.247095E-01,
  4.162849E+02,  1.422200E+04,  7.137867E-01,
  4.164104E+02,  1.433100E+04,  7.393627E-01,
  4.165358E+02,  1.425600E+04,  7.276079E-01,
  4.166612E+02,  1.406300E+04,  6.918353E-01,
  4.167867E+02,  1.396200E+04,  6.747109E-01,
  4.169121E+02,  1.406100E+04,  6.982839E-01,
  4.170375E+02,  1.397000E+04,  6.831595E-01,
  4.171629E+02,  1.399100E+04,  6.908551E-01,
  4.172884E+02,  1.419600E+04,  7.361399E-01,
  4.174138E+02,  1.402500E+04,  7.046350E-01,
  4.175392E+02,  1.366300E+04,  6.339821E-01,
  4.176646E+02,  1.388900E+04,  6.836222E-01,
  4.177901E+02,  1.384400E+04,  6.777927E-01,
  4.179155E+02,  1.399100E+04,  7.113429E-01,
  4.180409E+02,  1.389900E+04,  6.958626E-01,
  4.181664E+02,  1.395900E+04,  7.115943E-01,
  4.182918E+02,  1.391300E+04,  7.055382E-01,
  4.184172E+02,  1.396300E+04,  7.192363E-01,
  4.185426E+02,  1.382300E+04,  6.937854E-01,
  4.186681E+02,  1.363200E+04,  6.577585E-01,
  4.187935E+02,  1.380600E+04,  6.970413E-01,
  4.189189E+02,  1.384300E+04,  7.080702E-01,
  4.190443E+02,  1.377100E+04,  6.965598E-01,
  4.191698E+02,  1.371900E+04,  6.891643E-01,
  4.192952E+02,  1.372100E+04,  6.929426E-01,
  4.194206E+02,  1.363300E+04,  6.780484E-01,
  4.195461E+02,  1.375200E+04,  7.061092E-01,
  4.196715E+02,  1.384200E+04,  7.281876E-01,
  4.197969E+02,  1.371900E+04,  7.059841E-01,
  4.199223E+02,  1.356800E+04,  6.779024E-01,
  4.200478E+02,  1.358200E+04,  6.841559E-01,
  4.201732E+02,  1.353100E+04,  6.768538E-01,
  4.202986E+02,  1.355200E+04,  6.845673E-01,
  4.204240E+02,  1.365200E+04,  7.088020E-01,
  4.205495E+02,  1.338500E+04,  6.562940E-01,
  4.206749E+02,  1.350600E+04,  6.849327E-01,
  4.208003E+02,  1.338300E+04,  6.624761E-01,
  4.209258E+02,  1.336900E+04,  6.628391E-01,
  4.210512E+02,  1.326200E+04,  6.436688E-01,
  4.211766E+02,  1.335800E+04,  6.671228E-01,
  4.213020E+02,  1.336100E+04,  6.710495E-01,
  4.214275E+02,  1.346400E+04,  6.960340E-01,
  4.215529E+02,  1.322300E+04,  6.485581E-01,
  4.216783E+02,  1.320100E+04,  6.471871E-01,
  4.218037E+02,  1.330300E+04,  6.719894E-01,
  4.219292E+02,  1.343300E+04,  7.027492E-01,
  4.220546E+02,  1.326300E+04,  6.700994E-01,
  4.221800E+02,  1.329800E+04,  6.807879E-01,
  4.223055E+02,  1.342500E+04,  7.109869E-01,
  4.224309E+02,  1.330100E+04,  6.879942E-01,
  4.225563E+02,  1.335300E+04,  7.023201E-01,
  4.226817E+02,  1.313400E+04,  6.590775E-01,
  4.228072E+02,  1.329400E+04,  6.963629E-01,
  4.229326E+02,  1.316700E+04,  6.726100E-01,
  4.230580E+02,  1.318700E+04,  6.801322E-01,
  4.231834E+02,  1.308300E+04,  6.612145E-01,
  4.233089E+02,  1.288800E+04,  6.228302E-01,
  4.234343E+02,  1.311900E+04,  6.753948E-01,
  4.235597E+02,  1.321100E+04,  6.983222E-01,
  4.236852E+02,  1.289500E+04,  6.339467E-01,
  4.238106E+02,  1.300300E+04,  6.602943E-01,
  4.239360E+02,  1.277300E+04,  6.141982E-01,
  4.240614E+02,  1.289100E+04,  6.427111E-01,
  4.241869E+02,  1.283200E+04,  6.332422E-01,
  4.243123E+02,  1.294000E+04,  6.596629E-01,
  4.244377E+02,  1.245600E+04,  5.587026E-01,
  4.245631E+02,  1.259900E+04,  5.926324E-01,
  4.246886E+02,  1.278700E+04,  6.363219E-01,
  4.248140E+02,  1.275400E+04,  6.323870E-01,
  4.249394E+02,  1.287300E+04,  6.612751E-01,
  4.250648E+02,  1.283100E+04,  6.553982E-01,
  4.251903E+02,  1.257400E+04,  6.029739E-01,
  4.253157E+02,  1.278000E+04,  6.507431E-01,
  4.254411E+02,  1.266900E+04,  6.298631E-01,
  4.255666E+02,  1.271200E+04,  6.423594E-01,
  4.256920E+02,  1.266600E+04,  6.355409E-01,
  4.258174E+02,  1.258600E+04,  6.213126E-01,
  4.259428E+02,  1.243700E+04,  5.920379E-01,
  4.260683E+02,  1.247200E+04,  6.027802E-01,
  4.261937E+02,  1.267600E+04,  6.503791E-01,
  4.263191E+02,  1.250900E+04,  6.171064E-01,
  4.264445E+02,  1.243800E+04,  6.047338E-01,
  4.265700E+02,  1.218900E+04,  5.534230E-01,
  4.266954E+02,  1.246900E+04,  6.177564E-01,
  4.268208E+02,  1.245100E+04,  6.169409E-01,
  4.269463E+02,  1.245800E+04,  6.215981E-01,
  4.270717E+02,  1.228800E+04,  5.874256E-01,
  4.271971E+02,  1.236400E+04,  6.072052E-01,
  4.273225E+02,  1.233500E+04,  6.039371E-01,
  4.274480E+02,  1.219700E+04,  5.766788E-01,
  4.275734E+02,  1.224600E+04,  5.905409E-01,
  4.276988E+02,  1.227300E+04,  5.995741E-01,
  4.278242E+02,  1.221400E+04,  5.896476E-01,
  4.279497E+02,  1.216100E+04,  5.810223E-01,
  4.280751E+02,  1.231400E+04,  6.178997E-01,
  4.282005E+02,  1.209500E+04,  5.725562E-01,
  4.283260E+02,  1.200200E+04,  5.550202E-01,
  4.284514E+02,  1.203400E+04,  5.651456E-01,
  4.285768E+02,  1.206300E+04,  5.746186E-01,
  4.287022E+02,  1.206300E+04,  5.776656E-01,
  4.288277E+02,  1.195200E+04,  5.560496E-01,
  4.289531E+02,  1.219100E+04,  6.122261E-01,
  4.290785E+02,  1.199900E+04,  5.725615E-01,
  4.292039E+02,  1.195900E+04,  5.666845E-01,
  4.293294E+02,  1.206800E+04,  5.940174E-01,
  4.294548E+02,  1.186600E+04,  5.519810E-01,
  4.295802E+02,  1.200500E+04,  5.860412E-01,
  4.297057E+02,  1.197500E+04,  5.823696E-01,
  4.298311E+02,  1.189100E+04,  5.666010E-01,
  4.299565E+02,  1.184400E+04,  5.590864E-01,
  4.300819E+02,  1.186100E+04,  5.659023E-01,
  4.302074E+02,  1.171000E+04,  5.350251E-01,
  4.303328E+02,  1.191800E+04,  5.847206E-01,
  4.304582E+02,  1.189400E+04,  5.823448E-01,
  4.305836E+02,  1.175800E+04,  5.547581E-01,
  4.307091E+02,  1.177100E+04,  5.606735E-01,
  4.308345E+02,  1.180800E+04,  5.720040E-01,
  4.309599E+02,  1.155200E+04,  5.172434E-01,
  4.310854E+02,  1.181900E+04,  5.804838E-01,
  4.312108E+02,  1.161600E+04,  5.376012E-01,
  4.313362E+02,  1.176300E+04,  5.738161E-01,
  4.314616E+02,  1.159800E+04,  5.394441E-01,
  4.315871E+02,  1.138000E+04,  4.929937E-01,
  4.317125E+02,  1.164200E+04,  5.553368E-01,
  4.318379E+02,  1.175100E+04,  5.830494E-01,
  4.319633E+02,  1.151400E+04,  5.321796E-01,
  4.320888E+02,  1.151600E+04,  5.355738E-01,
  4.322142E+02,  1.157100E+04,  5.510346E-01,
  4.323396E+02,  1.149800E+04,  5.373521E-01,
  4.324651E+02,  1.149000E+04,  5.384641E-01,
  4.325905E+02,  1.146200E+04,  5.350074E-01,
  4.327159E+02,  1.140100E+04,  5.240000E-01,
  4.328413E+02,  1.154800E+04,  5.605318E-01,
  4.329668E+02,  1.111900E+04,  5.420597E-01,
  4.330922E+02,  1.136100E+04,  5.235876E-01,
  4.332176E+02,  1.169700E+04,  6.035374E-01,
  4.333430E+02,  1.135000E+04,  5.268815E-01,
  4.334685E+02,  1.158300E+04,  5.833083E-01,
  4.335939E+02,  1.138800E+04,  5.414321E-01,
  4.337193E+02,  1.124900E+04,  5.123619E-01,
  4.338448E+02,  1.128500E+04,  5.235400E-01,
  4.339702E+02,  1.131400E+04,  5.331194E-01,
  4.340956E+02,  1.118800E+04,  5.069481E-01,
  4.342210E+02,  1.130500E+04,  5.368419E-01,
  4.343465E+02,  1.131000E+04,  5.408962E-01,
  4.344719E+02,  1.130900E+04,  5.435649E-01,
  4.345973E+02,  1.108200E+04,  4.939027E-01,
  4.347227E+02,  1.142300E+04,  5.757850E-01,
  4.348482E+02,  1.116200E+04,  5.181662E-01,
  4.349736E+02,  1.116700E+04,  5.221970E-01,
  4.350990E+02,  1.126200E+04,  5.471439E-01,
  4.352245E+02,  1.120500E+04,  5.367776E-01,
  4.353499E+02,  1.102800E+04,  4.984528E-01,
  4.354753E+02,  1.104800E+04,  5.059555E-01,
  4.356007E+02,  1.127500E+04,  5.617400E-01,
  4.357262E+02,  1.158300E+04,  5.412723E-01,
  4.358516E+02,  1.107500E+04,  5.208045E-01,
  4.359770E+02,  1.096300E+04,  4.974689E-01,
  4.361024E+02,  1.125200E+04,  5.679352E-01,
  4.362279E+02,  1.114600E+04,  5.459955E-01,
  4.363533E+02,  1.094900E+04,  5.026766E-01,
  4.364787E+02,  1.101600E+04,  5.212264E-01,
  4.366042E+02,  1.094900E+04,  5.083317E-01,
  4.367296E+02,  1.109700E+04,  5.459508E-01,
  4.368550E+02,  1.096700E+04,  5.182224E-01,
  4.369804E+02,  1.100000E+04,  5.288253E-01,
  4.371059E+02,  1.102200E+04,  5.368495E-01,
  4.372313E+02,  1.107600E+04,  5.524322E-01,
  4.373567E+02,  1.098700E+04,  5.342723E-01,
  4.374821E+02,  1.078100E+04,  4.884250E-01,
  4.376076E+02,  1.114900E+04,  5.782649E-01,
  4.377330E+02,  1.090200E+04,  5.226588E-01,
  4.378584E+02,  1.071300E+04,  4.806930E-01,
  4.379839E+02,  1.085800E+04,  5.178623E-01,
  4.381093E+02,  1.092900E+04,  5.375262E-01,
  4.382347E+02,  1.096800E+04,  5.496174E-01,
  4.383601E+02,  1.086400E+04,  5.277202E-01,
  4.384856E+02,  1.093500E+04,  5.474308E-01,
  4.386110E+02,  1.069100E+04,  4.921329E-01,
  4.387364E+02,  1.075800E+04,  5.108835E-01,
  4.388618E+02,  1.079100E+04,  5.215488E-01,
  4.389873E+02,  1.074600E+04,  5.135980E-01,
  4.391127E+02,  1.064600E+04,  4.924800E-01,
  4.392381E+02,  1.072900E+04,  5.151066E-01,
  4.393636E+02,  1.066800E+04,  5.032829E-01,
  4.394890E+02,  1.070700E+04,  5.154031E-01,
  4.396144E+02,  1.084200E+04,  5.505704E-01,
  4.397398E+02,  1.084300E+04,  5.536197E-01,
  4.398653E+02,  1.051200E+04,  4.768811E-01,
  4.399907E+02,  1.065000E+04,  5.128150E-01,
  4.401161E+02,  1.062500E+04,  5.095654E-01,
  4.402416E+02,  1.076700E+04,  5.465467E-01,
  4.403670E+02,  1.056400E+04,  5.003822E-01,
  4.404924E+02,  1.055900E+04,  5.019266E-01,
  4.406179E+02,  1.074100E+04,  5.486482E-01,
  4.407433E+02,  1.044000E+04,  4.786522E-01,
  4.408687E+02,  1.055300E+04,  5.087264E-01,
  4.409941E+02,  1.054900E+04,  5.105070E-01,
  4.411196E+02,  1.037000E+04,  4.698575E-01,
  4.412450E+02,  1.033200E+04,  4.633473E-01,
  4.413704E+02,  1.070300E+04,  5.561574E-01,
  4.414958E+02,  1.067700E+04,  5.526192E-01,
  4.416213E+02,  1.032000E+04,  4.685375E-01,
  4.417467E+02,  1.058100E+04,  5.347959E-01,
  4.418721E+02,  1.032100E+04,  4.741832E-01,
  4.419976E+02,  1.039700E+04,  4.954246E-01,
  4.421230E+02,  1.042100E+04,  5.040021E-01,
  4.422484E+02,  1.042600E+04,  5.079473E-01,
  4.423738E+02,  1.036700E+04,  4.962412E-01,
  4.424993E+02,  1.031900E+04,  4.872029E-01,
  4.426247E+02,  1.048100E+04,  5.295969E-01,
  4.427501E+02,  1.050600E+04,  5.384643E-01,
  4.428755E+02,  1.040300E+04,  5.159262E-01,
  4.430010E+02,  1.020400E+04,  4.697609E-01,
  4.431264E+02,  1.026700E+04,  4.879287E-01,
  4.432518E+02,  1.041600E+04,  5.272872E-01,
  4.433773E+02,  1.032700E+04,  5.080903E-01,
  4.435027E+02,  1.034900E+04,  5.162185E-01,
  4.436281E+02,  1.026200E+04,  4.974625E-01,
  4.437535E+02,  1.033600E+04,  5.184278E-01,
  4.438790E+02,  1.041100E+04,  5.396724E-01,
  4.440044E+02,  1.022900E+04,  4.973731E-01,
  4.441298E+02,  1.031400E+04,  5.211034E-01,
  4.442552E+02,  1.028600E+04,  5.168680E-01,
  4.443807E+02,  1.019700E+04,  4.974909E-01,
  4.445061E+02,  1.036700E+04,  5.423704E-01,
  4.446315E+02,  1.026600E+04,  5.199913E-01,
  4.447570E+02,  1.019100E+04,  5.040342E-01,
  4.448824E+02,  1.029200E+04,  5.318499E-01,
  4.450078E+02,  1.016500E+04,  5.029127E-01,
  4.451332E+02,  1.015800E+04,  5.038397E-01,
  4.452587E+02,  1.021400E+04,  5.204851E-01,
  4.453841E+02,  1.026100E+04,  5.349072E-01,
  4.455095E+02,  9.969000E+03,  4.646076E-01,
  4.456349E+02,  1.006300E+04,  4.907562E-01,
  4.457604E+02,  1.006600E+04,  4.941587E-01,
  4.458858E+02,  1.010600E+04,  5.068358E-01,
  4.460112E+02,  1.000000E+04,  4.829070E-01,
  4.461367E+02,  1.009400E+04,  5.091450E-01,
  4.462621E+02,  1.002100E+04,  4.934600E-01,
  4.463875E+02,  1.005800E+04,  5.054083E-01,
  4.465129E+02,  1.003700E+04,  5.027734E-01,
  4.466384E+02,  1.001400E+04,  4.996256E-01,
  4.467638E+02,  9.980000E+03,  4.936944E-01,
  4.468892E+02,  1.019300E+04,  5.500850E-01,
  4.470146E+02,  9.981000E+03,  4.992165E-01,
  4.471401E+02,  1.002600E+04,  5.132285E-01,
  4.472655E+02,  9.860000E+03,  4.738706E-01,
  4.473909E+02,  9.981000E+03,  5.071232E-01,
  4.475164E+02,  9.884000E+03,  4.851725E-01,
  4.476418E+02,  9.925000E+03,  4.981887E-01,
  4.477672E+02,  9.885000E+03,  4.906563E-01,
  4.478926E+02,  9.851000E+03,  4.846314E-01,
  4.480181E+02,  9.840000E+03,  4.844417E-01,
  4.481435E+02,  1.005300E+04,  5.412709E-01,
  4.482689E+02,  9.834000E+03,  4.881252E-01,
  4.483943E+02,  9.697000E+03,  4.557941E-01,
  4.485198E+02,  9.762000E+03,  4.749590E-01,
  4.486452E+02,  9.729000E+03,  4.691188E-01,
  4.487706E+02,  9.709000E+03,  4.665879E-01,
  4.488961E+02,  9.691000E+03,  4.645604E-01,
  4.490215E+02,  9.800000E+03,  4.950509E-01,
  4.491469E+02,  9.747000E+03,  4.840641E-01,
  4.492723E+02,  9.919000E+03,  5.307787E-01,
  4.493978E+02,  9.598000E+03,  4.509796E-01,
  4.495232E+02,  9.744000E+03,  4.910557E-01,
  4.496486E+02,  9.941000E+03,  5.443148E-01,
  4.497740E+02,  9.777000E+03,  5.047258E-01,
  4.498995E+02,  9.739000E+03,  4.975297E-01,
  4.500249E+02,  9.780000E+03,  5.106896E-01,
  4.501503E+02,  9.669000E+03,  4.846361E-01,
  4.502758E+02,  9.697000E+03,  4.944409E-01,
  4.504012E+02,  9.678000E+03,  4.921065E-01,
  4.505266E+02,  9.617000E+03,  4.788955E-01,
  4.506520E+02,  9.573000E+03,  4.700605E-01,
  4.507775E+02,  9.461000E+03,  4.435795E-01,
  4.509029E+02,  9.501000E+03,  4.564833E-01,
  4.510283E+02,  9.453000E+03,  4.465550E-01,
  4.511537E+02,  9.702000E+03,  5.137913E-01,