*********************  Core Excitation Data  ********************
****************  A.P. Hitchcock & D.C. Mancini  ****************
*
* Formula: C6H5NH2
* Name: Aniline
* Edge: N 1s
* Alpha Formula: C6H7N
* Data Source: Hitchcock
* Filename:  ay-0nnkk.os
* Ref. Code: TUH96
* Write Date: 98/08/07
* Reference: Can. J. Chem. 74 (1996) 851.
* Source and Purity: Child's lab (distilled MACCO)
* Acquisition Mode: EELS, 2 deg, 2500eV CRE mode, 0.7eV fwhm
*--------------------------------------------------------------
* No. of Spectra: 2	name1- 0ayn	 name2- 0ayn.os
*   E (eV)        Raw data             Osc. Str. per atom (E-2)
*--------------------------------------------------------------
  3.893500E+02	  4.910000E+04	 -3.517071E-02	
  3.895443E+02	  4.894600E+04	 -4.535944E-02	
  3.897500E+02	  4.908200E+04	 -1.826288E-02	
  3.899443E+02	  4.945900E+04	  3.889289E-02	
  3.901500E+02	  4.904700E+04	 -3.534562E-03	
  3.903443E+02	  4.902000E+04	  2.338937E-03	
  3.905500E+02	  4.933100E+04	  5.174423E-02	
  3.907443E+02	  4.882200E+04	 -3.725488E-03	
  3.909500E+02	  4.896500E+04	  2.431148E-02	
  3.911443E+02	  4.879100E+04	  1.140988E-02	
  3.913500E+02	  4.873400E+04	  1.394485E-02	
  3.915443E+02	  4.868300E+04	  1.668595E-02	
  3.917500E+02	  4.841800E+04	 -7.391515E-03	
  3.919443E+02	  4.838200E+04	 -2.777595E-03	
  3.921500E+02	  4.814400E+04	 -2.349168E-02	
  3.923443E+02	  4.780800E+04	 -5.734928E-02	
  3.925500E+02	  4.836100E+04	  2.323529E-02	
  3.927443E+02	  4.793300E+04	 -2.248009E-02	
  3.929500E+02	  4.775300E+04	 -3.590101E-02	
  3.931443E+02	  4.781400E+04	 -1.892958E-02	
  3.933500E+02	  4.774500E+04	 -1.812985E-02	
  3.935443E+02	  4.820700E+04	  5.045824E-02	
  3.937500E+02	  4.789794E+04	  2.035576E-02	
  3.939443E+02	  4.778550E+04	  1.499682E-02	
  3.941500E+02	  4.790645E+04	  4.025634E-02	
  3.943443E+02	  4.710200E+04	 -5.447518E-02	
  3.945500E+02	  4.725200E+04	 -2.551321E-02	
  3.947443E+02	  4.712000E+04	 -3.352374E-02	
  3.949500E+02	  4.710300E+04	 -2.614858E-02	
  3.951443E+02	  4.706200E+04	 -2.242097E-02	
  3.953500E+02	  4.757900E+04	  5.415457E-02	
  3.955443E+02	  4.712086E+04	  3.804265E-03	
  3.957500E+02	  4.669616E+04	 -4.176685E-02	
  3.959443E+02	  4.643400E+04	 -6.683965E-02	
  3.961500E+02	  4.674600E+04	 -1.678975E-02	
  3.963443E+02	  4.683800E+04	  4.167060E-03	
  3.965500E+02	  4.651300E+04	 -2.863563E-02	
  3.967443E+02	  4.694600E+04	  3.674962E-02	
  3.969500E+02	  4.613300E+04	 -5.976294E-02	
  3.971443E+02	  4.668500E+04	  2.119961E-02	
  3.973500E+02	  4.629600E+04	 -2.012371E-02	
  3.975443E+02	  4.648000E+04	  1.285246E-02	
  3.977500E+02	  4.642400E+04	  1.498962E-02	
  3.979443E+02	  4.599300E+04	 -3.251135E-02	
  3.981500E+02	  4.590900E+04	 -3.411314E-02	
  3.983443E+02	  4.587100E+04	 -3.022261E-02	
  3.984459E+02	  4.612000E+04	  7.080507E-03	
  3.985602E+02	  4.576800E+04	 -3.388789E-02	
  3.986859E+02	  4.601500E+04	  4.273128E-03	
  3.988002E+02	  4.565200E+04	 -3.819111E-02	
  3.989259E+02	  4.574500E+04	 -2.024835E-02	
  3.990402E+02	  4.545100E+04	 -5.370379E-02	
  3.991659E+02	  4.558600E+04	 -3.023976E-02	
  3.992802E+02	  4.513900E+04	 -8.387689E-02	
  3.994059E+02	  4.568600E+04	 -6.170344E-03	
  3.995202E+02	  4.554100E+04	 -2.007574E-02	
  3.996459E+02	  4.554700E+04	 -1.357899E-02	
  3.997602E+02	  4.569400E+04	  1.098807E-02	
  3.998859E+02	  4.530600E+04	 -3.448262E-02	
  4.000002E+02	  4.590700E+04	  5.000486E-02	
  4.001259E+02	  4.587300E+04	  5.123886E-02	
  4.002402E+02	  4.635500E+04	  1.201105E-01	
  4.003659E+02	  4.741400E+04	  2.658197E-01	
  4.004802E+02	  4.851800E+04	  4.170791E-01	
  4.006059E+02	  4.934400E+04	  5.322329E-01	
  4.007202E+02	  5.130400E+04	  7.970223E-01	
  4.008345E+02	  5.207100E+04	  9.040850E-01	
  4.010745E+02	  5.308900E+04	  1.050658E+00	
  4.012002E+02	  5.349600E+04	  1.110794E+00	
  4.013145E+02	  5.350000E+04	  1.116961E+00	
  4.014402E+02	  5.361700E+04	  1.138687E+00	
  4.015545E+02	  5.360000E+04	  1.142071E+00	
  4.016802E+02	  5.478900E+04	  1.306210E+00	
  4.017945E+02	  5.583800E+04	  1.451319E+00	
  4.019202E+02	  5.710100E+04	  1.625583E+00	
  4.020345E+02	  5.783300E+04	  1.728788E+00	
  4.021602E+02	  5.793200E+04	  1.748434E+00	
  4.022745E+02	  5.705100E+04	  1.637030E+00	
  4.024002E+02	  5.599300E+04	  1.502523E+00	
  4.025145E+02	  5.478600E+04	  1.347455E+00	
  4.026402E+02	  5.358100E+04	  1.193074E+00	
  4.027545E+02	  5.372400E+04	  1.217777E+00	
  4.028802E+02	  5.346500E+04	  1.189417E+00	
  4.029945E+02	  5.315200E+04	  1.153252E+00	
  4.031202E+02	  5.352900E+04	  1.209768E+00	
  4.032345E+02	  5.292000E+04	  1.134015E+00	
  4.033602E+02	  5.276800E+04	  1.119839E+00	
  4.034745E+02	  5.320823E+04	  1.184296E+00	
  4.036002E+02	  5.246900E+04	  1.091541E+00	
  4.037145E+02	  5.274000E+04	  1.133376E+00	
  4.038288E+02	  5.207000E+04	  1.049217E+00	
  4.039545E+02	  5.201500E+04	  1.047934E+00	
  4.040688E+02	  5.191600E+04	  1.040192E+00	
  4.041945E+02	  5.166300E+04	  1.012334E+00	
  4.043088E+02	  5.167800E+04	  1.019853E+00	
  4.044345E+02	  5.118200E+04	  9.593274E-01	
  4.045488E+02	  5.089800E+04	  9.266638E-01	
  4.046745E+02	  5.120900E+04	  9.744557E-01	
  4.047888E+02	  5.145600E+04	  1.013134E+00	
  4.049145E+02	  5.170000E+04	  1.051986E+00	
  4.050288E+02	  5.185600E+04	  1.078478E+00	
  4.051545E+02	  5.149500E+04	  1.035947E+00	
  4.052688E+02	  5.172900E+04	  1.072948E+00	
  4.053945E+02	  5.191200E+04	  1.103657E+00	
  4.055088E+02	  5.228600E+04	  1.159581E+00	
  4.056345E+02	  5.250600E+04	  1.195335E+00	
  4.057488E+02	  5.283000E+04	  1.244591E+00	
  4.058745E+02	  5.331900E+04	  1.316714E+00	
  4.059888E+02	  5.313800E+04	  1.297863E+00	
  4.061145E+02	  5.307500E+04	  1.295491E+00	
  4.062288E+02	  5.285748E+04	  1.271666E+00	
  4.063545E+02	  5.357500E+04	  1.374809E+00	
  4.064688E+02	  5.311100E+04	  1.317641E+00	
  4.065945E+02	  5.295286E+04	  1.302369E+00	
  4.067088E+02	  5.335500E+04	  1.362386E+00	
  4.068345E+02	  5.344400E+04	  1.380590E+00	
  4.069488E+02	  5.338000E+04	  1.377509E+00	
  4.071888E+02	  5.366200E+04	  1.427494E+00	
  4.073031E+02	  5.375600E+04	  1.445853E+00	
  4.074288E+02	  5.344400E+04	  1.409659E+00	
  4.075431E+02	  5.358805E+04	  1.434813E+00	
  4.076688E+02	  5.359500E+04	  1.441914E+00	
  4.077831E+02	  5.331400E+04	  1.409304E+00	
  4.079088E+02	  5.343600E+04	  1.432035E+00	
  4.080231E+02	  5.329500E+04	  1.418432E+00	
  4.081488E+02	  5.322900E+04	  1.415578E+00	
  4.082631E+02	  5.307800E+04	  1.400582E+00	
  4.083888E+02	  5.313600E+04	  1.414601E+00	
  4.085031E+02	  5.248200E+04	  1.331007E+00	
  4.086288E+02	  5.267400E+04	  1.363272E+00	
  4.087431E+02	  5.246000E+04	  1.339606E+00	
  4.088688E+02	  5.188800E+04	  1.267591E+00	
  4.089831E+02	  5.173100E+04	  1.251637E+00	
  4.091088E+02	  5.139300E+04	  1.211476E+00	
  4.092231E+02	  5.134000E+04	  1.209686E+00	
  4.093488E+02	  5.131139E+04	  1.211771E+00	
  4.095443E+02	  5.143400E+04	  1.237877E+00	
  4.097386E+02	  5.093400E+04	  1.178668E+00	
  4.099443E+02	  5.080700E+04	  1.171024E+00	
  4.101386E+02	  5.030000E+04	  1.110684E+00	
  4.103443E+02	  5.008100E+04	  1.090313E+00	
  4.105386E+02	  5.014800E+04	  1.108647E+00	
  4.107443E+02	  4.982300E+04	  1.073634E+00	
  4.109386E+02	  4.948900E+04	  1.036781E+00	
  4.111443E+02	  4.899100E+04	  9.778075E-01	
  4.113386E+02	  4.921900E+04	  1.018234E+00	
  4.115443E+02	  4.919288E+04	  1.024195E+00	
  4.117386E+02	  4.891800E+04	  9.952873E-01	
  4.119443E+02	  4.856600E+04	  9.562013E-01	
  4.121386E+02	  4.803200E+04	  8.913584E-01	
  4.123443E+02	  4.764000E+04	  8.465676E-01	
  4.125386E+02	  4.759400E+04	  8.490623E-01	
  4.127443E+02	  4.750400E+04	  8.459703E-01	
  4.129386E+02	  4.718000E+04	  8.099012E-01	
  4.131443E+02	  4.725600E+04	  8.297708E-01	
  4.133386E+02	  4.719300E+04	  8.298380E-01	
  4.135443E+02	  4.702400E+04	  8.156816E-01	
  4.137386E+02	  4.677400E+04	  7.897088E-01	
  4.139443E+02	  4.683200E+04	  8.070523E-01	
  4.141386E+02	  4.643900E+04	  7.610925E-01	
  4.143443E+02	  4.642300E+04	  7.680961E-01	
  4.145386E+02	  4.639200E+04	  7.724905E-01	
  4.147443E+02	  4.601200E+04	  7.286817E-01	
  4.149386E+02	  4.625400E+04	  7.711495E-01	
  4.151443E+02	  4.582200E+04	  7.199765E-01	
  4.153386E+02	  4.628000E+04	  7.926801E-01	
  4.155443E+02	  4.561300E+04	  7.085224E-01	
  4.157386E+02	  4.576800E+04	  7.388539E-01	
  4.159443E+02	  4.613700E+04	  7.997226E-01	
  4.161386E+02	  4.575300E+04	  7.545245E-01	
  4.163443E+02	  4.547000E+04	  7.239323E-01	
  4.165386E+02	  4.556500E+04	  7.458776E-01	
  4.167443E+02	  4.549200E+04	  7.447248E-01	
  4.169386E+02	  4.557200E+04	  7.645770E-01	
  4.171443E+02	  4.538300E+04	  7.470738E-01	
  4.173386E+02	  4.527500E+04	  7.404364E-01	
  4.175443E+02	  4.545700E+04	  7.751725E-01	
  4.177386E+02	  4.536800E+04	  7.711971E-01	
  4.179443E+02	  4.495300E+04	  7.216682E-01	
  4.181386E+02	  4.506800E+04	  7.464488E-01	
  4.183443E+02	  4.503700E+04	  7.511048E-01	
  4.185386E+02	  4.495300E+04	  7.477502E-01	
  4.187443E+02	  4.487300E+04	  7.454420E-01	
  4.189386E+02	  4.503200E+04	  7.764913E-01	
  4.191443E+02	  4.467300E+04	  7.345971E-01	
  4.193386E+02	  4.485700E+04	  7.692027E-01	
  4.195443E+02	  4.442100E+04	  7.162713E-01	
  4.197386E+02	  4.440500E+04	  7.224548E-01	
  4.199443E+02	  4.457900E+04	  7.561606E-01	
  4.201386E+02	  4.483200E+04	  8.006482E-01	
  4.203443E+02	  4.406300E+04	  7.000802E-01	
  4.205386E+02	  4.428400E+04	  7.400039E-01	
  4.207443E+02	  4.418300E+04	  7.345216E-01	
  4.209386E+02	  4.426000E+04	  7.539384E-01	
  4.211443E+02	  4.380500E+04	  6.978466E-01	
  4.213386E+02	  4.368200E+04	  6.886370E-01	
  4.215443E+02	  4.393000E+04	  7.329829E-01	
  4.217386E+02	  4.399700E+04	  7.509645E-01	
  4.219443E+02	  4.368200E+04	  7.147084E-01	
  4.221386E+02	  4.317600E+04	  6.504995E-01	
  4.223443E+02	  4.349000E+04	  7.043591E-01	
  4.225386E+02	  4.325600E+04	  6.790869E-01	
  4.227443E+02	  4.327700E+04	  6.909024E-01	
  4.229386E+02	  4.311300E+04	  6.756241E-01	
  4.231443E+02	  4.298400E+04	  6.658344E-01	
  4.233386E+02	  4.294600E+04	  6.686356E-01	
  4.235443E+02	  4.296000E+04	  6.794104E-01	
  4.237386E+02	  4.310500E+04	  7.085954E-01	
  4.239443E+02	  4.255400E+04	  6.378224E-01	
  4.241386E+02	  4.288200E+04	  6.934295E-01	
  4.243443E+02	  4.280300E+04	  6.907495E-01	
  4.245386E+02	  4.203300E+04	  5.875977E-01	
  4.247443E+02	  4.231300E+04	  6.367804E-01	
  4.249386E+02	  4.205800E+04	  6.080271E-01	
  4.251443E+02	  4.212900E+04	  6.269655E-01	
  4.253386E+02	  4.181700E+04	  5.898644E-01	
  4.255443E+02	  4.231500E+04	  6.707892E-01	
  4.257386E+02	  4.201000E+04	  6.346545E-01	
  4.259443E+02	  4.152200E+04	  5.723234E-01	
  4.261386E+02	  4.179100E+04	  6.195658E-01	
  4.263443E+02	  4.169400E+04	  6.140432E-01	
  4.265386E+02	  4.166400E+04	  6.177856E-01	
  4.267443E+02	  4.152000E+04	  6.053688E-01	
  4.269386E+02	  4.137200E+04	  5.918620E-01	
  4.271443E+02	  4.166100E+04	  6.426187E-01	
  4.273386E+02	  4.085300E+04	  5.326322E-01	
  4.275443E+02	  4.064100E+04	  5.101144E-01	
  4.277386E+02	  4.082800E+04	  5.454774E-01	
  4.279443E+02	  4.121500E+04	  6.106429E-01	
  4.281386E+02	  4.097500E+04	  5.835140E-01	
  4.283443E+02	  4.107900E+04	  6.072636E-01	
  4.285386E+02	  4.115700E+04	  6.267446E-01	
  4.287443E+02	  4.038800E+04	  5.222937E-01	
  4.289386E+02	  4.074900E+04	  5.833165E-01	
  4.291443E+02	  4.065400E+04	  5.778035E-01	
  4.293386E+02	  4.076600E+04	  6.022709E-01	
  4.295443E+02	  4.023600E+04	  5.326536E-01	
  4.297386E+02	  4.049800E+04	  5.792102E-01	
  4.299443E+02	  4.031200E+04	  5.601972E-01	
  4.301386E+02	  4.043200E+04	  5.858507E-01	
  4.303443E+02	  4.021500E+04	  5.622075E-01	
  4.305386E+02	  3.993200E+04	  5.282931E-01	
  4.307443E+02	  3.979000E+04	  5.156406E-01	
  4.309386E+02	  3.987200E+04	  5.356588E-01	
  4.311443E+02	  4.004100E+04	  5.690461E-01	
  4.313386E+02	  4.005600E+04	  5.791689E-01	
  4.316429E+02	  3.958700E+04	  5.219284E-01	
  4.319401E+02	  3.955400E+04	  5.290275E-01	
  4.322372E+02	  3.975000E+04	  5.701742E-01	
  4.325229E+02	  3.941200E+04	  5.314053E-01	
  4.328201E+02	  3.905000E+04	  4.894113E-01	
  4.331172E+02	  3.909200E+04	  5.075786E-01	
  4.334030E+02	  3.918500E+04	  5.329171E-01	
  4.337001E+02	  3.846600E+04	  4.373258E-01	
  4.339972E+02	  3.909800E+04	  5.437210E-01	
  4.342944E+02	  3.911500E+04	  5.581626E-01	
  4.345801E+02	  3.907500E+04	  5.635979E-01	
  4.348772E+02	  3.884300E+04	  5.406468E-01	
  4.351744E+02	  3.873800E+04	  5.367067E-01	
  4.354715E+02	  3.860800E+04	  5.289683E-01	
  4.357572E+02	  3.872200E+04	  5.574822E-01	
  4.360544E+02	  3.832300E+04	  5.091348E-01	
  4.363515E+02	  3.835700E+04	  5.260106E-01	
  4.366372E+02	  3.835000E+04	  5.362487E-01	
  4.369344E+02	  3.808400E+04	  5.077589E-01	
  4.372315E+02	  3.835300E+04	  5.601823E-01	
  4.375287E+02	  3.781900E+04	  4.909822E-01	
  4.378144E+02	  3.802900E+04	  5.340409E-01	
  4.381115E+02	  3.782200E+04	  5.142795E-01	
  4.384087E+02	  3.763600E+04	  4.976406E-01	
  4.387058E+02	  3.778900E+04	  5.325333E-01	
  4.389915E+02	  3.762800E+04	  5.191857E-01	
  4.392887E+02	  3.771200E+04	  5.435944E-01	
  4.395858E+02	  3.758700E+04	  5.361196E-01	
  4.398715E+02	  3.746800E+04	  5.290732E-01	
  4.401687E+02	  3.702000E+04	  4.721010E-01	
  4.404658E+02	  3.698000E+04	  4.774621E-01	
  4.407629E+02	  3.723600E+04	  5.281838E-01	
  4.410486E+02	  3.733300E+04	  5.541406E-01	
  4.413458E+02	  3.684900E+04	  4.913205E-01	
  4.416429E+02	  3.708300E+04	  5.387487E-01	
  4.419286E+02	  3.701500E+04	  5.393205E-01	
  4.422258E+02	  3.673400E+04	  5.074892E-01	
  4.425229E+02	  3.666700E+04	  5.085732E-01	
  4.428201E+02	  3.672700E+04	  5.292413E-01	
  4.431058E+02	  3.702500E+04	  5.862701E-01	
  4.434030E+02	  3.655800E+04	  5.254714E-01	
  4.437001E+02	  3.615500E+04	  4.744313E-01	
  4.439972E+02	  3.648200E+04	  5.364374E-01	
  4.442830E+02	  3.651900E+04	  5.531008E-01	
  4.445801E+02	  3.613900E+04	  5.054266E-01	
  4.448772E+02	  3.602800E+04	  4.994609E-01	
  4.451629E+02	  3.608200E+04	  5.187078E-01	
  4.454601E+02	  3.608600E+04	  5.306122E-01	
  4.457572E+02	  3.586900E+04	  5.080413E-01	
  4.460544E+02	  3.597200E+04	  5.353644E-01	
  4.463401E+02	  3.561600E+04	  4.905411E-01	