*********************  Core Excitation Data  ********************
****************  A.P. Hitchcock & D.C. Mancini  ****************
*
* Formula: C6H5NH2
* Name: Aniline
* Edge: C 1s
* Alpha Formula: C6H7N
* Data Source: Hitchcock
* Filename:  ay-0cckk.os
* Ref. Code: TUH96
* Write Date: 98/08/07
* Reference: Can. J. Chem. 74 (1996) 851.
* Source and Purity: Child's lab (distilled MACCO)
* Acquisition Mode: EELS, 2 deg, 2500eV CRE mode, 0.7eV fwhm
*--------------------------------------------------------------
* No. of Spectra: 2    	name1- 0ayc 	name2- 0ayc-lr.os
*   E (eV)        Raw data             Osc. Str. per atom (E-2)
*--------------------------------------------------------------
  2.762500E+02	  5.283200E+03	 -8.662127E-04	
  2.764443E+02	  5.412800E+03	 -3.004640E-03	
  2.766500E+02	  5.224160E+03	 -5.994651E-03	
  2.768443E+02	  5.146400E+03	 -1.195366E-03	
  2.770500E+02	  5.111840E+03	 -1.114793E-03	
  2.772443E+02	  5.252960E+03	  5.336185E-03	
  2.774500E+02	  5.113280E+03	  2.010304E-03	
  2.776443E+02	  5.288960E+03	  2.970703E-03	
  2.778500E+02	  5.193920E+03	  2.554794E-03	
  2.784443E+02	  5.019680E+03	 -1.601758E-03	
  2.786500E+02	  5.108960E+03	 -2.621455E-03	
  2.788443E+02	  5.260160E+03	 -5.759202E-04	
  2.790500E+02	  5.156480E+03	  1.572228E-03	
  2.792443E+02	  5.005280E+03	 -1.689645E-03	
  2.794500E+02	  5.029760E+03	  1.799322E-03	
  2.796443E+02	  5.021120E+03	  2.241321E-03	
  2.798500E+02	  5.111840E+03	  2.690837E-03	
  2.800443E+02	  5.018240E+03	  3.115347E-03	
  2.802500E+02	  5.083040E+03	  3.552655E-03	
  2.804443E+02	  5.137760E+03	  2.169654E-03	
  2.806500E+02	  5.107520E+03	  5.251740E-03	
  2.808443E+02	  5.057120E+03	 -2.402139E-03	
  2.810500E+02	  5.084480E+03	  7.239211E-03	
  2.812443E+02	  5.117600E+03	  7.605044E-03	
  2.814500E+02	  5.130560E+03	  8.755884E-04	
  2.816443E+02	  5.042720E+03	  7.272662E-03	
  2.818500E+02	  5.021120E+03	  4.979979E-03	
  2.820443E+02	  5.206880E+03	  1.044746E-02	
  2.823604E+02	  5.261000E+03	  9.323452E-03	
  2.824290E+02	  5.208000E+03	  1.255879E-02	
  2.824975E+02	  5.247000E+03	  1.376092E-02	
  2.825547E+02	  5.357000E+03	  1.413285E-02	
  2.826233E+02	  5.233000E+03	  1.457905E-02	
  2.826918E+02	  5.007000E+03	  1.502525E-02	
  2.827490E+02	  5.189000E+03	  1.539698E-02	
  2.828175E+02	  5.163000E+03	  1.584318E-02	
  2.828861E+02	  5.071000E+03	  1.519046E-02	
  2.829433E+02	  5.114000E+03	  1.398518E-02	
  2.830118E+02	  5.383000E+03	  1.676531E-02	
  2.830804E+02	  5.308000E+03	  1.935038E-02	
  2.831375E+02	  5.191000E+03	  2.102244E-02	
  2.832061E+02	  5.407000E+03	  2.302837E-02	
  2.832747E+02	  5.283000E+03	  2.503430E-02	
  2.833318E+02	  5.358000E+03	  2.670547E-02	
  2.834004E+02	  5.443000E+03	  2.249710E-02	
  2.834690E+02	  5.385000E+03	  2.004646E-02	
  2.835261E+02	  5.457000E+03	  2.473978E-02	
  2.835947E+02	  5.659000E+03	  3.177825E-02	
  2.836633E+02	  5.518000E+03	  3.802211E-02	
  2.837204E+02	  5.538000E+03	  3.492187E-02	
  2.837890E+02	  5.635000E+03	  3.968880E-02	
  2.838575E+02	  5.735000E+03	  4.787525E-02	
  2.839147E+02	  5.718000E+03	  4.848880E-02	
  2.839832E+02	  5.930000E+03	  5.458347E-02	
  2.840518E+02	  6.001000E+03	  6.635559E-02	
  2.841090E+02	  6.482000E+03	  7.202628E-02	
  2.841776E+02	  6.714000E+03	  8.438627E-02	
  2.842347E+02	  6.902000E+03	  1.042503E-01	
  2.843033E+02	  7.512000E+03	  1.400316E-01	
  2.843718E+02	  7.978000E+03	  1.825643E-01	
  2.844290E+02	  9.256000E+03	  2.251444E-01	
  2.844976E+02	  1.093400E+04	  3.082341E-01	
  2.845661E+02	  1.369900E+04	  4.152369E-01	
  2.846233E+02	  1.672500E+04	  5.371144E-01	
  2.846918E+02	  2.183300E+04	  7.212637E-01	
  2.847604E+02	  2.950000E+04	  9.357623E-01	
  2.848175E+02	  3.971900E+04	  1.160405E+00	
  2.848861E+02	  5.638800E+04	  1.411328E+00	
  2.849547E+02	  7.113700E+04	  1.645630E+00	
  2.850118E+02	  8.417900E+04	  1.846384E+00	
  2.850804E+02	  1.012600E+05	  2.066661E+00	
  2.851490E+02	  1.142680E+05	  2.248360E+00	
  2.852061E+02	  1.207520E+05	  2.329877E+00	
  2.852747E+02	  1.208850E+05	  2.389000E+00	
  2.853433E+02	  1.133570E+05	  2.384480E+00	
  2.854004E+02	  1.048120E+05	  2.312702E+00	
  2.854690E+02	  9.425600E+04	  2.204811E+00	
  2.855375E+02	  8.128100E+04	  2.067302E+00	
  2.855947E+02	  7.009100E+04	  1.926701E+00	
  2.856633E+02	  5.982500E+04	  1.746946E+00	
  2.857318E+02	  5.136300E+04	  1.545663E+00	
  2.857890E+02	  4.479700E+04	  1.393388E+00	
  2.858575E+02	  3.847300E+04	  1.222584E+00	
  2.859261E+02	  3.303500E+04	  1.094359E+00	
  2.859833E+02	  2.887800E+04	  1.006027E+00	
  2.860518E+02	  2.662300E+04	  9.258925E-01	
  2.861204E+02	  2.610300E+04	  8.786408E-01	
  2.861776E+02	  2.593900E+04	  8.600162E-01	
  2.862461E+02	  2.755300E+04	  8.622581E-01	
  2.863147E+02	  3.013500E+04	  9.000182E-01	
  2.863718E+02	  3.366800E+04	  9.351156E-01	
  2.864404E+02	  3.751100E+04	  9.804262E-01	
  2.865090E+02	  4.129600E+04	  9.874203E-01	
  2.865661E+02	  4.343700E+04	  1.006332E+00	
  2.866347E+02	  4.469500E+04	  1.067229E+00	
  2.867033E+02	  4.540500E+04	  1.091776E+00	
  2.867604E+02	  4.443800E+04	  1.099327E+00	
  2.868290E+02	  4.319600E+04	  1.076829E+00	
  2.868976E+02	  4.084000E+04	  1.041090E+00	
  2.869547E+02	  3.948600E+04	  1.006343E+00	
  2.870233E+02	  3.689200E+04	  9.773917E-01	
  2.870918E+02	  3.351700E+04	  9.330835E-01	
  2.871490E+02	  3.158300E+04	  8.885370E-01	
  2.872176E+02	  2.945300E+04	  8.372935E-01	
  2.872861E+02	  2.744000E+04	  7.859053E-01	
  2.873433E+02	  2.640500E+04	  7.428844E-01	
  2.874118E+02	  2.436900E+04	  6.976116E-01	
  2.874804E+02	  2.315500E+04	  6.590358E-01	
  2.875376E+02	  2.199500E+04	  6.328031E-01	
  2.876061E+02	  2.115100E+04	  6.057102E-01	
  2.876747E+02	  2.048200E+04	  5.836410E-01	
  2.877318E+02	  1.998800E+04	  5.723894E-01	
  2.878004E+02	  1.982300E+04	  5.773426E-01	
  2.878690E+02	  2.010300E+04	  5.900734E-01	
  2.879261E+02	  2.048900E+04	  5.977333E-01	
  2.879947E+02	  2.078200E+04	  6.074252E-01	
  2.880633E+02	  2.137500E+04	  6.176944E-01	
  2.881204E+02	  2.184100E+04	  6.275705E-01	
  2.881890E+02	  2.262000E+04	  6.407543E-01	
  2.882576E+02	  2.319300E+04	  6.600807E-01	
  2.883147E+02	  2.366800E+04	  6.943451E-01	
  2.883833E+02	  2.462900E+04	  7.237152E-01	
  2.884518E+02	  2.544700E+04	  7.425325E-01	
  2.885090E+02	  2.654000E+04	  7.676516E-01	
  2.885775E+02	  2.723100E+04	  7.946054E-01	
  2.886347E+02	  2.835300E+04	  8.123906E-01	
  2.887033E+02	  3.013900E+04	  8.339226E-01	
  2.887719E+02	  3.117800E+04	  8.517208E-01	
  2.888290E+02	  3.230200E+04	  8.611808E-01	
  2.888976E+02	  3.259100E+04	  8.734612E-01	
  2.889661E+02	  3.292000E+04	  8.856340E-01	
  2.890233E+02	  3.291100E+04	  8.942979E-01	
  2.890918E+02	  3.251900E+04	  9.011634E-01	
  2.891604E+02	  3.194400E+04	  9.032785E-01	
  2.892176E+02	  3.168000E+04	  8.995266E-01	
  2.892861E+02	  3.081800E+04	  8.893480E-01	
  2.893547E+02	  3.043300E+04	  8.760660E-01	
  2.894118E+02	  2.984200E+04	  8.807833E-01	
  2.894804E+02	  2.931900E+04	  8.842774E-01	
  2.895490E+02	  2.920900E+04	  8.845741E-01	
  2.896061E+02	  2.895100E+04	  8.747957E-01	
  2.896747E+02	  2.891400E+04	  8.735913E-01	
  2.897433E+02	  2.889400E+04	  8.894496E-01	
  2.898004E+02	  2.937600E+04	  8.941346E-01	
  2.898690E+02	  2.974600E+04	  9.003905E-01	
  2.899376E+02	  3.117400E+04	  9.117606E-01	
  2.899947E+02	  3.233500E+04	  9.310483E-01	
  2.900633E+02	  3.324900E+04	  9.531412E-01	
  2.901318E+02	  3.475100E+04	  9.590311E-01	
  2.901890E+02	  3.560800E+04	  9.703637E-01	
  2.902576E+02	  3.673100E+04	  9.883969E-01	
  2.903261E+02	  3.705400E+04	  1.018783E+00	
  2.903833E+02	  3.784700E+04	  1.036165E+00	
  2.904518E+02	  3.764500E+04	  1.048725E+00	
  2.905204E+02	  3.785700E+04	  1.040313E+00	
  2.905775E+02	  3.772800E+04	  1.047453E+00	
  2.906461E+02	  3.785500E+04	  1.071137E+00	
  2.907147E+02	  3.774000E+04	  1.068651E+00	
  2.907719E+02	  3.739200E+04	  1.063053E+00	
  2.908404E+02	  3.736700E+04	  1.050735E+00	
  2.909090E+02	  3.748600E+04	  1.047031E+00	
  2.909661E+02	  3.705500E+04	  1.048417E+00	
  2.910347E+02	  3.722600E+04	  1.055671E+00	
  2.911033E+02	  3.696800E+04	  1.060660E+00	
  2.911604E+02	  3.669700E+04	  1.064525E+00	
  2.912290E+02	  3.656200E+04	  1.069984E+00	
  2.912976E+02	  3.625900E+04	  1.068731E+00	
  2.913547E+02	  3.668700E+04	  1.064720E+00	
  2.914233E+02	  3.690000E+04	  1.077780E+00	
  2.914919E+02	  3.659800E+04	  1.085007E+00	
  2.915490E+02	  3.710500E+04	  1.088475E+00	
  2.916176E+02	  3.694400E+04	  1.093329E+00	
  2.916861E+02	  3.768500E+04	  1.102846E+00	
  2.917433E+02	  3.812600E+04	  1.114596E+00	
  2.918119E+02	  3.856700E+04	  1.119227E+00	
  2.918804E+02	  3.867100E+04	  1.134867E+00	
  2.919376E+02	  3.968700E+04	  1.157977E+00	
  2.920061E+02	  3.987700E+04	  1.171475E+00	
  2.920747E+02	  4.039200E+04	  1.180978E+00	
  2.921318E+02	  4.099400E+04	  1.186618E+00	
  2.922004E+02	  4.163000E+04	  1.199202E+00	
  2.922690E+02	  4.188900E+04	  1.212945E+00	
  2.923261E+02	  4.232100E+04	  1.222359E+00	
  2.923947E+02	  4.229600E+04	  1.233838E+00	
  2.924633E+02	  4.278200E+04	  1.249096E+00	
  2.925204E+02	  4.268900E+04	  1.273563E+00	
  2.925890E+02	  4.363958E+04	  1.283376E+00	
  2.926576E+02	  4.416621E+04	  1.278194E+00	
  2.927147E+02	  4.434495E+04	  1.294173E+00	
  2.927833E+02	  4.448282E+04	  1.306532E+00	
  2.928518E+02	  4.515892E+04	  1.312740E+00	
  2.929090E+02	  4.536683E+04	  1.308842E+00	
  2.929776E+02	  4.575095E+04	  1.304165E+00	
  2.930347E+02	  4.570792E+04	  1.300268E+00	
  2.931033E+02	  4.607625E+04	  1.313257E+00	
  2.931718E+02	  4.655466E+04	  1.330669E+00	
  2.932290E+02	  4.711889E+04	  1.345182E+00	
  2.932976E+02	  4.755780E+04	  1.359759E+00	
  2.933661E+02	  4.773516E+04	  1.372758E+00	
  2.934520E+02	  4.766960E+04	  1.389529E+00	
  2.936463E+02	  4.850768E+04	  1.446014E+00	
  2.938521E+02	  5.006720E+04	  1.442008E+00	
  2.940463E+02	  5.090528E+04	  1.476188E+00	
  2.942520E+02	  5.168144E+04	  1.462174E+00	
  2.944463E+02	  5.183264E+04	  1.499578E+00	
  2.946520E+02	  5.171312E+04	  1.496831E+00	
  2.948463E+02	  5.103344E+04	  1.475707E+00	
  2.950520E+02	  5.085776E+04	  1.467380E+00	
  2.952463E+02	  5.039120E+04	  1.416610E+00	
  2.954520E+02	  4.899008E+04	  1.424201E+00	
  2.956463E+02	  4.885904E+04	  1.395653E+00	
  2.958521E+02	  4.738592E+04	  1.382902E+00	
  2.960463E+02	  4.723616E+04	  1.360841E+00	
  2.962520E+02	  4.619072E+04	  1.322246E+00	
  2.964463E+02	  4.596176E+04	  1.314207E+00	
  2.966520E+02	  4.487744E+04	  1.320585E+00	
  2.968463E+02	  4.466576E+04	  1.301449E+00	
  2.970520E+02	  4.446560E+04	  1.259154E+00	
  2.972463E+02	  4.455488E+04	  1.273926E+00	
  2.974520E+02	  4.380464E+04	  1.293619E+00	
  2.976463E+02	  4.355408E+04	  1.277279E+00	
  2.978521E+02	  4.386944E+04	  1.269521E+00	
  2.980463E+02	  4.365632E+04	  1.262524E+00	
  2.982520E+02	  4.348208E+04	  1.247393E+00	
  2.984463E+02	  4.402352E+04	  1.279133E+00	
  2.986520E+02	  4.337264E+04	  1.306017E+00	
  2.988463E+02	  4.399184E+04	  1.282991E+00	
  2.990520E+02	  4.438640E+04	  1.325328E+00	
  2.992463E+02	  4.429280E+04	  1.305113E+00	
  2.994520E+02	  4.466432E+04	  1.307876E+00	
  2.996463E+02	  4.549664E+04	  1.330833E+00	
  2.998521E+02	  4.486880E+04	  1.330621E+00	
  3.000463E+02	  4.586672E+04	  1.340825E+00	
  3.002520E+02	  4.605824E+04	  1.331133E+00	
  3.004463E+02	  4.575152E+04	  1.332848E+00	
  3.006520E+02	  4.571264E+04	  1.344890E+00	
  3.008463E+02	  4.575584E+04	  1.337633E+00	
  3.010520E+02	  4.608416E+04	  1.328921E+00	
  3.014520E+02	  4.559888E+04	  1.336277E+00	
  3.016463E+02	  4.568528E+04	  1.353516E+00	
  3.019057E+02	  4.558089E+04	  1.333748E+00	
  3.022520E+02	  4.563488E+04	  1.317167E+00	
  3.024463E+02	  4.480832E+04	  1.326751E+00	
  3.026520E+02	  4.508912E+04	  1.311875E+00	
  3.028463E+02	  4.499264E+04	  1.295525E+00	
  3.030520E+02	  4.440512E+04	  1.300898E+00	
  3.032463E+02	  4.418336E+04	  1.291195E+00	
  3.034520E+02	  4.341440E+04	  1.290055E+00	
  3.036463E+02	  4.352384E+04	  1.268319E+00	
  3.038521E+02	  4.268864E+04	  1.267491E+00	
  3.040463E+02	  4.247264E+04	  1.257916E+00	
  3.042520E+02	  4.220768E+04	  1.241846E+00	
  3.044463E+02	  4.192688E+04	  1.211578E+00	
  3.046520E+02	  4.165760E+04	  1.220551E+00	
  3.048463E+02	  4.091600E+04	  1.195109E+00	
  3.050520E+02	  4.053872E+04	  1.192594E+00	
  3.052463E+02	  4.044656E+04	  1.187603E+00	
  3.054520E+02	  3.973376E+04	  1.166558E+00	
  3.056463E+02	  3.947888E+04	  1.161674E+00	
  3.058521E+02	  3.893312E+04	  1.148498E+00	
  3.060463E+02	  3.848528E+04	  1.136094E+00	
  3.062520E+02	  3.799280E+04	  1.126255E+00	
  3.068463E+02	  3.699200E+04	  1.057318E+00	
  3.070520E+02	  3.625472E+04	  1.066317E+00	
  3.072463E+02	  3.620864E+04	  1.056919E+00	
  3.074520E+02	  3.575648E+04	  1.042218E+00	
  3.076463E+02	  3.501920E+04	  1.023481E+00	
  3.078521E+02	  3.463760E+04	  1.011514E+00	
  3.080463E+02	  3.447344E+04	  1.024565E+00	
  3.082520E+02	  3.401552E+04	  9.842597E-01	
  3.084463E+02	  3.392192E+04	  1.008941E+00	
  3.086520E+02	  3.294272E+04	  9.724311E-01	
  3.088463E+02	  3.287360E+04	  9.899158E-01	
  3.090520E+02	  3.285488E+04	  9.829745E-01	
  3.092463E+02	  3.201248E+04	  9.520427E-01	
  3.094520E+02	  3.200960E+04	  9.415357E-01	
  3.096463E+02	  3.149840E+04	  9.204875E-01	
  3.098521E+02	  3.132416E+04	  9.273322E-01	
  3.100463E+02	  3.085904E+04	  9.325790E-01	
  3.102520E+02	  3.059840E+04	  9.141573E-01	
  3.104463E+02	  3.030320E+04	  9.182221E-01	
  3.106520E+02	  3.029744E+04	  9.146585E-01	
  3.108463E+02	  3.021968E+04	  8.951899E-01	
  3.110520E+02	  3.031904E+04	  8.943591E-01	
  3.112463E+02	  2.965664E+04	  8.983881E-01	
  3.115524E+02	  2.931968E+04	  8.938632E-01	
  3.118039E+02	  2.918432E+04	  8.857706E-01	
  3.120439E+02	  2.879120E+04	  8.636625E-01	
  3.122953E+02	  2.853776E+04	  8.733978E-01	
  3.125467E+02	  2.843552E+04	  8.769099E-01	
  3.127982E+02	  2.787968E+04	  8.493281E-01	
  3.130496E+02	  2.779760E+04	  8.430606E-01	
  3.133010E+02	  2.784368E+04	  8.444103E-01	
  3.135410E+02	  2.774864E+04	  8.360806E-01	
  3.137924E+02	  2.727056E+04	  8.407037E-01	
  3.140439E+02	  2.710928E+04	  8.392672E-01	
  3.142953E+02	  2.694080E+04	  8.281995E-01	
  3.145467E+02	  2.688320E+04	  8.188474E-01	
  3.147982E+02	  2.643248E+04	  8.128856E-01	
  3.150381E+02	  2.637632E+04	  8.007098E-01	
  3.152896E+02	  2.616752E+04	  8.054801E-01	
  3.155410E+02	  2.604656E+04	  8.086424E-01	
  3.157924E+02	  2.652320E+04	  7.957480E-01	
  3.160439E+02	  2.568800E+04	  7.960483E-01	
  3.162953E+02	  2.584640E+04	  7.911201E-01	
  3.165467E+02	  2.603216E+04	  8.042796E-01	
  3.167867E+02	  2.564480E+04	  8.057112E-01	
  3.170381E+02	  2.591408E+04	  7.998775E-01	
  3.172896E+02	  2.575856E+04	  7.825992E-01	
  3.175410E+02	  2.541440E+04	  7.754264E-01	
  3.177924E+02	  2.536256E+04	  7.739579E-01	
  3.180439E+02	  2.507312E+04	  7.822073E-01	
  3.182839E+02	  2.516528E+04	  7.915332E-01	
  3.185353E+02	  2.497088E+04	  7.831415E-01	
  3.187867E+02	  2.543456E+04	  7.659924E-01	
  3.190381E+02	  2.474336E+04	  7.721211E-01	
  3.192896E+02	  2.514224E+04	  7.766657E-01	
  3.195410E+02	  2.483840E+04	  7.776601E-01	
  3.197810E+02	  2.450000E+04	  7.597397E-01	
  3.200324E+02	  2.454896E+04	  7.545664E-01	
  3.202839E+02	  2.460944E+04	  7.681804E-01	
  3.205353E+02	  2.395136E+04	  7.700303E-01	
  3.207867E+02	  2.432720E+04	  7.670857E-01	
  3.210381E+02	  2.422352E+04	  7.611851E-01	
  3.212782E+02	  2.413280E+04	  7.554389E-01	
  3.215296E+02	  2.431424E+04	  7.588664E-01	
  3.217810E+02	  2.409680E+04	  7.618453E-01	
  3.220324E+02	  2.397296E+04	  7.566274E-01	
  3.222839E+02	  2.403920E+04	  7.563430E-01	
  3.225353E+02	  2.438048E+04	  7.512918E-01	
  3.227753E+02	  2.381888E+04	  7.607416E-01	
  3.230267E+02	  2.397008E+04	  7.475677E-01	
  3.232782E+02	  2.370080E+04	  7.364745E-01	
  3.235296E+02	  2.414000E+04	  7.498728E-01	
  3.237810E+02	  2.334080E+04	  7.475047E-01	
  3.240324E+02	  2.385344E+04	  7.423126E-01	
  3.242724E+02	  2.362448E+04	  7.409284E-01	
  3.245239E+02	  2.293472E+04	  7.437602E-01	
  3.247753E+02	  2.312192E+04	  7.507133E-01	
  3.250267E+02	  2.359424E+04	  7.479233E-01	
  3.252782E+02	  2.325728E+04	  7.426401E-01	
  3.255296E+02	  2.338688E+04	  7.513676E-01	
  3.257810E+02	  2.266256E+04	  7.479879E-01	
  3.260210E+02	  2.307728E+04	  7.420903E-01	
  3.262724E+02	  2.301392E+04	  7.401668E-01	
  3.265239E+02	  2.294048E+04	  7.370300E-01	
  3.267753E+02	  2.311472E+04	  7.370672E-01	
  3.270267E+02	  2.285696E+04	  7.393376E-01	
  3.272782E+02	  2.286128E+04	  7.416081E-01	
  3.275182E+02	  2.289008E+04	  7.434603E-01	
  3.277696E+02	  2.263664E+04	  7.330876E-01	
  3.280210E+02	  2.284400E+04	  7.278593E-01	
  3.282724E+02	  2.240192E+04	  7.379456E-01	
  3.285239E+02	  2.252720E+04	  7.414216E-01	
  3.287753E+02	  2.238176E+04	  7.380913E-01	
  3.290153E+02	  2.228240E+04	  7.276076E-01	
  3.292667E+02	  2.204192E+04	  7.291092E-01	
  3.295182E+02	  2.223056E+04	  7.307220E-01	
  3.297696E+02	  2.196560E+04	  7.203911E-01	
  3.300210E+02	  2.200016E+04	  7.036147E-01	
  3.302724E+02	  2.187344E+04	  7.016160E-01	
  3.305125E+02	  2.232992E+04	  7.124462E-01	
  3.307639E+02	  2.173520E+04	  7.124937E-01	
  3.310153E+02	  2.170064E+04	  7.161503E-01	
  3.312667E+02	  2.177120E+04	  7.209121E-01	
  3.315182E+02	  2.151056E+04	  7.125112E-01	
  3.317696E+02	  2.140256E+04	  7.196788E-01	
  3.320096E+02	  2.119808E+04	  7.215631E-01	
  3.322610E+02	  2.140112E+04	  7.154503E-01	
  3.325125E+02	  2.107712E+04	  7.131408E-01	
  3.327639E+02	  2.087264E+04	  7.035998E-01	
  3.330153E+02	  2.062208E+04	  7.015718E-01	
  3.332667E+02	  2.082368E+04	  7.106065E-01	
  3.335182E+02	  2.037728E+04	  7.039067E-01	
  3.337581E+02	  2.050976E+04	  6.922250E-01	
  3.340096E+02	  2.050400E+04	  6.971187E-01	
  3.342610E+02	  2.030816E+04	  7.038347E-01	
  3.345125E+02	  2.051840E+04	  6.941156E-01	
  3.347639E+02	  2.005040E+04	  6.896343E-01	
  3.350153E+02	  2.000864E+04	  6.897669E-01	
  3.352553E+02	  1.988912E+04	  6.926948E-01	
  3.355067E+02	  2.011376E+04	  6.915220E-01	
  3.357581E+02	  1.971488E+04	  6.895586E-01	
  3.360096E+02	  1.978976E+04	  6.824731E-01	
  3.362610E+02	  1.985024E+04	  6.707618E-01	
  3.365125E+02	  1.969328E+04	  6.749600E-01	
  3.367524E+02	  1.932032E+04	  6.796405E-01	
  3.370039E+02	  1.957232E+04	  6.787175E-01	
  3.372553E+02	  1.931456E+04	  6.742942E-01	
  3.375067E+02	  1.947584E+04	  6.687029E-01	
  3.377581E+02	  1.920224E+04	  6.734439E-01	
  3.380096E+02	  1.910144E+04	  6.750075E-01	
  3.382496E+02	  1.907984E+04	  6.705522E-01	
  3.385010E+02	  1.898192E+04	  6.721911E-01	
  3.387524E+02	  1.842032E+04	  6.714697E-01	
  3.390039E+02	  1.866224E+04	  6.732271E-01	
  3.392553E+02	  1.883792E+04	  6.723763E-01	
  3.395067E+02	  1.862192E+04	  6.548779E-01	
  3.397467E+02	  1.814672E+04	  6.588573E-01	
  3.399982E+02	  1.857584E+04	  6.632432E-01	
  3.402496E+02	  1.848224E+04	  6.582829E-01	
  3.405010E+02	  1.826192E+04	  6.592242E-01	
  3.407524E+02	  1.820000E+04	  6.527505E-01	
  3.408460E+02	  1.815927E+04	  6.484001E-01	