*********************  Core Excitation Data  ********************
****************  A.P. Hitchcock & D.C. Mancini  ****************
*
* Formula: CO
* Name: Carbonmonoxide
* Edge: C 1s
* Alpha Formula: CO
* Data Source: Hitchcock
* Filename:  co-0cckk.os
* Ref. Code: HB80a
* Write Date: 93/06/10
* Reference: J. El. Spec.18 (80) 1.
* Source and Purity: Matheson
* Acquisition Mode: EELS, 2 deg, 2500 eV CRE mode, 0.7 eV fwhm
*--------------------------------------------------------------
* No. of Spectra: 2    name1- 0coc21.    name2- 0coc.os   (NOT SAME FILE !!)
*   E (eV)        Raw data             Osc. Str. per atom (E-2)
*--------------------------------------------------------------
  2.807276E+02	  1.110462E+04	  7.034198E-04	
  2.807981E+02	  1.106759E+04	 -2.509697E-02	
  2.808686E+02	  1.103057E+04	 -2.015660E-02	
  2.809390E+02	  1.099359E+04	 -4.958984E-03	
  2.810095E+02	  1.095656E+04	  1.065535E-03	
  2.810800E+02	  1.091953E+04	 -5.331158E-03	
  2.811504E+02	  1.091496E+04	 -2.146224E-02	
  2.812209E+02	  1.091085E+04	 -2.624216E-02	
  2.812914E+02	  1.090675E+04	 -7.229095E-03	
  2.813618E+02	  1.090265E+04	 -4.446610E-03	
  2.814323E+02	  1.089854E+04	 -1.409965E-02	
  2.815027E+02	  1.088540E+04	  6.771158E-05	
  2.815732E+02	  1.085737E+04	  6.649016E-03	
  2.816437E+02	  1.082934E+04	 -2.415604E-02	
  2.817141E+02	  1.080136E+04	 -4.520968E-02	
  2.817846E+02	  1.077334E+04	 -3.320458E-02	
  2.818551E+02	  1.074532E+04	 -2.282359E-02	
  2.819255E+02	  1.078249E+04	 -3.848960E-02	
  2.819960E+02	  1.083875E+04	 -6.121469E-02	
  2.820665E+02	  1.089500E+04	 -4.212784E-02	
  2.821369E+02	  1.095118E+04	  3.223542E-04	
  2.822074E+02	  1.100744E+04	  2.812876E-02	
  2.822779E+02	  1.105439E+04	  6.462200E-03	
  2.823483E+02	  1.105047E+04	 -2.226284E-02	
  2.824188E+02	  1.104654E+04	  1.047579E-02	
  2.824893E+02	  1.104262E+04	  3.069465E-02	
  2.825597E+02	  1.103870E+04	  1.609308E-02	
  2.826302E+02	  1.103477E+04	 -1.541585E-02	
  2.827007E+02	  1.101663E+04	 -4.802314E-02	
  2.827711E+02	  1.098688E+04	 -3.267753E-02	
  2.828416E+02	  1.095706E+04	  2.298674E-03	
  2.829120E+02	  1.092731E+04	  1.438517E-02	
  2.829825E+02	  1.089749E+04	  2.812907E-02	
  2.830530E+02	  1.086769E+04	  4.296372E-02	
  2.831234E+02	  1.086768E+04	  1.848141E-02	
  2.831939E+02	  1.086946E+04	 -2.731733E-02	
  2.832644E+02	  1.087124E+04	 -5.182814E-02	
  2.833348E+02	  1.087302E+04	 -3.753482E-02	
  2.834053E+02	  1.087480E+04	 -9.019519E-03	
  2.834758E+02	  1.088564E+04	  1.350051E-02	
  2.835462E+02	  1.091541E+04	  1.632356E-02	
  2.836167E+02	  1.094521E+04	  1.094680E-02	
  2.836872E+02	  1.097502E+04	  6.105099E-03	
  2.837576E+02	  1.100478E+04	 -2.285243E-02	
  2.838281E+02	  1.103459E+04	 -3.207964E-02	
  2.838986E+02	  1.102737E+04	 -1.171299E-02	
  2.839690E+02	  1.100563E+04	  2.085068E-03	
  2.840395E+02	  1.098386E+04	  1.040605E-02	
  2.841100E+02	  1.096208E+04	  9.946952E-03	
  2.841804E+02	  1.094034E+04	  9.492768E-03	
  2.842509E+02	  1.092315E+04	  1.178105E-02	
  2.843214E+02	  1.094238E+04	  2.232161E-02	
  2.843918E+02	  1.096158E+04	  3.121051E-02	
  2.844623E+02	  1.098081E+04	  4.351564E-03	
  2.845327E+02	  1.100001E+04	 -5.447955E-03	
  2.846032E+02	  1.101924E+04	  2.105882E-02	
  2.846737E+02	  1.104859E+04	  1.288385E-02	
  2.847441E+02	  1.108834E+04	 -5.743018E-03	
  2.848146E+02	  1.112814E+04	  9.574207E-04	
  2.848851E+02	  1.116794E+04	  4.903089E-03	
  2.849555E+02	  1.120769E+04	 -2.728614E-03	
  2.850260E+02	  1.124749E+04	 -2.084027E-03	
  2.850965E+02	  1.136656E+04	  1.456062E-02	
  2.851669E+02	  1.149561E+04	  1.851379E-02	
  2.852374E+02	  1.162482E+04	  2.303333E-02	
  2.853079E+02	  1.175404E+04	  2.975545E-02	
  2.853783E+02	  1.188309E+04	  4.976130E-02	
  2.854488E+02	  1.203496E+04	  6.423151E-02	
  2.855193E+02	  1.224483E+04	  3.226019E-02	
  2.855897E+02	  1.245443E+04	  2.241537E-02	
  2.856602E+02	  1.266430E+04	  2.028804E-02	
  2.857307E+02	  1.287426E+04	  1.651862E-02	
  2.858011E+02	  1.308377E+04	  3.101167E-02	
  2.858716E+02	  1.348770E+04	  3.609877E-02	
  2.859420E+02	  1.399013E+04	  6.170674E-02	
  2.860125E+02	  1.449364E+04	  8.953687E-02	
  2.860830E+02	  1.499694E+04	  1.174013E-01	
  2.861534E+02	  1.549959E+04	  1.352802E-01	
  2.862239E+02	  1.615544E+04	  1.115441E-01	
  2.862944E+02	  1.941190E+04	  1.355754E-01	
  2.863648E+02	  2.266412E+04	  2.384935E-01	
  2.864353E+02	  2.592057E+04	  3.303551E-01	
  2.865058E+02	  2.917702E+04	  3.922742E-01	
  2.865762E+02	  3.242925E+04	  5.276766E-01	
  2.866467E+02	  4.918977E+04	  7.916283E-01	
  2.867172E+02	  8.246973E+04	  1.068056E+00	
  2.867876E+02	  1.157065E+05	  1.627517E+00	
  2.868581E+02	  1.489864E+05	  2.209667E+00	
  2.869286E+02	  1.822663E+05	  3.643587E+00	
  2.869990E+02	  2.155031E+05	  5.241309E+00	
  2.870695E+02	  2.812392E+05	  7.984337E+00	
  2.871400E+02	  3.536604E+05	  1.174676E+01	
  2.872104E+02	  4.259249E+05	  1.611456E+01	
  2.872809E+02	  4.983462E+05	  2.147912E+01	
  2.873513E+02	  5.706107E+05	  2.515458E+01	
  2.874218E+02	  6.159332E+05	  2.645089E+01	
  2.874923E+02	  5.674776E+05	  2.322187E+01	
  2.875627E+02	  5.190850E+05	  1.871373E+01	
  2.876332E+02	  4.706294E+05	  1.301228E+01	
  2.877037E+02	  4.221739E+05	  9.076636E+00	
  2.877741E+02	  3.737813E+05	  6.011109E+00	
  2.878446E+02	  3.235779E+05	  3.928622E+00	
  2.879151E+02	  2.722970E+05	  2.630886E+00	
  2.879855E+02	  2.210827E+05	  1.791590E+00	
  2.880560E+02	  1.698018E+05	  1.164647E+00	
  2.881265E+02	  1.185209E+05	  8.153214E-01	
  2.881969E+02	  6.730660E+04	  7.001417E-01	
  2.882674E+02	  5.897230E+04	  5.063579E-01	
  2.883379E+02	  5.069385E+04	  3.410775E-01	
  2.884083E+02	  4.242614E+04	  2.660728E-01	
  2.884788E+02	  3.414770E+04	  2.392998E-01	
  2.885493E+02	  2.586924E+04	  1.922716E-01	
  2.886197E+02	  2.045060E+04	  1.446622E-01	
  2.886902E+02	  1.942830E+04	  9.194046E-02	
  2.887607E+02	  1.840555E+04	  3.807366E-02	
  2.888311E+02	  1.738502E+04	  4.269087E-02	
  2.889016E+02	  1.636227E+04	  6.755848E-02	
  2.889720E+02	  1.534174E+04	  8.456777E-02	
  2.890425E+02	  1.491415E+04	  8.975149E-02	
  2.891130E+02	  1.464765E+04	  7.353034E-02	
  2.891834E+02	  1.438150E+04	  9.169964E-02	
  2.892539E+02	  1.411500E+04	  1.154955E-01	
  2.893244E+02	  1.384850E+04	  6.653314E-02	
  2.893948E+02	  1.360365E+04	  1.361242E-02	
  2.894653E+02	  1.346427E+04	  2.161955E-02	
  2.895358E+02	  1.332489E+04	  6.464150E-02	
  2.896062E+02	  1.318570E+04	  1.218163E-01	
  2.896767E+02	  1.304632E+04	  1.371929E-01	
  2.897472E+02	  1.290694E+04	  8.870442E-02	
  2.898176E+02	  1.277816E+04	  6.678529E-02	
  2.898881E+02	  1.265733E+04	  6.519300E-02	
  2.899586E+02	  1.253650E+04	  3.191070E-02	
  2.900290E+02	  1.241583E+04	  5.406247E-03	
  2.900995E+02	  1.229501E+04	  3.326577E-02	
  2.901700E+02	  1.217413E+04	  8.888973E-02	
  2.902404E+02	  1.211591E+04	  8.219189E-02	
  2.903109E+02	  1.206034E+04	  9.310917E-02	
  2.903813E+02	  1.200490E+04	  1.414353E-01	
  2.904518E+02	  1.194933E+04	  1.069443E-01	
  2.905223E+02	  1.189379E+04	  7.587359E-02	
  2.905927E+02	  1.182146E+04	  9.415911E-02	
  2.906632E+02	  1.171580E+04	  1.005296E-01	
  2.907337E+02	  1.161015E+04	  1.171406E-01	
  2.908041E+02	  1.150463E+04	  1.093000E-01	
  2.908746E+02	  1.139897E+04	  1.048958E-01	
  2.909451E+02	  1.129331E+04	  1.300488E-01	
  2.910155E+02	  1.120201E+04	  1.113954E-01	
  2.910860E+02	  1.111582E+04	  8.990283E-02	
  2.911565E+02	  1.102962E+04	  6.666576E-02	
  2.912269E+02	  1.094354E+04	  4.115324E-02	
  2.912974E+02	  1.085734E+04	  5.151944E-02	
  2.913679E+02	  1.079487E+04	  3.165999E-02	
  2.914383E+02	  1.089692E+04	  3.256846E-03	
  2.915088E+02	  1.099911E+04	 -6.355296E-03	
  2.915793E+02	  1.110134E+04	 -1.254015E-02	
  2.916497E+02	  1.120334E+04	  7.531704E-03	
  2.917202E+02	  1.130557E+04	  4.989266E-02	
  2.917906E+02	  1.185175E+04	  7.684408E-02	
  2.918611E+02	  1.283432E+04	  3.751046E-02	
  2.919316E+02	  1.381647E+04	  2.906298E-02	
  2.920020E+02	  1.479734E+04	  9.894603E-02	
  2.920725E+02	  1.577949E+04	  1.574262E-01	
  2.921430E+02	  1.676163E+04	  1.936318E-01	
  2.922134E+02	  1.774276E+04	  2.716795E-01	
  2.922839E+02	  1.872519E+04	  3.663682E-01	
  2.923544E+02	  1.970762E+04	  3.986661E-01	
  2.924248E+02	  2.068877E+04	  3.977541E-01	
  2.924953E+02	  2.167120E+04	  3.727484E-01	
  2.925658E+02	  2.256175E+04	  3.379877E-01	
  2.926362E+02	  2.323166E+04	  3.250040E-01	
  2.927067E+02	  2.390245E+04	  3.154516E-01	
  2.927772E+02	  2.457323E+04	  3.099155E-01	
  2.928476E+02	  2.524314E+04	  3.181622E-01	
  2.929181E+02	  2.591392E+04	  3.706741E-01	
  2.929886E+02	  2.866015E+04	  4.743781E-01	
  2.930590E+02	  3.240129E+04	  6.310725E-01	
  2.931295E+02	  3.614730E+04	  8.327393E-01	
  2.932000E+02	  3.989493E+04	  1.017852E+00	
  2.932704E+02	  4.363446E+04	  1.140341E+00	
  2.933409E+02	  4.707983E+04	  1.203032E+00	
  2.934113E+02	  4.649010E+04	  1.270969E+00	
  2.934818E+02	  4.589909E+04	  1.262259E+00	
  2.935523E+02	  4.530834E+04	  1.148075E+00	
  2.936227E+02	  4.471836E+04	  1.036118E+00	
  2.936932E+02	  4.412760E+04	  8.900242E-01	
  2.937637E+02	  4.217124E+04	  7.444318E-01	
  2.938341E+02	  3.864238E+04	  6.420219E-01	
  2.939046E+02	  3.510894E+04	  5.314478E-01	
  2.939751E+02	  3.157550E+04	  4.208014E-01	
  2.940455E+02	  2.804664E+04	  3.274134E-01	
  2.941160E+02	  2.451320E+04	  2.582456E-01	
  2.941865E+02	  2.416896E+04	  2.092664E-01	
  2.942569E+02	  2.441511E+04	  1.990299E-01	
  2.943274E+02	  2.466158E+04	  2.553469E-01	
  2.943979E+02	  2.490806E+04	  3.528070E-01	
  2.944683E+02	  2.515421E+04	  4.793010E-01	
  2.945388E+02	  2.570371E+04	  5.913814E-01	
  2.946093E+02	  2.722354E+04	  6.328248E-01	
  2.946797E+02	  2.874009E+04	  6.731647E-01	
  2.947502E+02	  3.025993E+04	  7.401992E-01	
  2.948206E+02	  3.177647E+04	  7.649143E-01	
  2.948911E+02	  3.329631E+04	  7.443775E-01	
  2.949616E+02	  3.364162E+04	  6.622609E-01	
  2.950320E+02	  3.330648E+04	  5.830258E-01	
  2.953230E+02	  3.192620E+04	  6.650241E-01	
  2.955140E+02	  3.110949E+04	  6.588677E-01	
  2.957050E+02	  3.029292E+04	  6.517940E-01	
  2.958960E+02	  3.033521E+04	  6.451551E-01	
  2.960870E+02	  3.039130E+04	  6.371484E-01	
  2.962780E+02	  3.011375E+04	  6.411348E-01	
  2.964690E+02	  2.980576E+04	  6.334706E-01	
  2.966600E+02	  2.968536E+04	  6.347828E-01	
  2.968510E+02	  2.959854E+04	  6.379053E-01	
  2.970420E+02	  2.960185E+04	  6.381898E-01	
  2.972330E+02	  2.963135E+04	  6.376903E-01	
  2.974240E+02	  2.973878E+04	  6.402360E-01	
  2.976150E+02	  2.987852E+04	  6.488925E-01	
  2.978060E+02	  3.013944E+04	  6.538443E-01	
  2.979970E+02	  3.046888E+04	  6.639732E-01	
  2.981880E+02	  3.101719E+04	  7.005304E-01	
  2.983790E+02	  3.173380E+04	  7.092246E-01	
  2.985700E+02	  3.259043E+04	  7.312467E-01	
  2.987610E+02	  3.358838E+04	  7.606577E-01	
  2.989520E+02	  3.461978E+04	  8.023836E-01	
  2.991430E+02	  3.569542E+04	  8.086188E-01	
  2.993340E+02	  3.673947E+04	  8.622925E-01	
  2.995250E+02	  3.772622E+04	  9.035974E-01	
  2.997160E+02	  3.875089E+04	  9.255874E-01	
  2.999080E+02	  3.987465E+04	  9.575967E-01	
  3.000980E+02	  4.123632E+04	  9.930830E-01	
  3.002900E+02	  4.350127E+04	  1.055713E+00	
  3.004800E+02	  4.561343E+04	  1.107857E+00	
  3.006720E+02	  4.699382E+04	  1.135750E+00	
  3.008630E+02	  4.814573E+04	  1.148670E+00	
  3.010540E+02	  4.687905E+04	  1.125064E+00	
  3.012450E+02	  4.560562E+04	  1.120703E+00	
  3.014360E+02	  4.392077E+04	  1.077236E+00	
  3.016270E+02	  4.223591E+04	  1.030690E+00	
  3.018180E+02	  4.160903E+04	  1.027059E+00	
  3.020090E+02	  4.104663E+04	  1.020165E+00	
  3.022000E+02	  4.178782E+04	  1.049466E+00	
  3.023910E+02	  4.271607E+04	  1.065749E+00	
  3.025820E+02	  4.343498E+04	  1.108936E+00	
  3.027730E+02	  4.410352E+04	  1.102971E+00	
  3.029640E+02	  4.482884E+04	  1.137072E+00	
  3.031550E+02	  4.557501E+04	  1.149032E+00	
  3.033460E+02	  4.619380E+04	  1.172135E+00	
  3.035370E+02	  4.674834E+04	  1.185631E+00	
  3.037280E+02	  4.694350E+04	  1.193443E+00	
  3.039190E+02	  4.689575E+04	  1.199175E+00	
  3.041100E+02	  4.704967E+04	  1.204875E+00	
  3.043010E+02	  4.738721E+04	  1.207212E+00	
  3.044920E+02	  4.743179E+04	  1.224164E+00	
  3.046830E+02	  4.712616E+04	  1.200243E+00	
  3.048740E+02	  4.691882E+04	  1.217079E+00	
  3.052560E+02	  4.668123E+04	  1.202967E+00	
  3.054470E+02	  4.620450E+04	  1.200558E+00	
  3.056380E+02	  4.571650E+04	  1.183710E+00	
  3.058290E+02	  4.519423E+04	  1.168667E+00	
  3.060200E+02	  4.471255E+04	  1.164230E+00	
  3.062110E+02	  4.441783E+04	  1.173578E+00	
  3.064020E+02	  4.411629E+04	  1.165847E+00	
  3.065930E+02	  4.375659E+04	  1.135259E+00	
  3.067840E+02	  4.339367E+04	  1.142642E+00	
  3.069750E+02	  4.294732E+04	  1.119496E+00	
  3.071660E+02	  4.250105E+04	  1.093739E+00	
  3.073570E+02	  4.198012E+04	  1.104309E+00	
  3.075480E+02	  4.145677E+04	  1.073622E+00	
  3.077390E+02	  4.109548E+04	  1.070936E+00	
  3.079300E+02	  4.075318E+04	  1.063673E+00	
  3.081210E+02	  4.026962E+04	  1.053698E+00	
  3.083120E+02	  3.975654E+04	  1.053539E+00	
  3.085030E+02	  3.938842E+04	  1.033458E+00	
  3.086940E+02	  3.906621E+04	  1.019613E+00	
  3.088850E+02	  3.873083E+04	  1.036841E+00	
  3.090760E+02	  3.838948E+04	  1.022182E+00	
  3.092670E+02	  3.824944E+04	  1.012960E+00	
  3.094580E+02	  3.823396E+04	  1.001227E+00	
  3.096490E+02	  3.810081E+04	  1.019930E+00	
  3.098400E+02	  3.787121E+04	  1.007951E+00	
  3.100310E+02	  3.747867E+04	  9.996357E-01	
  3.102220E+02	  3.690717E+04	  9.865510E-01	
  3.104130E+02	  3.640175E+04	  9.624377E-01	
  3.106040E+02	  3.599218E+04	  9.627622E-01	
  3.107950E+02	  3.563330E+04	  9.491093E-01	
  3.109860E+02	  3.537269E+04	  9.388738E-01	
  3.111770E+02	  3.508005E+04	  9.372245E-01	
  3.113680E+02	  3.470188E+04	  9.385324E-01	
  3.115590E+02	  3.439352E+04	  9.340491E-01	
  3.117500E+02	  3.436595E+04	  9.274155E-01	
  3.119410E+02	  3.432730E+04	  9.150068E-01	
  3.121320E+02	  3.421514E+04	  9.111840E-01	
  3.123230E+02	  3.410028E+04	  9.161474E-01	
  3.125140E+02	  3.394544E+04	  9.157731E-01	
  3.127050E+02	  3.379063E+04	  9.182096E-01	
  3.128960E+02	  3.353158E+04	  9.026842E-01	
  3.130870E+02	  3.327141E+04	  9.096021E-01	
  3.132780E+02	  3.311865E+04	  8.952417E-01	
  3.134690E+02	  3.297506E+04	  8.836660E-01	
  3.136600E+02	  3.264118E+04	  8.690262E-01	
  3.138510E+02	  3.227459E+04	  8.786104E-01	
  3.140420E+02	  3.219136E+04	  8.744122E-01	
  3.142330E+02	  3.218797E+04	  8.634327E-01	
  3.144240E+02	  3.201484E+04	  8.750499E-01	
  3.146150E+02	  3.177310E+04	  8.749151E-01	
  3.148060E+02	  3.171122E+04	  8.653786E-01	
  3.149970E+02	  3.174885E+04	  8.584318E-01	
  3.151880E+02	  3.161574E+04	  8.597132E-01	
  3.153790E+02	  3.135412E+04	  8.618503E-01	
  3.155700E+02	  3.106309E+04	  8.635365E-01	
  3.157610E+02	  3.074301E+04	  8.550574E-01	
  3.159520E+02	  3.059910E+04	  8.423553E-01	
  3.161430E+02	  3.068447E+04	  8.428872E-01	
  3.163340E+02	  3.068782E+04	  8.548777E-01	
  3.165250E+02	  3.054615E+04	  8.355552E-01	
  3.167160E+02	  3.039780E+04	  8.461011E-01	
  3.169070E+02	  3.023338E+04	  8.404929E-01	
  3.170980E+02	  3.010307E+04	  8.270518E-01	
  3.172890E+02	  3.009004E+04	  8.372467E-01	
  3.174800E+02	  3.005497E+04	  8.379799E-01	
  3.176710E+02	  2.989688E+04	  8.320567E-01	
  3.178620E+02	  2.972382E+04	  8.274884E-01	
  3.180530E+02	  2.938725E+04	  8.179303E-01	
  3.182440E+02	  2.905607E+04	  8.229810E-01	
  3.184350E+02	  2.906041E+04	  8.164136E-01	
  3.186260E+02	  2.906475E+04	  8.207319E-01	
  3.188170E+02	  2.901624E+04	  8.043346E-01	
  3.190080E+02	  2.896451E+04	  8.010289E-01	
  3.191990E+02	  2.879227E+04	  8.126378E-01	
  3.193900E+02	  2.860271E+04	  8.028440E-01	
  3.195810E+02	  2.835368E+04	  7.912798E-01	
  3.197720E+02	  2.809031E+04	  7.949368E-01	
  3.199630E+02	  2.791791E+04	  7.983202E-01	
  3.201550E+02	  2.777793E+04	  7.995882E-01	
  3.203450E+02	  2.777412E+04	  8.021389E-01	
  3.205370E+02	  2.783779E+04	  7.820065E-01	
  3.207280E+02	  2.771403E+04	  7.786692E-01	
  3.209190E+02	  2.746659E+04	  7.780100E-01	
  3.211100E+02	  2.732571E+04	  7.904597E-01	
  3.213010E+02	  2.727977E+04	  7.913795E-01	
  3.214920E+02	  2.718170E+04	  7.711255E-01	
  3.216830E+02	  2.702261E+04	  7.735115E-01	
  3.218740E+02	  2.687109E+04	  7.725949E-01	
  3.220650E+02	  2.673121E+04	  7.793084E-01	
  3.222560E+02	  2.656758E+04	  7.805800E-01	
  3.224470E+02	  2.635339E+04	  7.710295E-01	
  3.226380E+02	  2.619871E+04	  7.736443E-01	
  3.228290E+02	  2.622144E+04	  7.714468E-01	
  3.230200E+02	  2.622073E+04	  7.579235E-01	
  3.232110E+02	  2.611559E+04	  7.595866E-01	
  3.234020E+02	  2.601876E+04	  7.724496E-01	
  3.235930E+02	  2.598926E+04	  7.513792E-01	
  3.237840E+02	  2.596114E+04	  7.647666E-01	
  3.239750E+02	  2.596453E+04	  7.530874E-01	
  3.241660E+02	  2.596791E+04	  7.670124E-01	
  3.243570E+02	  2.569557E+04	  7.578037E-01	
  3.245480E+02	  2.541580E+04	  7.575271E-01	
  3.247390E+02	  2.529916E+04	  7.586112E-01	
  3.249300E+02	  2.520053E+04	  7.589403E-01	
  3.251210E+02	  2.528343E+04	  7.670140E-01	
  3.253120E+02	  2.540287E+04	  7.450306E-01	
  3.255030E+02	  2.531966E+04	  7.459564E-01	
  3.256940E+02	  2.517399E+04	  7.568241E-01	
  3.258850E+02	  2.505781E+04	  7.541995E-01	
  3.260760E+02	  2.495484E+04	  7.433112E-01	
  3.262670E+02	  2.485786E+04	  7.482154E-01	
  3.264580E+02	  2.476453E+04	  7.454242E-01	
  3.266490E+02	  2.468838E+04	  7.460029E-01	
  3.268400E+02	  2.462600E+04	  7.495316E-01	
  3.270310E+02	  2.448079E+04	  7.344770E-01	
  3.272220E+02	  2.424835E+04	  7.367100E-01	
  3.274130E+02	  2.410260E+04	  7.433353E-01	
  3.276040E+02	  2.407987E+04	  7.452849E-01	
  3.277950E+02	  2.406801E+04	  7.460404E-01	
  3.279860E+02	  2.407671E+04	  7.306608E-01	