*********************  Core Excitation Data  ********************
****************  A.P. Hitchcock & D.C. Mancini  ****************
*
* Formula: CH3CHO
* Name: acetaldehyde
* Edge: C 1s
* Alpha Formula: C2H4O
* Data Source: Hitchcock
* Filename:  aa-0cckk.os
* Ref. Code: HB80b, FH15
* Write Date: 15 / 06/ 24
* Reference: unpublished (summer 2015); J.El.Spec. 19 (1980) 231. 
* Source and Purity: BDH, >99%  (Stover Lab)
* Acquisition Mode: ISEELS, Constant final E 2500 eV,  2 deg
*--------------------------------------------------------------
* No. of Spectra: 2    name1- 0aac.     name2- 0aac.os
*   E (eV)        Mass Abs. Coeff.   E (eV) Osc. Str. per atom (E-2)
*--------------------------------------------------------------
  	  2.751088E+02	  7.128343E+03	  2.751088E+02	  2.045917E-04
  	  2.754088E+02	  7.040915E+03	  2.754088E+02	  -1.387741E-03
  	  2.757078E+02	  7.157486E+03	  2.757078E+02	  2.160172E-03
  	  2.760078E+02	  7.100657E+03	  2.760078E+02	  1.334103E-03
  	  2.763078E+02	  7.056214E+03	  2.763078E+02	  8.152004E-04
  	  2.766068E+02	  7.060586E+03	  2.766068E+02	  1.532774E-03
  	  2.769068E+02	  6.957857E+03	  2.769068E+02	  -4.841157E-04
  	  2.772068E+02	  6.860229E+03	  2.772068E+02	  -2.384738E-03
  	  2.775058E+02	  7.026343E+03	  2.775058E+02	  2.480520E-03
  	  2.778058E+02	  6.946929E+03	  2.778058E+02	  1.041744E-03
  	  2.781058E+02	  6.890100E+03	  2.781058E+02	  1.759328E-04
  	  2.784048E+02	  6.817971E+03	  2.784048E+02	  -1.096474E-03
  	  2.787048E+02	  6.841286E+03	  2.787048E+02	  1.059137E-04
  	  2.787048E+02	  6.828354E+03	  2.787048E+02	  -2.304875E-04
  	  2.790038E+02	  6.725228E+03	  2.790038E+02	  -2.325580E-03
  	  2.793038E+02	  6.847326E+03	  2.793038E+02	  1.459690E-03
  	  2.796038E+02	  6.714945E+03	  2.796038E+02	  -1.413745E-03
  	  2.799028E+02	  6.709631E+03	  2.799028E+02	  -9.643869E-04
  	  2.802028E+02	  6.735790E+03	  2.802028E+02	  3.177304E-04
  	  2.805028E+02	  6.739539E+03	  2.805028E+02	  1.011356E-03
  	  2.808018E+02	  6.628668E+03	  2.808018E+02	  -1.338479E-03
  	  2.811018E+02	  6.576773E+03	  2.811018E+02	  -2.132417E-03
  	  2.814798E+02	  6.574075E+03	  2.814798E+02	  -1.467855E-03
  	  2.815798E+02	  6.479024E+03	  2.815798E+02	  -3.815204E-03
  	  2.816798E+02	  6.537393E+03	  2.816798E+02	  -2.059818E-03
  	  2.817798E+02	  6.555833E+03	  2.817798E+02	  -1.371341E-03
  	  2.818798E+02	  6.529942E+03	  2.818798E+02	  -1.871059E-03
  	  2.819798E+02	  6.566479E+03	  2.819798E+02	  -6.958274E-04
  	  2.820533E+02	  6.610624E+03	  2.820533E+02	  6.338812E-04
  	  2.823523E+02	  6.600053E+03	  2.823523E+02	  9.367159E-04
  	  2.826523E+02	  6.598631E+03	  2.826523E+02	  1.487966E-03
  	  2.829513E+02	  6.532874E+03	  2.829513E+02	  2.941180E-04
  	  2.832513E+02	  6.608133E+03	  2.832513E+02	  2.925724E-03
  	  2.835513E+02	  6.705328E+03	  2.835513E+02	  6.167787E-03
  	  2.838503E+02	  6.653336E+03	  2.838503E+02	  5.345629E-03
  	  2.842583E+02	  6.714155E+03	  2.842583E+02	  7.827962E-03
  	  2.843583E+02	  6.791155E+03	  2.843583E+02	  1.014432E-02
  	  2.844083E+02	  6.869012E+03	  2.844083E+02	  1.238567E-02
  	  2.845083E+02	  6.953093E+03	  2.845083E+02	  1.490405E-02
  	  2.845583E+02	  6.968020E+03	  2.845583E+02	  1.541874E-02
  	  2.846583E+02	  6.990965E+03	  2.846583E+02	  1.625890E-02
  	  2.847573E+02	  7.107847E+03	  2.847573E+02	  1.968862E-02
  	  2.848073E+02	  7.204655E+03	  2.848073E+02	  2.246540E-02
  	  2.849073E+02	  7.343602E+03	  2.849073E+02	  2.651694E-02
  	  2.849573E+02	  7.434819E+03	  2.849573E+02	  2.914619E-02
  	  2.850573E+02	  7.664193E+03	  2.850573E+02	  3.571010E-02
  	  2.851573E+02	  7.975587E+03	  2.851573E+02	  4.455657E-02
  	  2.852073E+02	  8.260908E+03	  2.852073E+02	  5.257573E-02
  	  2.853073E+02	  8.994900E+03	  2.853073E+02	  7.316487E-02
  	  2.853573E+02	  9.625738E+03	  2.853573E+02	  9.079117E-02
  	  2.854573E+02	  1.109337E+04	  2.854573E+02	  1.318113E-01
  	  2.855563E+02	  1.344953E+04	  2.855563E+02	  1.975941E-01
  	  2.856063E+02	  1.521283E+04	  2.856063E+02	  2.468024E-01
  	  2.857063E+02	  2.010461E+04	  2.857063E+02	  3.833462E-01
  	  2.857563E+02	  2.363312E+04	  2.857563E+02	  4.818542E-01
  	  2.858563E+02	  3.053060E+04	  2.858563E+02	  6.747053E-01
  	  2.859563E+02	  4.026668E+04	  2.859563E+02	  9.470968E-01
  	  2.860063E+02	  4.691571E+04	  2.860063E+02	  1.133186E+00
  	  2.861063E+02	  5.710712E+04	  2.861063E+02	  1.419118E+00
  	  2.861563E+02	  6.179860E+04	  2.861563E+02	  1.550993E+00
  	  2.862563E+02	  6.736494E+04	  2.862563E+02	  1.708359E+00
  	  2.863553E+02	  7.091556E+04	  2.863553E+02	  1.809567E+00
  	  2.864053E+02	  7.183041E+04	  2.864053E+02	  1.836149E+00
  	  2.865053E+02	  6.944698E+04	  2.865053E+02	  1.771260E+00
  	  2.865553E+02	  6.735699E+04	  2.865553E+02	  1.713570E+00
  	  2.866553E+02	  6.299518E+04	  2.866553E+02	  1.592920E+00
  	  2.867553E+02	  5.686668E+04	  2.867553E+02	  1.422387E+00
  	  2.868053E+02	  5.292648E+04	  2.868053E+02	  1.312368E+00
  	  2.869053E+02	  4.664330E+04	  2.869053E+02	  1.136969E+00
  	  2.869553E+02	  4.380959E+04	  2.869553E+02	  1.057813E+00
  	  2.870553E+02	  3.993323E+04	  2.870553E+02	  9.497547E-01
  	  2.871553E+02	  3.623418E+04	  2.871553E+02	  8.464918E-01
  	  2.872043E+02	  3.474899E+04	  2.872043E+02	  8.050602E-01
  	  2.873043E+02	  3.255819E+04	  2.873043E+02	  7.441217E-01
  	  2.873543E+02	  3.140309E+04	  2.873543E+02	  7.119218E-01
  	  2.874543E+02	  3.007774E+04	  2.874543E+02	  6.752914E-01
  	  2.875543E+02	  2.893030E+04	  2.875543E+02	  6.436287E-01
  	  2.876043E+02	  2.851488E+04	  2.876043E+02	  6.322592E-01
  	  2.877043E+02	  2.848294E+04	  2.877043E+02	  6.321431E-01
  	  2.877543E+02	  2.891928E+04	  2.877543E+02	  6.449174E-01
  	  2.878543E+02	  3.043645E+04	  2.878543E+02	  6.888046E-01
  	  2.879543E+02	  3.398660E+04	  2.879543E+02	  7.905626E-01
  	  2.880033E+02	  3.630001E+04	  2.880033E+02	  8.568128E-01
  	  2.881033E+02	  4.061552E+04	  2.881033E+02	  9.806586E-01
  	  2.881533E+02	  4.228048E+04	  2.881533E+02	  1.028635E+00
  	  2.882533E+02	  4.484539E+04	  2.882533E+02	  1.102913E+00
  	  2.883533E+02	  4.761365E+04	  2.883533E+02	  1.183134E+00
  	  2.884033E+02	  4.799816E+04	  2.884033E+02	  1.194765E+00
  	  2.885033E+02	  4.675772E+04	  2.885033E+02	  1.160640E+00
  	  2.886033E+02	  4.429701E+04	  2.886033E+02	  1.091549E+00
  	  2.886533E+02	  4.247439E+04	  2.886533E+02	  1.040007E+00
  	  2.887533E+02	  3.964314E+04	  2.887533E+02	  9.600886E-01
  	  2.888033E+02	  3.808495E+04	  2.888033E+02	  9.159868E-01
  	  2.889023E+02	  3.507917E+04	  2.889023E+02	  8.308207E-01
  	  2.890023E+02	  3.277350E+04	  2.890023E+02	  7.656017E-01
  	  2.890523E+02	  3.158301E+04	  2.890523E+02	  7.318640E-01
  	  2.891523E+02	  2.986174E+04	  2.891523E+02	  6.832588E-01
  	  2.892023E+02	  2.926383E+04	  2.892023E+02	  6.664781E-01
  	  2.893023E+02	  2.856329E+04	  2.893023E+02	  6.471273E-01
  	  2.894023E+02	  2.809743E+04	  2.894023E+02	  6.345018E-01
  	  2.894523E+02	  2.806370E+04	  2.894523E+02	  6.339230E-01
  	  2.895523E+02	  2.846317E+04	  2.895523E+02	  6.462374E-01
  	  2.896023E+02	  2.911390E+04	  2.896023E+02	  6.654237E-01
  	  2.897013E+02	  3.080988E+04	  2.897013E+02	  7.152425E-01
  	  2.898013E+02	  3.463125E+04	  2.898013E+02	  8.266408E-01
  	  2.898513E+02	  3.715500E+04	  2.898513E+02	  9.001602E-01
  	  2.899513E+02	  4.162762E+04	  2.899513E+02	  1.030753E+00
  	  2.900013E+02	  4.328768E+04	  2.900013E+02	  1.079441E+00
  	  2.901013E+02	  4.647901E+04	  2.901013E+02	  1.173219E+00
  	  2.902013E+02	  4.901204E+04	  2.902013E+02	  1.248057E+00
  	  2.902513E+02	  4.955720E+04	  2.902513E+02	  1.264574E+00
  	  2.903513E+02	  4.837991E+04	  2.903513E+02	  1.231722E+00
  	  2.904013E+02	  4.768326E+04	  2.904013E+02	  1.212129E+00
  	  2.905003E+02	  4.601544E+04	  2.905003E+02	  1.164883E+00
  	  2.906003E+02	  4.393630E+04	  2.906003E+02	  1.105572E+00
  	  2.906503E+02	  4.287088E+04	  2.906503E+02	  1.075120E+00
  	  2.907503E+02	  4.239145E+04	  2.907503E+02	  1.062326E+00
  	  2.908003E+02	  4.246016E+04	  2.908003E+02	  1.064925E+00
  	  2.908468E+02	  4.281517E+04	  2.908468E+02	  1.075848E+00
  	  2.909968E+02	  4.298130E+04	  2.909968E+02	  1.082505E+00
  	  2.911468E+02	  4.331220E+04	  2.911468E+02	  1.094005E+00
  	  2.912958E+02	  4.354208E+04	  2.912958E+02	  1.102558E+00
  	  2.914458E+02	  4.436398E+04	  2.914458E+02	  1.128534E+00
  	  2.915958E+02	  4.542404E+04	  2.915958E+02	  1.161587E+00
  	  2.917458E+02	  4.640274E+04	  2.917458E+02	  1.192333E+00
  	  2.918958E+02	  4.816390E+04	  2.918958E+02	  1.246245E+00
  	  2.920448E+02	  4.967647E+04	  2.920448E+02	  1.292946E+00
  	  2.921948E+02	  5.061930E+04	  2.921948E+02	  1.322934E+00
  	  2.923448E+02	  5.074727E+04	  2.923448E+02	  1.328862E+00
  	  2.924948E+02	  5.077144E+04	  2.924948E+02	  1.331724E+00
  	  2.926448E+02	  5.077751E+04	  2.926448E+02	  1.334052E+00
  	  2.927948E+02	  5.066117E+04	  2.927948E+02	  1.332741E+00
  	  2.929438E+02	  5.113398E+04	  2.929438E+02	  1.348960E+00
  	  2.930938E+02	  5.112091E+04	  2.930938E+02	  1.350739E+00
  	  2.932438E+02	  5.121741E+04	  2.932438E+02	  1.355793E+00
  	  2.933938E+02	  5.148632E+04	  2.933938E+02	  1.366014E+00
  	  2.935438E+02	  5.119420E+04	  2.935438E+02	  1.359453E+00
  	  2.936928E+02	  5.138488E+04	  2.936928E+02	  1.367339E+00
  	  2.938428E+02	  5.125586E+04	  2.938428E+02	  1.365653E+00
  	  2.939928E+02	  5.141039E+04	  2.939928E+02	  1.372489E+00
  	  2.941428E+02	  5.141004E+04	  2.941428E+02	  1.374674E+00
  	  2.942928E+02	  5.183596E+04	  2.942928E+02	  1.389721E+00
  	  2.944428E+02	  5.158936E+04	  2.944428E+02	  1.384488E+00
  	  2.945918E+02	  5.183004E+04	  2.945918E+02	  1.393964E+00
  	  2.947418E+02	  5.194839E+04	  2.947418E+02	  1.399771E+00
  	  2.948918E+02	  5.194189E+04	  2.948918E+02	  1.401803E+00
  	  2.950418E+02	  5.177875E+04	  2.950418E+02	  1.399077E+00
  	  2.951918E+02	  5.148110E+04	  2.951918E+02	  1.392248E+00
  	  2.953408E+02	  5.108612E+04	  2.953408E+02	  1.382416E+00
  	  2.954908E+02	  5.114368E+04	  2.954908E+02	  1.386373E+00
  	  2.956408E+02	  5.092918E+04	  2.956408E+02	  1.382025E+00
  	  2.957908E+02	  5.040536E+04	  2.957908E+02	  1.368200E+00
  	  2.959408E+02	  5.020664E+04	  2.959408E+02	  1.364290E+00
  	  2.960908E+02	  4.987301E+04	  2.960908E+02	  1.356228E+00
  	  2.962398E+02	  4.920915E+04	  2.962398E+02	  1.337980E+00
  	  2.963898E+02	  4.836332E+04	  2.963898E+02	  1.314095E+00
  	  2.965398E+02	  4.820648E+04	  2.965398E+02	  1.311363E+00
  	  2.966898E+02	  4.757448E+04	  2.966898E+02	  1.293962E+00
  	  2.968398E+02	  4.704424E+04	  2.968398E+02	  1.279653E+00
  	  2.969898E+02	  4.688386E+04	  2.969898E+02	  1.276740E+00
  	  2.971388E+02	  4.656058E+04	  2.971388E+02	  1.268757E+00
  	  2.972888E+02	  4.626418E+04	  2.972888E+02	  1.261595E+00
  	  2.974388E+02	  4.541777E+04	  2.974388E+02	  1.237326E+00
  	  2.975888E+02	  4.516758E+04	  2.975888E+02	  1.231531E+00
  	  2.977388E+02	  4.473349E+04	  2.977388E+02	  1.219988E+00
  	  2.978878E+02	  4.438375E+04	  2.978878E+02	  1.211027E+00
  	  2.980378E+02	  4.417453E+04	  2.980378E+02	  1.206440E+00
  	  2.981878E+02	  4.402673E+04	  2.981878E+02	  1.203758E+00
  	  2.983378E+02	  4.398170E+04	  2.983378E+02	  1.204283E+00
  	  2.986338E+02	  4.372522E+04	  2.986338E+02	  1.200050E+00
  	  2.989338E+02	  4.356489E+04	  2.989338E+02	  1.198859E+00
  	  2.992328E+02	  4.344653E+04	  2.992328E+02	  1.198960E+00
  	  2.995328E+02	  4.283306E+04	  2.995328E+02	  1.183382E+00
  	  2.998318E+02	  4.308021E+04	  2.998318E+02	  1.195020E+00
  	  3.001318E+02	  4.283539E+04	  3.001318E+02	  1.191055E+00
  	  3.004318E+02	  4.285470E+04	  3.004318E+02	  1.195488E+00
  	  3.007308E+02	  4.223600E+04	  3.007308E+02	  1.179493E+00
  	  3.010308E+02	  4.243065E+04	  3.010308E+02	  1.189520E+00
  	  3.013308E+02	  4.217307E+04	  3.013308E+02	  1.185031E+00
  	  3.016298E+02	  4.139562E+04	  3.016298E+02	  1.163709E+00
  	  3.019298E+02	  4.118339E+04	  3.019298E+02	  1.160565E+00
  	  3.022298E+02	  4.076146E+04	  3.022298E+02	  1.150584E+00
  	  3.025288E+02	  4.022152E+04	  3.025288E+02	  1.136682E+00
  	  3.028288E+02	  3.965810E+04	  3.028288E+02	  1.121937E+00
  	  3.031278E+02	  3.918357E+04	  3.031278E+02	  1.109995E+00
  	  3.034278E+02	  3.883386E+04	  3.034278E+02	  1.102083E+00
  	  3.037278E+02	  3.801520E+04	  3.037278E+02	  1.078685E+00
  	  3.040268E+02	  3.759902E+04	  3.040268E+02	  1.068414E+00
  	  3.043268E+02	  3.715451E+04	  3.043268E+02	  1.057149E+00
  	  3.046268E+02	  3.654193E+04	  3.046268E+02	  1.040235E+00
  	  3.049258E+02	  3.602812E+04	  3.049258E+02	  1.026491E+00
  	  3.052258E+02	  3.552103E+04	  3.052258E+02	  1.012896E+00
  	  3.055258E+02	  3.498468E+04	  3.055258E+02	  9.982363E-01
  	  3.058248E+02	  3.454757E+04	  3.058248E+02	  9.868027E-01
  	  3.061248E+02	  3.447883E+04	  3.061248E+02	  9.876919E-01
  	  3.064248E+02	  3.365887E+04	  3.064248E+02	  9.632474E-01
  	  3.067238E+02	  3.351006E+04	  3.067238E+02	  9.613381E-01
  	  3.070238E+02	  3.284246E+04	  3.070238E+02	  9.418315E-01
  	  3.073228E+02	  3.246236E+04	  3.073228E+02	  9.319702E-01
  	  3.076228E+02	  3.230854E+04	  3.076228E+02	  9.297664E-01
  	  3.079228E+02	  3.177039E+04	  3.079228E+02	  9.144071E-01
  	  3.082218E+02	  3.159238E+04	  3.082218E+02	  9.112836E-01
  	  3.085218E+02	  3.124181E+04	  3.085218E+02	  9.022143E-01
  	  3.088218E+02	  3.102873E+04	  3.088218E+02	  8.978214E-01
  	  3.091208E+02	  3.075464E+04	  3.091208E+02	  8.912777E-01
  	  3.094208E+02	  3.074252E+04	  3.094208E+02	  8.937712E-01
  	  3.097208E+02	  3.026465E+04	  3.097208E+02	  8.800939E-01
  	  3.100198E+02	  3.019165E+04	  3.100198E+02	  8.804206E-01
  	  3.103198E+02	  2.975227E+04	  3.103198E+02	  8.679570E-01
  	  3.106198E+02	  2.963673E+04	  3.106198E+02	  8.667529E-01
  	  3.109188E+02	  2.922381E+04	  3.109188E+02	  8.550847E-01
  	  3.112188E+02	  2.912379E+04	  3.112188E+02	  8.543661E-01
  	  3.115178E+02	  2.920843E+04	  3.115178E+02	  8.601404E-01
  	  3.118178E+02	  2.901577E+04	  3.118178E+02	  8.561335E-01
  	  3.121178E+02	  2.881239E+04	  3.121178E+02	  8.517150E-01
  	  3.124168E+02	  2.856840E+04	  3.124168E+02	  8.458092E-01
  	  3.127168E+02	  2.816166E+04	  3.127168E+02	  8.340665E-01
  	  3.130168E+02	  2.792721E+04	  3.130168E+02	  8.284130E-01
  	  3.133158E+02	  2.776702E+04	  3.133158E+02	  8.253735E-01
  	  3.136158E+02	  2.776546E+04	  3.136158E+02	  8.280208E-01
  	  3.139158E+02	  2.751654E+04	  3.139158E+02	  8.217549E-01
  	  3.142148E+02	  2.729227E+04	  3.142148E+02	  8.163291E-01
  	  3.145148E+02	  2.718977E+04	  3.145148E+02	  8.152863E-01
  	  3.148138E+02	  2.694564E+04	  3.148138E+02	  8.090743E-01
  	  3.151138E+02	  2.669996E+04	  3.151138E+02	  8.027716E-01
  	  3.154138E+02	  2.699387E+04	  3.154138E+02	  8.161366E-01
  	  3.157128E+02	  2.633059E+04	  3.157128E+02	  7.944981E-01
  	  3.160128E+02	  2.648349E+04	  3.160128E+02	  8.027154E-01
  	  3.163128E+02	  2.626963E+04	  3.163128E+02	  7.974635E-01
  	  3.166118E+02	  2.621421E+04	  3.166118E+02	  7.980150E-01
  	  3.169118E+02	  2.602898E+04	  3.169118E+02	  7.937648E-01
  	  3.172118E+02	  2.585932E+04	  3.172118E+02	  7.900608E-01
  	  3.175108E+02	  2.546336E+04	  3.175108E+02	  7.778991E-01
  	  3.178108E+02	  2.550137E+04	  3.178108E+02	  7.818627E-01
  	  3.181108E+02	  2.537179E+04	  3.181108E+02	  7.795699E-01
  	  3.184098E+02	  2.520080E+04	  3.184098E+02	  7.756947E-01
  	  3.187098E+02	  2.526159E+04	  3.187098E+02	  7.805133E-01
  	  3.190088E+02	  2.510612E+04	  3.190088E+02	  7.771879E-01
  	  3.193088E+02	  2.465013E+04	  3.193088E+02	  7.624859E-01
  	  3.196588E+02	  2.477724E+04	  3.196588E+02	  7.702126E-01
  	  3.199578E+02	  2.453204E+04	  3.199578E+02	  7.633937E-01
  	  3.202578E+02	  2.444484E+04	  3.202578E+02	  7.625600E-01
  	  3.211778E+02	  2.396010E+04	  3.211778E+02	  7.515743E-01
  	  3.221768E+02	  2.372985E+04	  3.221768E+02	  7.508281E-01
  	  3.231758E+02	  2.331721E+04	  3.231758E+02	  7.428456E-01
  	  3.231758E+02	  2.344033E+04	  3.231758E+02	  7.476578E-01
  	  3.241748E+02	  2.294417E+04	  3.241748E+02	  7.361919E-01
  	  3.251738E+02	  2.269427E+04	  3.251738E+02	  7.342280E-01
  	  3.261718E+02	  2.244364E+04	  3.261718E+02	  7.321019E-01
  	  3.271708E+02	  2.202471E+04	  3.271708E+02	  7.230483E-01
  	  3.281698E+02	  2.155260E+04	  3.281698E+02	  7.115794E-01
  	  3.291688E+02	  2.146298E+04	  3.291688E+02	  7.155657E-01
  	  3.301678E+02	  2.082184E+04	  3.301678E+02	  6.966439E-01
  	  3.311668E+02	  2.040583E+04	  3.311668E+02	  6.867356E-01
  	  3.321648E+02	  2.029144E+04	  3.321648E+02	  6.892987E-01
  	  3.331638E+02	  2.008234E+04	  3.331638E+02	  6.877973E-01
  	  3.341628E+02	  1.967798E+04	  3.341628E+02	  6.778058E-01
  	  3.351618E+02	  1.957380E+04	  3.351618E+02	  6.805571E-01
  	  3.361598E+02	  1.922773E+04	  3.361598E+02	  6.727080E-01
  	  3.371588E+02	  1.890351E+04	  3.371588E+02	  6.656153E-01
  	  3.381578E+02	  1.884377E+04	  3.381578E+02	  6.700625E-01
  	  3.391568E+02	  1.854141E+04	  3.391568E+02	  6.636467E-01
  	  3.401558E+02	  1.827694E+04	  3.401558E+02	  6.587554E-01