*********************  Core Excitation Data  ********************
****************  A.P. Hitchcock & D.C. Mancini  ****************
*
* Formula: Ph-O-Me
* Name: anisole
* Edge: O 1s
* Alpha Formula: C7H8O
* Data Source: Hitchcock
* Filename:  vl-0ookk.os
* Ref. Code:  UH97
* Write Date: 22/08/98
* Reference:  Urquhart, Hitchcock, (1997), unpublished.
* Source and Purity: Leigh's lab
* Acquisition Mode: EELS, 2 deg, 2500eV CRE mode, 0.7eV fwhm
*--------------------------------------------------------------
* No. of Spectra: 3     name1- 0vlo    name2- 0vlo.os  name3- 0vlo.oss
*   E (eV)        Raw data      Osc. Str. per atom (E-2)   smoothed
*--------------------------------------------------------------
  5.151953E+02	  2.024699E+04	 -1.752248E-02	 -9.878930E-03	
  5.152925E+02	  2.028400E+04	 -3.387039E-04	 -4.645471E-03	
  5.154983E+02	  2.034900E+04	  3.088519E-02	  3.029902E-03	
  5.156926E+02	  2.048200E+04	  8.799709E-02	  5.203418E-03	
  5.158984E+02	  2.025700E+04	  7.320614E-03	  7.504589E-03	
  5.160928E+02	  2.020400E+04	 -7.337929E-03	  9.838427E-03	
  5.162985E+02	  2.021500E+04	  3.027511E-03	  1.247763E-02	
  5.164929E+02	  2.029500E+04	  3.967231E-02	  1.483082E-02	
  5.166987E+02	  2.020500E+04	  1.106190E-02	  1.717344E-02	
  5.168930E+02	  2.019600E+04	  1.335425E-02	  1.683973E-02	
  5.170988E+02	  2.032600E+04	  6.961341E-02	  1.378836E-02	
  5.172932E+02	  2.009200E+04	 -1.490997E-02	  7.479761E-03	
  5.174989E+02	  1.991300E+04	 -7.788338E-02	 -2.823018E-03	
  5.176932E+02	  2.021100E+04	  4.283499E-02	 -1.083697E-02	
  5.178990E+02	  1.993700E+04	 -5.679848E-02	 -1.750654E-02	
  5.180934E+02	  2.009700E+04	  1.067113E-02	 -1.844749E-02	
  5.182992E+02	  2.007900E+04	  9.795961E-03	 -1.376674E-02	
  5.184935E+02	  1.991500E+04	 -4.775189E-02	 -6.634404E-03	
  5.186993E+02	  2.000900E+04	 -5.427547E-03	  3.788675E-03	
  5.188936E+02	  2.009900E+04	  3.501201E-02	  1.049766E-02	
  5.190994E+02	  2.008100E+04	  3.411574E-02	  1.428171E-02	
  5.192938E+02	  2.001500E+04	  1.436017E-02	  1.607974E-02	
  5.194995E+02	  2.019100E+04	  8.829816E-02	  1.610168E-02	
  5.196939E+02	  2.027400E+04	  1.260190E-01	  1.612242E-02	
  5.198997E+02	  1.983500E+04	 -3.732802E-02	  1.614438E-02	
  5.200940E+02	  2.001900E+04	  3.934672E-02	  1.644016E-02	
  5.202998E+02	  1.996400E+04	  2.414351E-02	  1.704470E-02	
  5.204941E+02	  2.002300E+04	  5.258111E-02	  1.440049E-02	
  5.206999E+02	  1.989700E+04	  9.973466E-03	  8.191380E-03	
  5.208942E+02	  1.978700E+04	 -2.680045E-02	  3.885714E-03	
  5.210886E+02	  1.967100E+04	 -6.589217E-02	  1.136454E-03	
  5.212944E+02	  1.983000E+04	  1.441058E-03	  4.788804E-04	
  5.214887E+02	  1.985000E+04	  1.480925E-02	  3.490429E-03	
  5.216945E+02	  1.979200E+04	 -1.589091E-03	  5.325244E-03	
  5.218889E+02	  1.967400E+04	 -4.147204E-02	  5.778874E-03	
  5.220946E+02	  1.991300E+04	  5.670396E-02	  8.379450E-03	
  5.222889E+02	  1.952900E+04	 -8.582061E-02	  1.283865E-02	
  5.224948E+02	  1.997000E+04	  9.028753E-02	  2.174200E-02	
  5.226891E+02	  1.973800E+04	  6.397626E-03	  3.408148E-02	
  5.228949E+02	  1.994200E+04	  9.105289E-02	  4.185274E-02	
  5.230892E+02	  1.973100E+04	  1.525539E-02	  4.418461E-02	
  5.232950E+02	  1.996200E+04	  1.103172E-01	  4.100646E-02	
  5.234893E+02	  1.988000E+04	  8.428216E-02	  3.267193E-02	
  5.236951E+02	  1.946600E+04	 -6.951965E-02	  2.785862E-02	
  5.238895E+02	  1.959500E+04	 -1.415511E-02	  2.710301E-02	
  5.240952E+02	  1.983700E+04	  8.512636E-02	  2.799639E-02	
  5.242896E+02	  1.952200E+04	 -3.082242E-02	  3.044068E-02	
  5.244954E+02	  1.981400E+04	  8.774345E-02	  3.045558E-02	
  5.246897E+02	  1.969400E+04	  4.701627E-02	  2.804095E-02	
  5.248955E+02	  1.961400E+04	  2.204702E-02	  2.343118E-02	
  5.250898E+02	  1.951900E+04	 -9.044500E-03	  1.714302E-02	
  5.252956E+02	  1.960000E+04	  2.809252E-02	  1.180369E-02	
  5.254899E+02	  1.924100E+04	 -1.048633E-01	  8.477605E-03	
  5.256957E+02	  1.953300E+04	  1.367004E-02	  9.727322E-03	
  5.258901E+02	  1.938300E+04	 -3.865783E-02	  1.090808E-02	
  5.260959E+02	  1.967500E+04	  7.986660E-02	  1.090474E-02	
  5.262902E+02	  1.958600E+04	  5.106300E-02	  9.718024E-03	
  5.264960E+02	  1.932300E+04	 -4.455416E-02	  8.409250E-03	
  5.266903E+02	  1.966100E+04	  9.137705E-02	  7.123646E-03	
  5.268961E+02	  1.953100E+04	  4.706562E-02	  6.067097E-03	
  5.270905E+02	  1.920000E+04	 -7.512408E-02	  5.421372E-03	
  5.272962E+02	  1.919700E+04	 -7.045035E-02	  4.738141E-03	
  5.274906E+02	  1.932700E+04	 -1.478739E-02	  4.092416E-03	
  5.276964E+02	  1.940800E+04	  2.228859E-02	 -8.318503E-04	
  5.278907E+02	  1.932000E+04	 -6.170013E-03	 -9.483056E-03	
  5.280965E+02	  1.926400E+04	 -2.196099E-02	  2.379363E-02	
  5.282908E+02	  1.945700E+04	  5.798567E-02	  2.273971E-02	
  5.284966E+02	  1.931800E+04	  1.016194E-02	  2.968193E-02	
  5.286909E+02	  1.958600E+04	  1.190376E-01	  3.501191E-02	
  5.288967E+02	  1.920500E+04	 -2.216482E-02	  4.762138E-02	
  5.290911E+02	  1.943200E+04	  7.088412E-02	  3.298945E-02	
  5.292969E+02	  1.931400E+04	  3.113984E-02	  3.384921E-02	
  5.294912E+02	  1.939100E+04	  6.630529E-02	  3.134221E-02	
  5.296970E+02	  1.908900E+04	 -4.443779E-02	  6.426271E-02	
  5.298913E+02	  1.923200E+04	  1.618026E-02	  6.631287E-02	
  5.300945E+02	  1.943836E+04	  1.014886E-01	  6.863796E-02	
  5.301975E+02	  1.970767E+04	  2.082787E-01	  7.941983E-02	
  5.302891E+02	  1.938212E+04	  8.523525E-02	  9.193003E-02	
  5.303920E+02	  1.927663E+04	  4.741546E-02	  1.050111E-01	
  5.304949E+02	  1.951376E+04	  1.417784E-01	  1.150267E-01	
  5.305979E+02	  1.925062E+04	  4.313361E-02	  9.490549E-02	
  5.306894E+02	  1.941147E+04	  1.077478E-01	  1.058917E-01	
  5.307924E+02	  1.956951E+04	  1.715975E-01	  1.182200E-01	
  5.308953E+02	  1.929207E+04	  6.743044E-02	  1.163350E-01	
  5.309983E+02	  1.953010E+04	  1.621387E-01	  1.339265E-01	
  5.310898E+02	  1.944982E+04	  1.337133E-01	  1.359176E-01	
  5.311927E+02	  1.942909E+04	  1.285834E-01	  1.102910E-01	
  5.312957E+02	  1.951934E+04	  1.662743E-01	  1.182745E-01	
  5.313986E+02	  1.939634E+04	  1.216853E-01	  1.228311E-01	
  5.314902E+02	  1.905416E+04	 -7.788308E-03	  1.179972E-01	
  5.315931E+02	  1.938654E+04	  1.233149E-01	  1.064978E-01	
  5.316960E+02	  1.956242E+04	  1.940345E-01	  9.882411E-02	
  5.317990E+02	  1.931095E+04	  9.987642E-02	  9.396892E-02	
  5.318906E+02	  1.917012E+04	  4.808737E-02	  1.018602E-01	
  5.319935E+02	  1.932982E+04	  1.125585E-01	  9.567500E-02	
  5.320964E+02	  1.925798E+04	  8.769894E-02	  6.590936E-02	
  5.321994E+02	  1.914626E+04	  4.745068E-02	  6.783001E-02	
  5.322909E+02	  1.922409E+04	  8.001854E-02	  6.640478E-02	
  5.323939E+02	  1.897216E+04	 -1.432497E-02	  6.363747E-02	
  5.324968E+02	  1.929561E+04	  1.133210E-01	  7.654322E-02	
  5.325998E+02	  1.909328E+04	  3.811080E-02	  8.441349E-02	
  5.326913E+02	  1.922947E+04	  9.318727E-02	  8.848145E-02	
  5.327943E+02	  1.944201E+04	  1.780392E-01	  1.085697E-01	
  5.328972E+02	  1.923895E+04	  1.025426E-01	  1.174381E-01	
  5.329887E+02	  1.924782E+04	  1.084942E-01	  1.277748E-01	
  5.330917E+02	  1.928657E+04	  1.262927E-01	  1.402661E-01	
  5.331946E+02	  1.940648E+04	  1.753997E-01	  1.549663E-01	
  5.332975E+02	  1.923082E+04	  1.104678E-01	  1.724128E-01	
  5.333891E+02	  1.940611E+04	  1.806261E-01	  2.012645E-01	
  5.334921E+02	  1.965874E+04	  2.809410E-01	  2.154084E-01	
  5.335950E+02	  1.950554E+04	  2.246681E-01	  2.246300E-01	
  5.336979E+02	  1.972054E+04	  3.104557E-01	  2.496330E-01	
  5.337894E+02	  1.949328E+04	  2.253000E-01	  2.615796E-01	
  5.338924E+02	  1.952391E+04	  2.399509E-01	  2.543160E-01	
  5.339954E+02	  1.963458E+04	  2.854893E-01	  2.574215E-01	
  5.340983E+02	  1.957220E+04	  2.642522E-01	  2.603401E-01	
  5.341898E+02	  1.947715E+04	  2.300960E-01	  2.844394E-01	
  5.342928E+02	  1.951208E+04	  2.464063E-01	  3.108947E-01	
  5.343958E+02	  1.972371E+04	  3.308860E-01	  3.317845E-01	
  5.344987E+02	  1.987995E+04	  3.939955E-01	  3.597978E-01	
  5.345902E+02	  1.995415E+04	  4.251376E-01	  4.047470E-01	
  5.346932E+02	  1.996388E+04	  4.317180E-01	  4.591242E-01	
  5.347961E+02	  2.003077E+04	  4.603457E-01	  5.141776E-01	
  5.348990E+02	  2.024219E+04	  5.447400E-01	  5.628152E-01	
  5.349906E+02	  2.044901E+04	  6.270471E-01	  6.165950E-01	
  5.350936E+02	  2.067292E+04	  7.162598E-01	  6.859752E-01	
  5.351965E+02	  2.071279E+04	  7.344582E-01	  7.528637E-01	
  5.352994E+02	  2.087950E+04	  8.015962E-01	  8.195663E-01	
  5.353909E+02	  2.117311E+04	  9.173797E-01	  8.912392E-01	
  5.354939E+02	  2.119480E+04	  9.285650E-01	  9.291408E-01	
  5.355969E+02	  2.140286E+04	  1.011658E+00	  9.726017E-01	
  5.356998E+02	  2.169908E+04	  1.128757E+00	  9.910564E-01	
  5.357913E+02	  2.131111E+04	  9.815707E-01	  9.896895E-01	
  5.358943E+02	  2.145185E+04	  1.038684E+00	  9.725624E-01	
  5.359973E+02	  2.116489E+04	  9.307790E-01	  9.439062E-01	
  5.360887E+02	  2.109889E+04	  9.078114E-01	  8.995435E-01	
  5.361917E+02	  2.083466E+04	  8.086753E-01	  8.611730E-01	
  5.362947E+02	  2.083358E+04	  8.110651E-01	  8.136492E-01	
  5.363976E+02	  2.084485E+04	  8.182181E-01	  7.869526E-01	
  5.364891E+02	  2.056562E+04	  7.129778E-01	  7.786258E-01	
  5.365921E+02	  2.054031E+04	  7.060178E-01	  7.763708E-01	
  5.366950E+02	  2.063124E+04	  7.439021E-01	  7.670020E-01	
  5.367980E+02	  2.089774E+04	  8.495240E-01	  7.529160E-01	
  5.368895E+02	  2.074450E+04	  7.928904E-01	  7.711436E-01	
  5.369924E+02	  2.061438E+04	  7.454837E-01	  7.929515E-01	
  5.370954E+02	  2.054008E+04	  7.196162E-01	  8.056662E-01	
  5.371984E+02	  2.084633E+04	  8.405709E-01	  8.120493E-01	
  5.372899E+02	  2.088681E+04	  8.586736E-01	  8.291023E-01	
  5.373928E+02	  2.081279E+04	  8.329047E-01	  8.634267E-01	
  5.374958E+02	  2.096444E+04	  8.942057E-01	  8.974165E-01	
  5.375988E+02	  2.100399E+04	  9.122613E-01	  9.049286E-01	
  5.376902E+02	  2.118806E+04	  9.857543E-01	  9.261507E-01	
  5.377932E+02	  2.110771E+04	  9.575447E-01	  9.573817E-01	
  5.378962E+02	  2.093360E+04	  8.931557E-01	  9.852700E-01	
  5.379991E+02	  2.122204E+04	  1.007229E+00	  1.006789E+00	
  5.380906E+02	  2.133043E+04	  1.051522E+00	  1.022102E+00	
  5.381936E+02	  2.142145E+04	  1.089424E+00	  1.042611E+00	
  5.382965E+02	  2.134548E+04	  1.062897E+00	  1.070856E+00	
  5.383995E+02	  2.141615E+04	  1.092943E+00	  1.083770E+00	
  5.384910E+02	  2.143090E+04	  1.101108E+00	  1.095556E+00	
  5.385939E+02	  2.139717E+04	  1.090870E+00	  1.106508E+00	
  5.386969E+02	  2.140747E+04	  1.097624E+00	  1.128604E+00	
  5.387999E+02	  2.149461E+04	  1.134023E+00	  1.152048E+00	
  5.388914E+02	  2.157133E+04	  1.166090E+00	  1.167247E+00	
  5.389943E+02	  2.169757E+04	  1.217567E+00	  1.179526E+00	
  5.390973E+02	  2.179272E+04	  1.257051E+00	  1.194781E+00	
  5.391888E+02	  2.165791E+04	  1.207502E+00	  1.210865E+00	
  5.392917E+02	  2.157122E+04	  1.176827E+00	  1.210496E+00	
  5.393947E+02	  2.163552E+04	  1.204406E+00	  1.220855E+00	
  5.394977E+02	  2.173774E+04	  1.246614E+00	  1.218870E+00	
  5.395892E+02	  2.151595E+04	  1.163502E+00	  1.207089E+00	
  5.396921E+02	  2.183687E+04	  1.290084E+00	  1.209841E+00	
  5.397951E+02	  2.170807E+04	  1.243157E+00	  1.191492E+00	
  5.398980E+02	  2.139474E+04	  1.125033E+00	  1.165243E+00	
  5.399896E+02	  2.157254E+04	  1.196090E+00	  1.156770E+00	
  5.400925E+02	  2.125403E+04	  1.075962E+00	  1.122986E+00	
  5.401954E+02	  2.121296E+04	  1.062875E+00	  1.094845E+00	
  5.402984E+02	  2.131290E+04	  1.104193E+00	  1.080936E+00	
  5.403900E+02	  2.117538E+04	  1.053591E+00	  1.046339E+00	
  5.404929E+02	  2.114901E+04	  1.046172E+00	  1.033652E+00	
  5.405958E+02	  2.109392E+04	  1.027670E+00	  1.019578E+00	
  5.406988E+02	  2.089559E+04	  9.539066E-01	  9.997275E-01	
  5.407903E+02	  2.097543E+04	  9.871556E-01	  9.883205E-01	
  5.408932E+02	  2.090921E+04	  9.643571E-01	  9.638817E-01	
  5.409962E+02	  2.090436E+04	  9.652407E-01	  9.552975E-01	
  5.410992E+02	  2.091927E+04	  9.737419E-01	  9.562446E-01	
  5.411907E+02	  2.065727E+04	  8.750998E-01	  9.308972E-01	
  5.412936E+02	  2.088985E+04	  9.675812E-01	  8.958601E-01	
  5.413966E+02	  2.086447E+04	  9.605361E-01	  8.661271E-01	
  5.414995E+02	  2.046647E+04	  8.097240E-01	  8.520975E-01	
  5.415911E+02	  2.022524E+04	  7.190970E-01	  8.429949E-01	
  5.416940E+02	  2.031667E+04	  7.571093E-01	  8.063713E-01	
  5.417969E+02	  2.061651E+04	  8.755347E-01	  7.713857E-01	
  5.418999E+02	  2.044313E+04	  8.113823E-01	  7.597211E-01	
  5.419915E+02	  2.017719E+04	  7.112159E-01	  7.556036E-01	
  5.420944E+02	  2.018155E+04	  7.156366E-01	  7.477031E-01	
  5.421973E+02	  2.020669E+04	  7.280718E-01	  7.165607E-01	
  5.422888E+02	  2.010243E+04	  6.902745E-01	  7.156360E-01	
  5.423918E+02	  2.012522E+04	  7.018057E-01	  7.032327E-01	
  5.424948E+02	  2.000340E+04	  6.575381E-01	  6.975555E-01	
  5.425977E+02	  2.037829E+04	  8.049090E-01	  7.029202E-01	
  5.426892E+02	  1.990412E+04	  6.243933E-01	  7.078125E-01	
  5.427922E+02	  2.003054E+04	  6.758960E-01	  7.076903E-01	
  5.428951E+02	  2.025603E+04	  7.656247E-01	  6.955481E-01	
  5.429981E+02	  2.014242E+04	  7.245211E-01	  6.791428E-01	
  5.430896E+02	  2.007505E+04	  7.009501E-01	  6.924137E-01	
  5.431926E+02	  1.973516E+04	  5.725423E-01	  6.945295E-01	
  5.432955E+02	  2.003273E+04	  6.900724E-01	  6.771587E-01	
  5.433984E+02	  2.009622E+04	  7.172895E-01	  6.591284E-01	
  5.434900E+02	  2.002104E+04	  6.907067E-01	  6.467791E-01	
  5.435929E+02	  1.989301E+04	  6.440289E-01	  6.609675E-01	
  5.436959E+02	  1.976746E+04	  5.983091E-01	  6.488098E-01	
  5.437988E+02	  1.980239E+04	  6.145048E-01	  6.443273E-01	
  5.438903E+02	  1.994480E+04	  6.718615E-01	  6.363804E-01	
  5.439933E+02	  1.976438E+04	  6.049682E-01	  6.461055E-01	
  5.440963E+02	  1.996713E+04	  6.859123E-01	  6.526118E-01	
  5.441992E+02	  1.982835E+04	  6.350785E-01	  6.713946E-01	
  5.442907E+02	  2.002174E+04	  7.121045E-01	  6.775955E-01	
  5.443937E+02	  1.983781E+04	  6.438527E-01	  6.831831E-01	
  5.444966E+02	  2.009551E+04	  7.459849E-01	  6.809738E-01	
  5.445996E+02	  2.000886E+04	  7.152675E-01	  6.905748E-01	
  5.446911E+02	  1.981812E+04	  6.440810E-01	  6.808568E-01	
  5.447941E+02	  1.987944E+04	  6.704475E-01	  6.786313E-01	
  5.448970E+02	  1.995495E+04	  7.022852E-01	  6.546021E-01	
  5.449999E+02	  1.979708E+04	  6.440788E-01	  6.500747E-01	
  5.450915E+02	  1.974988E+04	  6.282742E-01	  6.449671E-01	
  5.452974E+02	  1.960500E+04	  5.777801E-01	  6.458586E-01	
  5.454918E+02	  1.986600E+04	  6.835761E-01	  6.273731E-01	
  5.456975E+02	  1.965700E+04	  6.083281E-01	  6.186445E-01	
  5.458918E+02	  1.982100E+04	  6.766874E-01	  6.222557E-01	
  5.460977E+02	  1.953800E+04	  5.728871E-01	  6.196398E-01	
  5.462920E+02	  1.955100E+04	  5.829787E-01	  5.944089E-01	
  5.464977E+02	  1.972000E+04	  6.535528E-01	  5.877057E-01	
  5.466921E+02	  1.946300E+04	  5.594684E-01	  5.683088E-01	
  5.468979E+02	  1.931300E+04	  5.069597E-01	  5.726750E-01	
  5.470922E+02	  1.944100E+04	  5.614055E-01	  5.598280E-01	
  5.472980E+02	  1.937400E+04	  5.409093E-01	  5.392181E-01	
  5.474924E+02	  1.952300E+04	  6.034507E-01	  5.324255E-01	
  5.476981E+02	  1.922300E+04	  4.930496E-01	  5.308771E-01	
  5.478925E+02	  1.925200E+04	  5.092838E-01	  5.099655E-01	
  5.480983E+02	  1.924500E+04	  5.119201E-01	  5.053218E-01	
  5.482926E+02	  1.919100E+04	  4.961205E-01	  4.945428E-01	
  5.484984E+02	  1.896700E+04	  4.150251E-01	  4.861421E-01	
  5.486927E+02	  1.919600E+04	  5.084031E-01	  4.814721E-01	
  5.488985E+02	  1.923300E+04	  5.279973E-01	  4.773644E-01	
  5.490928E+02	  1.897700E+04	  4.342449E-01	  4.769847E-01	
  5.492986E+02	  1.907300E+04	  4.765935E-01	  4.802856E-01	
  5.494930E+02	  1.906600E+04	  4.789042E-01	  4.841140E-01	
  5.496987E+02	  1.929400E+04	  5.721709E-01	  4.889178E-01	
  5.498931E+02	  1.885900E+04	  4.093430E-01	  4.918938E-01	
  5.500989E+02	  1.914800E+04	  5.261356E-01	  4.933906E-01	
  5.502932E+02	  1.902800E+04	  4.848306E-01	  4.921651E-01	
  5.504990E+02	  1.893800E+04	  4.553905E-01	  4.880721E-01	
  5.506934E+02	  1.902500E+04	  4.939433E-01	  4.872020E-01	
  5.508991E+02	  1.906800E+04	  5.158048E-01	  4.894493E-01	
  5.510934E+02	  1.892000E+04	  4.636786E-01	  4.906387E-01	
  5.512993E+02	  1.905600E+04	  5.214188E-01	  4.909111E-01	
  5.514936E+02	  1.897300E+04	  4.943625E-01	  4.905423E-01	
  5.516993E+02	  1.866600E+04	  3.811702E-01	  4.894890E-01	
  5.518937E+02	  1.897100E+04	  5.038066E-01	  4.884934E-01	
  5.520995E+02	  1.901300E+04	  5.252591E-01	  4.874394E-01	
  5.522938E+02	  1.844700E+04	  3.118367E-01	  4.864442E-01	
  5.524996E+02	  1.872000E+04	  4.224036E-01	  4.891535E-01	
  5.526940E+02	  1.870200E+04	  4.204032E-01	  4.929309E-01	
  5.528997E+02	  1.901200E+04	  5.452362E-01	  4.969290E-01	
  5.530941E+02	  1.886600E+04	  4.938435E-01	  5.063620E-01	
  5.532999E+02	  1.853600E+04	  3.717451E-01	  5.214911E-01	
  5.534942E+02	  1.874100E+04	  4.557632E-01	  5.278828E-01	
  5.536885E+02	  1.909700E+04	  5.980355E-01	  5.342744E-01	
  5.538943E+02	  1.893200E+04	  5.395843E-01	  5.322232E-01	
  5.540887E+02	  1.894100E+04	  5.479732E-01	  5.219525E-01	
  5.542944E+02	  1.875900E+04	  4.829509E-01	  5.071415E-01	
  5.544888E+02	  1.870600E+04	  4.674107E-01	  4.894164E-01	
  5.546946E+02	  1.868700E+04	  4.652718E-01	  4.801113E-01	
  5.548889E+02	  1.868300E+04	  4.686261E-01	  4.802583E-01	
  5.550947E+02	  1.868700E+04	  4.753528E-01	  4.819576E-01	
  5.553981E+02	  1.885500E+04	  5.478013E-01	  4.867376E-01	
  5.556953E+02	  1.864500E+04	  4.742475E-01	  4.862290E-01	
  5.559925E+02	  1.868800E+04	  4.982952E-01	  4.805293E-01	
  5.562897E+02	  1.848200E+04	  4.262641E-01	  4.758165E-01	
  5.565984E+02	  1.855500E+04	  4.621565E-01	  4.719465E-01	
  5.568956E+02	  1.860300E+04	  4.881069E-01	  4.740230E-01	
  5.571929E+02	  1.840600E+04	  4.195221E-01	  4.819020E-01	
  5.574901E+02	  1.863700E+04	  5.160593E-01	  4.881479E-01	
  5.577988E+02	  1.867400E+04	  5.380238E-01	  4.929387E-01	
  5.580960E+02	  1.862700E+04	  5.272822E-01	  4.885427E-01	
  5.583932E+02	  1.842500E+04	  4.567304E-01	  4.751426E-01	
  5.586905E+02	  1.836000E+04	  4.390292E-01	  4.636282E-01	
  5.589991E+02	  1.839300E+04	  4.594095E-01	  4.536404E-01	
  5.592964E+02	  1.830100E+04	  4.312724E-01	  4.491398E-01	
  5.595936E+02	  1.850000E+04	  5.153986E-01	  4.497588E-01	
  5.598909E+02	  1.817700E+04	  3.981200E-01	  4.502020E-01	
  5.601995E+02	  1.849600E+04	  5.288060E-01	  4.504796E-01	
  5.604968E+02	  1.802400E+04	  3.540216E-01	  4.512510E-01	
  5.607940E+02	  1.808200E+04	  3.837096E-01	  4.525255E-01	
  5.610912E+02	  1.801900E+04	  3.667044E-01	  4.537055E-01	
  5.613999E+02	  1.809700E+04	  4.043737E-01	  4.548898E-01	
  5.616971E+02	  1.828600E+04	  4.845760E-01	  4.567677E-01	
  5.619944E+02	  1.825000E+04	  4.779642E-01	  4.593844E-01	
  5.622916E+02	  1.819000E+04	  4.620813E-01	  4.630826E-01	
  5.625889E+02	  1.834600E+04	  5.295284E-01	  4.678639E-01	
  5.628975E+02	  1.795700E+04	  3.869703E-01	  4.711403E-01	
  5.631948E+02	  1.826100E+04	  5.115007E-01	  4.726720E-01	
  5.634920E+02	  1.815600E+04	  4.782188E-01	  4.682346E-01	
  5.637892E+02	  1.808200E+04	  4.568891E-01	  4.578310E-01	
  5.640979E+02	  1.800500E+04	  4.346727E-01	  4.463571E-01	
  5.643951E+02	  1.797000E+04	  4.283710E-01	  4.346702E-01	
  5.646923E+02	  1.792500E+04	  4.182046E-01	  4.272431E-01	
  5.649896E+02	  1.792200E+04	  4.242350E-01	  4.240776E-01	
  5.652983E+02	  1.789600E+04	  4.216569E-01	  4.230700E-01	
  5.655955E+02	  1.771600E+04	  3.593785E-01	  4.242935E-01	
  5.658927E+02	  1.758300E+04	  3.152229E-01	  4.250707E-01	
  5.661899E+02	  1.782600E+04	  4.161261E-01	  4.210988E-01	
  5.664986E+02	  1.791800E+04	  4.590400E-01	  4.157376E-01	
  5.667958E+02	  1.785100E+04	  4.403221E-01	  4.093877E-01	
  5.670931E+02	  1.752200E+04	  3.205138E-01	  4.120377E-01	
  5.673903E+02	  1.774300E+04	  4.128960E-01	  4.236914E-01	
  5.676990E+02	  1.779400E+04	  4.399529E-01	  4.347174E-01	
  5.679962E+02	  1.797900E+04	  5.184274E-01	  4.442997E-01	
  5.682935E+02	  1.779100E+04	  4.529850E-01	  4.459814E-01	
  5.685907E+02	  1.768700E+04	  4.199397E-01	  4.397598E-01	
  5.688994E+02	  1.755700E+04	  3.771288E-01	  4.392538E-01	
  5.691966E+02	  1.773300E+04	  4.520948E-01	  4.445013E-01	
  5.694938E+02	  1.777300E+04	  4.745818E-01	  4.511300E-01	
  5.697911E+02	  1.770700E+04	  4.561655E-01	  4.591439E-01	
  5.699454E+02	  1.767275E+04	  4.632913E-01	  4.633030E-01	