*********************  Core Excitation Data  ********************
****************  A.P. Hitchcock & D.C. Mancini  ****************
*
* Formula: Ph-O-Me
* Name: anisole
* Edge: C 1s
* Alpha Formula: C7H8O
* Data Source: Hitchcock
* Filename:  vl-0cckk.os
* Ref. Code:  UH97
* Write Date: 08/05/98
* Reference:  Urquhart, Hitchcock, (1997), unpublished.
* Source and Purity: Leigh's lab
* Acquisition Mode: EELS, 2 deg, 2500eV CRE mode, 0.7eV fwhm
*--------------------------------------------------------------
* No. of Spectra: 2	name1- 0vlc4	name2- 0vlc.os
*   E (eV)        Raw data             Osc. Str. per atom (E-2)
*--------------------------------------------------------------
  2.740450E+02	  8.344000E+03	  5.146639E-03	
  2.742507E+02	  8.398000E+03	  8.628242E-03	
  2.744451E+02	  8.298000E+03	  7.830843E-03	
  2.746508E+02	  8.348000E+03	  5.849386E-03	
  2.748452E+02	  8.272000E+03	  2.632006E-03	
  2.750510E+02	  8.333000E+03	 -3.188097E-05	
  2.752453E+02	  8.207000E+03	 -3.156682E-03	
  2.754511E+02	  8.330000E+03	 -3.436377E-03	
  2.756454E+02	  8.275000E+03	 -3.977458E-03	
  2.758512E+02	  8.217000E+03	 -9.843349E-03	
  2.760456E+02	  8.228000E+03	  1.450606E-03	
  2.762513E+02	  8.383000E+03	 -9.229386E-03	
  2.764457E+02	  8.212000E+03	 -2.172604E-03	
  2.766515E+02	  8.077000E+03	  2.869151E-03	
  2.768458E+02	  8.097000E+03	 -1.983609E-03	
  2.770516E+02	  8.183000E+03	 -2.692883E-03	
  2.772459E+02	  8.217000E+03	 -2.316345E-03	
  2.774517E+02	  8.182000E+03	 -8.785177E-05	
  2.776461E+02	  8.101000E+03	 -5.444745E-03	
  2.778518E+02	  8.071000E+03	 -1.293660E-03	
  2.780462E+02	  8.240000E+03	 -5.086618E-03	
  2.782520E+02	  8.180000E+03	 -7.025179E-03	
  2.784463E+02	  8.178000E+03	  1.078488E-03	
  2.786407E+02	  8.269000E+03	  4.286895E-04	
  2.788464E+02	  8.188000E+03	 -5.034624E-03	
  2.790408E+02	  8.173000E+03	 -2.769594E-03	
  2.792466E+02	  8.071000E+03	  8.263824E-05	
  2.794409E+02	  8.123000E+03	 -1.865014E-03	
  2.796467E+02	  8.154000E+03	  5.050709E-03	
  2.798410E+02	  8.025000E+03	  1.205184E-03	
  2.800468E+02	  8.239000E+03	 -3.256634E-03	
  2.802411E+02	  8.232000E+03	 -3.447290E-03	
  2.804469E+02	  8.006000E+03	 -2.284484E-03	
  2.806413E+02	  8.162000E+03	  6.913974E-04	
  2.808470E+02	  8.110000E+03	 -2.806408E-03	
  2.810414E+02	  8.008000E+03	  4.521067E-04	
  2.812472E+02	  8.295000E+03	  5.739301E-03	
  2.814415E+02	  8.101000E+03	  6.703264E-03	
  2.816473E+02	  8.168000E+03	  7.218366E-03	
  2.818416E+02	  7.997000E+03	  2.284892E-04	
  2.820474E+02	  8.304000E+03	  5.087149E-03	
  2.822418E+02	  8.208000E+03	 -5.176223E-03	
  2.824475E+02	  8.267000E+03	  9.311144E-03	
  2.826419E+02	  8.105000E+03	  1.176962E-02	
  2.828477E+02	  8.293000E+03	  7.433971E-03	
  2.830420E+02	  8.309000E+03	  1.248232E-02	
  2.831418E+02	  8.348000E+03	  1.115306E-02	
  2.832447E+02	  8.246000E+03	  1.075529E-02	
  2.833476E+02	  8.491000E+03	  6.594489E-03	
  2.834505E+02	  8.544000E+03	  6.454472E-03	
  2.835419E+02	  8.416000E+03	  1.303699E-02	
  2.836448E+02	  8.677000E+03	  2.236012E-02	
  2.837477E+02	  8.925000E+03	  2.354420E-02	
  2.838506E+02	  9.111000E+03	  4.063286E-02	
  2.839420E+02	  9.455000E+03	  4.727798E-02	
  2.840450E+02	  1.003600E+04	  6.212855E-02	
  2.841478E+02	  1.110900E+04	  9.588426E-02	
  2.842507E+02	  1.252800E+04	  1.413683E-01	
  2.843422E+02	  1.488400E+04	  2.135148E-01	
  2.844451E+02	  1.854300E+04	  3.417765E-01	
  2.845480E+02	  2.390100E+04	  5.267141E-01	
  2.846508E+02	  3.063700E+04	  7.532319E-01	
  2.847423E+02	  3.968200E+04	  1.014816E+00	
  2.848452E+02	  4.908100E+04	  1.356574E+00	
  2.849481E+02	  5.899500E+04	  1.637761E+00	
  2.850510E+02	  6.729800E+04	  1.849630E+00	
  2.851424E+02	  7.247400E+04	  1.982970E+00	
  2.852453E+02	  7.390400E+04	  2.023799E+00	
  2.853482E+02	  7.232500E+04	  1.942650E+00	
  2.854511E+02	  6.702200E+04	  1.774616E+00	
  2.855425E+02	  6.039100E+04	  1.590245E+00	
  2.856454E+02	  5.324400E+04	  1.357630E+00	
  2.857483E+02	  4.620700E+04	  1.113013E+00	
  2.858512E+02	  3.884100E+04	  9.154417E-01	
  2.859427E+02	  3.354200E+04	  7.372783E-01	
  2.860456E+02	  2.893100E+04	  6.153854E-01	
  2.861485E+02	  2.504200E+04	  5.207822E-01	
  2.862513E+02	  2.300000E+04	  4.633265E-01	
  2.863428E+02	  2.190200E+04	  4.434094E-01	
  2.864457E+02	  2.222600E+04	  4.409333E-01	
  2.865486E+02	  2.355400E+04	  5.072808E-01	
  2.866515E+02	  2.592100E+04	  6.026302E-01	
  2.867429E+02	  2.924200E+04	  6.852741E-01	
  2.868458E+02	  3.220600E+04	  7.806746E-01	
  2.869487E+02	  3.467000E+04	  8.718566E-01	
  2.870516E+02	  3.637800E+04	  9.276748E-01	
  2.871430E+02	  3.660800E+04	  9.239331E-01	
  2.872459E+02	  3.578700E+04	  8.782161E-01	
  2.873488E+02	  3.381500E+04	  8.045521E-01	
  2.874517E+02	  3.186000E+04	  7.170796E-01	
  2.875432E+02	  2.956300E+04	  6.575103E-01	
  2.876461E+02	  2.741800E+04	  6.089252E-01	
  2.877490E+02	  2.560700E+04	  5.551264E-01	
  2.878518E+02	  2.474000E+04	  5.333236E-01	
  2.879433E+02	  2.409000E+04	  5.035278E-01	
  2.880462E+02	  2.426700E+04	  5.238929E-01	
  2.881491E+02	  2.475000E+04	  5.536365E-01	
  2.882520E+02	  2.584800E+04	  6.027452E-01	
  2.883434E+02	  2.816200E+04	  6.572486E-01	
  2.884463E+02	  3.019300E+04	  7.256314E-01	
  2.885492E+02	  3.273200E+04	  7.852596E-01	
  2.886407E+02	  3.467500E+04	  8.720823E-01	
  2.887435E+02	  3.676300E+04	  9.478683E-01	
  2.888464E+02	  3.910500E+04	  1.004186E+00	
  2.889493E+02	  4.093300E+04	  1.048360E+00	
  2.890408E+02	  4.231700E+04	  1.094583E+00	
  2.891437E+02	  4.353900E+04	  1.138242E+00	
  2.892466E+02	  4.379100E+04	  1.151218E+00	
  2.893495E+02	  4.420000E+04	  1.163944E+00	
  2.894409E+02	  4.399700E+04	  1.162216E+00	
  2.895438E+02	  4.380000E+04	  1.157058E+00	
  2.896467E+02	  4.330600E+04	  1.120670E+00	
  2.897496E+02	  4.205500E+04	  1.117411E+00	
  2.898410E+02	  4.177400E+04	  1.074232E+00	
  2.899439E+02	  4.031200E+04	  1.035268E+00	
  2.900468E+02	  4.007900E+04	  1.027950E+00	
  2.901497E+02	  4.003300E+04	  1.031682E+00	
  2.902411E+02	  4.059400E+04	  1.055503E+00	
  2.903440E+02	  4.035300E+04	  1.063788E+00	
  2.904469E+02	  4.178800E+04	  1.102496E+00	
  2.905498E+02	  4.228200E+04	  1.133534E+00	
  2.906413E+02	  4.329500E+04	  1.159383E+00	
  2.907442E+02	  4.388900E+04	  1.164032E+00	
  2.908470E+02	  4.435300E+04	  1.192705E+00	
  2.909500E+02	  4.473000E+04	  1.214772E+00	
  2.910414E+02	  4.488200E+04	  1.219196E+00	
  2.911443E+02	  4.485000E+04	  1.201088E+00	
  2.912472E+02	  4.478200E+04	  1.221921E+00	
  2.913501E+02	  4.457000E+04	  1.217767E+00	
  2.914415E+02	  4.458300E+04	  1.214896E+00	
  2.915444E+02	  4.451300E+04	  1.208692E+00	
  2.916473E+02	  4.465700E+04	  1.212690E+00	
  2.917502E+02	  4.492200E+04	  1.210616E+00	
  2.918416E+02	  4.467600E+04	  1.218824E+00	
  2.919445E+02	  4.491300E+04	  1.236708E+00	
  2.920474E+02	  4.483900E+04	  1.217261E+00	
  2.921503E+02	  4.544500E+04	  1.240643E+00	
  2.922418E+02	  4.490000E+04	  1.230882E+00	
  2.923447E+02	  4.540500E+04	  1.234127E+00	
  2.924475E+02	  4.564900E+04	  1.247868E+00	
  2.925504E+02	  4.553600E+04	  1.254121E+00	
  2.926419E+02	  4.587400E+04	  1.262564E+00	
  2.927448E+02	  4.628300E+04	  1.278706E+00	
  2.928477E+02	  4.660000E+04	  1.306431E+00	
  2.929506E+02	  4.713500E+04	  1.304775E+00	
  2.930420E+02	  4.725500E+04	  1.289458E+00	
  2.931449E+02	  4.747100E+04	  1.324734E+00	
  2.932478E+02	  4.806300E+04	  1.338741E+00	
  2.933507E+02	  4.858700E+04	  1.356319E+00	
  2.934421E+02	  4.891100E+04	  1.366825E+00	
  2.935450E+02	  4.897000E+04	  1.381789E+00	
  2.936479E+02	  4.923200E+04	  1.396692E+00	
  2.937508E+02	  4.983100E+04	  1.382751E+00	
  2.938423E+02	  4.957000E+04	  1.399464E+00	
  2.939452E+02	  4.986400E+04	  1.405072E+00	
  2.940480E+02	  5.003300E+04	  1.399769E+00	
  2.941509E+02	  5.018500E+04	  1.395149E+00	
  2.942424E+02	  4.981600E+04	  1.387389E+00	
  2.943453E+02	  4.967200E+04	  1.379460E+00	
  2.944482E+02	  4.930300E+04	  1.378470E+00	
  2.945511E+02	  4.914500E+04	  1.359543E+00	
  2.946425E+02	  4.863300E+04	  1.376927E+00	
  2.947454E+02	  4.845200E+04	  1.394064E+00	
  2.948483E+02	  4.817300E+04	  1.341495E+00	
  2.949512E+02	  4.797600E+04	  1.347884E+00	
  2.950426E+02	  4.797400E+04	  1.351109E+00	
  2.952502E+02	  4.704900E+04	  1.339734E+00	
  2.954445E+02	  4.743300E+04	  1.335492E+00	
  2.956503E+02	  4.651100E+04	  1.313525E+00	
  2.958446E+02	  4.653600E+04	  1.319449E+00	
  2.960504E+02	  4.604200E+04	  1.305967E+00	
  2.962448E+02	  4.614700E+04	  1.326364E+00	
  2.964506E+02	  4.546100E+04	  1.312266E+00	
  2.966449E+02	  4.579300E+04	  1.272368E+00	
  2.968507E+02	  4.542600E+04	  1.275690E+00	
  2.970450E+02	  4.533200E+04	  1.272230E+00	
  2.972508E+02	  4.472400E+04	  1.270173E+00	
  2.974451E+02	  4.438000E+04	  1.266522E+00	
  2.976509E+02	  4.455000E+04	  1.262199E+00	
  2.978453E+02	  4.404600E+04	  1.230987E+00	
  2.980511E+02	  4.385600E+04	  1.259973E+00	
  2.982454E+02	  4.348400E+04	  1.255672E+00	
  2.984512E+02	  4.381800E+04	  1.253585E+00	
  2.986455E+02	  4.395900E+04	  1.233702E+00	
  2.988513E+02	  4.365800E+04	  1.261151E+00	
  2.990456E+02	  4.368500E+04	  1.246312E+00	
  2.992514E+02	  4.350700E+04	  1.252197E+00	
  2.994458E+02	  4.368900E+04	  1.272170E+00	
  2.996516E+02	  4.382900E+04	  1.267687E+00	
  2.998459E+02	  4.362500E+04	  1.270063E+00	
  3.000517E+02	  4.371300E+04	  1.261919E+00	
  3.002460E+02	  4.370000E+04	  1.272959E+00	
  3.004518E+02	  4.375100E+04	  1.281333E+00	
  3.006461E+02	  4.342400E+04	  1.283012E+00	
  3.008519E+02	  4.358800E+04	  1.275777E+00	
  3.010463E+02	  4.397100E+04	  1.263565E+00	
  3.012406E+02	  4.337900E+04	  1.267920E+00	
  3.014464E+02	  4.348600E+04	  1.269060E+00	
  3.016407E+02	  4.321700E+04	  1.264382E+00	
  3.018465E+02	  4.329400E+04	  1.283683E+00	
  3.020408E+02	  4.297900E+04	  1.280154E+00	
  3.022466E+02	  4.296500E+04	  1.242734E+00	
  3.024410E+02	  4.287100E+04	  1.256062E+00	
  3.026468E+02	  4.253200E+04	  1.252410E+00	
  3.028411E+02	  4.248900E+04	  1.253567E+00	
  3.030469E+02	  4.301800E+04	  1.280088E+00	
  3.032412E+02	  4.242100E+04	  1.245680E+00	
  3.034470E+02	  4.207300E+04	  1.257836E+00	
  3.036413E+02	  4.167500E+04	  1.241056E+00	
  3.038471E+02	  4.160500E+04	  1.247738E+00	
  3.040415E+02	  4.132200E+04	  1.225161E+00	
  3.042473E+02	  4.053400E+04	  1.231590E+00	
  3.044416E+02	  4.044000E+04	  1.213934E+00	
  3.046474E+02	  4.017400E+04	  1.189299E+00	
  3.048417E+02	  3.952400E+04	  1.174801E+00	
  3.050475E+02	  3.960900E+04	  1.170818E+00	
  3.052418E+02	  3.937600E+04	  1.138767E+00	
  3.054476E+02	  3.904900E+04	  1.122994E+00	
  3.056420E+02	  3.844300E+04	  1.139278E+00	
  3.058477E+02	  3.770200E+04	  1.092037E+00	
  3.060421E+02	  3.741900E+04	  1.088056E+00	
  3.062479E+02	  3.705400E+04	  1.087524E+00	
  3.064422E+02	  3.667100E+04	  1.049181E+00	
  3.066480E+02	  3.646800E+04	  1.064882E+00	
  3.068423E+02	  3.572200E+04	  1.058655E+00	
  3.070481E+02	  3.571700E+04	  1.049521E+00	
  3.072425E+02	  3.536900E+04	  1.026879E+00	
  3.074482E+02	  3.498200E+04	  1.014570E+00	
  3.076426E+02	  3.443100E+04	  1.023815E+00	
  3.078484E+02	  3.426800E+04	  9.983975E-01	
  3.080427E+02	  3.371000E+04	  1.009041E+00	
  3.082485E+02	  3.338200E+04	  9.806738E-01	
  3.084428E+02	  3.322600E+04	  9.565414E-01	
  3.086486E+02	  3.284200E+04	  9.399681E-01	
  3.088430E+02	  3.233900E+04	  9.431940E-01	
  3.090487E+02	  3.248900E+04	  9.508776E-01	
  3.092431E+02	  3.195200E+04	  9.306979E-01	
  3.094489E+02	  3.190700E+04	  9.248286E-01	
  3.096432E+02	  3.146100E+04	  9.165182E-01	
  3.098490E+02	  3.148300E+04	  9.339907E-01	
  3.100433E+02	  3.125600E+04	  9.154131E-01	
  3.102491E+02	  3.092400E+04	  9.043281E-01	
  3.104435E+02	  3.083900E+04	  8.918830E-01	
  3.106492E+02	  3.027500E+04	  8.728914E-01	
  3.108436E+02	  3.019300E+04	  8.616844E-01	
  3.110493E+02	  3.041400E+04	  8.846038E-01	
  3.112437E+02	  3.004100E+04	  8.738985E-01	
  3.114495E+02	  2.979500E+04	  8.770204E-01	
  3.116438E+02	  2.962000E+04	  8.738721E-01	
  3.118496E+02	  2.948100E+04	  8.446798E-01	
  3.120439E+02	  2.906600E+04	  8.420150E-01	
  3.122497E+02	  2.887000E+04	  8.343914E-01	
  3.124441E+02	  2.878800E+04	  8.321990E-01	
  3.126498E+02	  2.886200E+04	  8.486797E-01	
  3.128442E+02	  2.844000E+04	  8.364339E-01	
  3.130500E+02	  2.827400E+04	  8.185849E-01	
  3.132443E+02	  2.815500E+04	  8.279293E-01	
  3.134501E+02	  2.805100E+04	  8.136352E-01	
  3.136444E+02	  2.793900E+04	  8.325521E-01	
  3.138502E+02	  2.787600E+04	  8.293794E-01	
  3.140446E+02	  2.777400E+04	  8.253614E-01	
  3.142503E+02	  2.776500E+04	  8.093925E-01	
  3.144447E+02	  2.760700E+04	  8.140671E-01	
  3.146505E+02	  2.741300E+04	  7.976684E-01	
  3.148448E+02	  2.739200E+04	  7.862470E-01	
  3.150506E+02	  2.738100E+04	  8.065380E-01	
  3.152449E+02	  2.713600E+04	  7.963842E-01	
  3.154507E+02	  2.686000E+04	  8.021657E-01	
  3.156451E+02	  2.676500E+04	  7.885015E-01	
  3.158508E+02	  2.705800E+04	  7.792801E-01	
  3.160452E+02	  2.688400E+04	  7.763203E-01	
  3.162509E+02	  2.645400E+04	  7.726620E-01	
  3.164453E+02	  2.666600E+04	  7.651915E-01	
  3.166511E+02	  2.662500E+04	  7.756670E-01	
  3.168454E+02	  2.621900E+04	  7.596743E-01	
  3.170512E+02	  2.650400E+04	  7.810866E-01	
  3.172455E+02	  2.635800E+04	  7.490738E-01	
  3.174513E+02	  2.638400E+04	  7.564403E-01	
  3.176457E+02	  2.641000E+04	  7.598082E-01	
  3.178514E+02	  2.609500E+04	  7.639160E-01	
  3.180458E+02	  2.602800E+04	  7.615561E-01	
  3.182516E+02	  2.562700E+04	  7.859100E-01	
  3.184459E+02	  2.563400E+04	  7.606623E-01	
  3.186517E+02	  2.557000E+04	  7.569952E-01	
  3.188460E+02	  2.578700E+04	  7.544362E-01	
  3.190518E+02	  2.596700E+04	  7.643080E-01	
  3.192462E+02	  2.580200E+04	  7.552085E-01	
  3.194519E+02	  2.584700E+04	  7.557982E-01	
  3.196463E+02	  2.543000E+04	  7.511907E-01	
  3.198406E+02	  2.513700E+04	  7.583833E-01	
  3.200464E+02	  2.547900E+04	  7.606987E-01	
  3.203501E+02	  2.535500E+04	  7.575716E-01	
  3.206474E+02	  2.520800E+04	  7.516676E-01	
  3.209446E+02	  2.514500E+04	  7.385119E-01	
  3.212533E+02	  2.501700E+04	  7.572335E-01	
  3.215505E+02	  2.517900E+04	  7.604079E-01	
  3.218477E+02	  2.513000E+04	  7.571427E-01	
  3.221564E+02	  2.516400E+04	  7.398027E-01	
  3.224536E+02	  2.478600E+04	  7.548443E-01	
  3.227509E+02	  2.502900E+04	  7.671590E-01	
  3.230481E+02	  2.427600E+04	  7.490034E-01	
  3.233568E+02	  2.480300E+04	  7.544580E-01	
  3.236540E+02	  2.469800E+04	  7.617686E-01	
  3.239513E+02	  2.464300E+04	  7.477034E-01	
  3.242599E+02	  2.448500E+04	  7.288787E-01	
  3.245572E+02	  2.430000E+04	  7.550929E-01	
  3.248544E+02	  2.426700E+04	  7.526385E-01	
  3.251631E+02	  2.422700E+04	  7.560209E-01	
  3.254603E+02	  2.428700E+04	  7.495157E-01	
  3.257575E+02	  2.431400E+04	  7.416840E-01	
  3.260662E+02	  2.386200E+04	  7.494263E-01	
  3.263634E+02	  2.397300E+04	  7.635090E-01	
  3.266606E+02	  2.362400E+04	  7.599360E-01	
  3.269579E+02	  2.374400E+04	  7.301639E-01	
  3.272666E+02	  2.374700E+04	  7.342861E-01	
  3.275638E+02	  2.390600E+04	  7.263706E-01	
  3.278610E+02	  2.353400E+04	  7.164096E-01	
  3.281697E+02	  2.337200E+04	  7.353976E-01	
  3.284669E+02	  2.336700E+04	  7.248767E-01	
  3.287642E+02	  2.365700E+04	  7.361249E-01	
  3.290728E+02	  2.325800E+04	  7.208357E-01	
  3.293701E+02	  2.335500E+04	  7.128944E-01	
  3.296673E+02	  2.319500E+04	  7.236632E-01	
  3.299760E+02	  2.289600E+04	  7.151680E-01	
  3.302732E+02	  2.285000E+04	  7.154120E-01	
  3.305704E+02	  2.249900E+04	  7.294566E-01	
  3.308677E+02	  2.279900E+04	  7.299430E-01	
  3.311763E+02	  2.249500E+04	  7.016931E-01	
  3.314736E+02	  2.264000E+04	  7.288168E-01	
  3.317708E+02	  2.221300E+04	  7.126180E-01	
  3.320795E+02	  2.238200E+04	  7.099954E-01	
  3.323767E+02	  2.217200E+04	  6.986908E-01	
  3.326740E+02	  2.218900E+04	  6.996500E-01	
  3.329826E+02	  2.181500E+04	  7.102559E-01	
  3.332798E+02	  2.192400E+04	  6.905473E-01	
  3.335771E+02	  2.171800E+04	  6.909759E-01	
  3.338857E+02	  2.162800E+04	  6.784701E-01	
  3.341830E+02	  2.146600E+04	  6.732429E-01	
  3.344802E+02	  2.152300E+04	  6.774935E-01	
  3.347774E+02	  2.126000E+04	  6.917591E-01	
  3.350861E+02	  2.114400E+04	  6.912041E-01	
  3.353834E+02	  2.095500E+04	  6.535531E-01	
  3.356806E+02	  2.090300E+04	  6.663730E-01	
  3.359893E+02	  2.134300E+04	  6.694158E-01	
  3.362865E+02	  2.096300E+04	  6.680010E-01	
  3.365837E+02	  2.095300E+04	  6.680132E-01	
  3.368924E+02	  2.080700E+04	  6.690283E-01	
  3.371896E+02	  2.065500E+04	  6.681677E-01	
  3.374868E+02	  2.060400E+04	  6.583837E-01	
  3.377955E+02	  2.047000E+04	  6.521304E-01	
  3.380928E+02	  2.039400E+04	  6.476178E-01	
  3.383900E+02	  2.039300E+04	  6.557492E-01	
  3.386872E+02	  2.029600E+04	  6.490800E-01	
  3.389959E+02	  2.021000E+04	  6.398722E-01	
  3.392931E+02	  2.018400E+04	  6.568762E-01	
  3.395904E+02	  1.999500E+04	  6.497478E-01	
  3.398990E+02	  1.993400E+04	  6.386625E-01	
  3.401963E+02	  1.986900E+04	  6.683370E-01	
  3.404935E+02	  1.985300E+04	  6.620407E-01	
  3.408022E+02	  1.970300E+04	  6.481049E-01	
  3.410994E+02	  1.974800E+04	  6.487181E-01	
  3.413966E+02	  1.979200E+04	  6.352034E-01	
  3.417053E+02	  1.940900E+04	  6.229706E-01	
  3.420025E+02	  1.947100E+04	  6.415907E-01	
  3.422998E+02	  1.939600E+04	  6.352963E-01	
  3.425970E+02	  1.949600E+04	  6.299517E-01	
  3.429057E+02	  1.910700E+04	  6.305586E-01	
  3.432029E+02	  1.925600E+04	  6.568450E-01	
  3.435002E+02	  1.885400E+04	  6.285952E-01	
  3.438088E+02	  1.886800E+04	  6.241270E-01	
  3.441060E+02	  1.895100E+04	  6.194534E-01	
  3.444033E+02	  1.870500E+04	  6.155648E-01	
  3.447119E+02	  1.872200E+04	  5.953655E-01	
  3.450092E+02	  1.898800E+04	  6.219302E-01	
  3.453064E+02	  1.873200E+04	  6.158512E-01	
  3.456151E+02	  1.868800E+04	  6.079457E-01	
  3.459123E+02	  1.875100E+04	  6.083702E-01	
  3.462096E+02	  1.874000E+04	  6.165900E-01	
  3.465068E+02	  1.862500E+04	  6.242521E-01	
  3.468155E+02	  1.840300E+04	  6.283429E-01	
  3.471127E+02	  1.859300E+04	  6.018943E-01	
  3.474099E+02	  1.860000E+04	  6.159364E-01	
  3.477186E+02	  1.828700E+04	  6.153336E-01	
  3.480158E+02	  1.821300E+04	  6.265637E-01	
  3.483130E+02	  1.845000E+04	  6.102898E-01	
  3.486217E+02	  1.811400E+04	  6.144106E-01	
  3.489189E+02	  1.837600E+04	  6.087198E-01	
  3.492162E+02	  1.830500E+04	  6.251568E-01	
  3.495249E+02	  1.795100E+04	  6.064258E-01	
  3.498221E+02	  1.789600E+04	  6.144876E-01	
  3.501193E+02	  1.768300E+04	  5.988525E-01	
  3.504166E+02	  1.818300E+04	  6.049901E-01	
  3.507252E+02	  1.791500E+04	  5.995934E-01	
  3.510225E+02	  1.787000E+04	  6.036309E-01	
  3.513197E+02	  1.769200E+04	  5.956514E-01	
  3.516284E+02	  1.794800E+04	  6.145927E-01	
  3.519256E+02	  1.777500E+04	  6.160607E-01	
  3.522228E+02	  1.770800E+04	  5.901072E-01	
  3.525315E+02	  1.766100E+04	  6.103771E-01	
  3.528287E+02	  1.766700E+04	  6.403593E-01	
  3.531260E+02	  1.751700E+04	  6.170493E-01	
  3.534346E+02	  1.770100E+04	  6.132023E-01	
  3.537319E+02	  1.735500E+04	  6.020242E-01	
  3.540291E+02	  1.752900E+04	  6.121618E-01	
  3.543264E+02	  1.748000E+04	  5.977692E-01	
  3.546350E+02	  1.729800E+04	  6.150510E-01	
  3.549323E+02	  1.738500E+04	  6.078940E-01	
  3.552295E+02	  1.761600E+04	  6.146658E-01	
  3.555381E+02	  1.737300E+04	  6.054083E-01	
  3.558354E+02	  1.720100E+04	  6.155367E-01	
  3.561326E+02	  1.725900E+04	  6.116955E-01	
  3.564413E+02	  1.748500E+04	  6.056746E-01	
  3.567385E+02	  1.712600E+04	  6.095192E-01	
  3.570357E+02	  1.711700E+04	  5.955928E-01	
  3.573444E+02	  1.695400E+04	  6.002985E-01	
  3.576417E+02	  1.699700E+04	  6.039932E-01	
  3.579389E+02	  1.715100E+04	  6.122372E-01	
  3.582361E+02	  1.695400E+04	  6.056682E-01	
  3.585448E+02	  1.692700E+04	  6.251888E-01	
  3.588420E+02	  1.703200E+04	  5.931625E-01	
  3.591393E+02	  1.675800E+04	  5.989280E-01	
  3.594479E+02	  1.655600E+04	  6.187299E-01	
  3.597451E+02	  1.693500E+04	  5.936296E-01	
  3.598155E+02	  1.702479E+04	  5.845562E-01	