*********************  Core Excitation Data  ********************
****************  A.P. Hitchcock & D.C. Mancini  ****************
*
* Formula: CH3CH(NH2)(COOH)
* Name: alanine
* Edge: C1s
* Alpha Formula: CH7NO2
* Data Source:Hitchcock
* Filename:AH-0CCKK.OS
* Ref. Code: GH01
* Write Date: O2/06/04
* Reference:
* Source and Purity: sigma 99%  DL c TLC grade
* Acquisition Mode:EELS, 2 deg, 2500 eV CRE mode, 0.7 eV fwhm
*--------------------------------------------------------------
* No. of Spectra: 2 files         0AHC           0AHC.OS 
*   E (eV)        Raw data             Osc. Str. per atom (E-2)
*--------------------------------------------------------------    
        x             3y             1y
  2.783860E+02	  1.308622E+02	  3.052166E-04	
  2.786360E+02	  1.073841E+02	  4.912616E-03	
  2.788850E+02	  9.275372E+01	  7.339312E-03	
  2.791350E+02	  6.482639E+01	  1.792365E-02	
  2.793850E+02	  2.451073E+01	  1.664553E-02	
  2.796350E+02	  1.151129E+02	 -9.007143E-03	
  2.798840E+02	  1.044491E+02	 -1.018218E-02	
  2.801340E+02	 -6.627328E+01	  5.917309E-03	
  2.803840E+02	 -1.550114E+01	  2.707300E-02	
  2.806330E+02	 -1.193251E+01	  1.166513E-03	
  2.808830E+02	  6.569624E+01	  5.110952E-03	
  2.811330E+02	  2.649871E+01	  6.262424E-03	
  2.813830E+02	  2.586014E+01	 -1.385180E-02	
  2.816320E+02	  9.246381E+01	  1.413489E-03	
  2.818820E+02	 -3.913494E+01	  1.321543E-02	
  2.821320E+02	  2.020545E+01	  1.623690E-02	
  2.823810E+02	  5.611668E+01	  6.748313E-03	
  2.826310E+02	  1.076417E+01	  3.086636E-02	
  2.828810E+02	  2.256072E+01	 -7.358296E-04	
  2.831300E+02	  6.593404E+01	 -2.970293E-03	
  2.833800E+02	  2.577154E+01	  1.320019E-02	
  2.836300E+02	  6.389005E+01	  8.748359E-03	
  2.838790E+02	  1.792783E+00	  1.583932E-02	
  2.842580E+02	  8.065055E+01	  1.931630E-02	
  2.843580E+02	  1.598794E+01	  1.481426E-02	
  2.845080E+02	  1.209929E+02	  2.836609E-02	
  2.846080E+02	 -2.306124E+01	  1.082200E-02	
  2.847570E+02	  1.760169E+01	  4.921557E-02	
  2.848570E+02	 -4.888519E+00	  5.072257E-02	
  2.849570E+02	  3.724186E+01	  4.647366E-02	
  2.851070E+02	  2.621677E+01	  3.000099E-02	
  2.852070E+02	  2.014547E+02	  4.392745E-02	
  2.853570E+02	  2.161982E+02	  4.539123E-02	
  2.854570E+02	  2.193882E+02	  5.227901E-02	
  2.855560E+02	  3.020715E+02	  3.362670E-02	
  2.857060E+02	  2.852621E+02	  6.131335E-02	
  2.858060E+02	  2.364565E+02	  5.041386E-02	
  2.859560E+02	  2.306485E+02	  4.535029E-02	
  2.860560E+02	  2.157329E+02	  5.399207E-02	
  2.861560E+02	  3.352544E+02	  7.505760E-02	
  2.863060E+02	  2.207808E+02	  7.263880E-02	
  2.864050E+02	  2.071796E+02	  9.745735E-02	
  2.865550E+02	  2.831852E+02	  1.218529E-01	
  2.866550E+02	  3.090770E+02	  1.306211E-01	
  2.867550E+02	  4.225959E+02	  2.007143E-01	
  2.869050E+02	  4.555113E+02	  2.655696E-01	
  2.870050E+02	  7.148453E+02	  3.272929E-01	
  2.871550E+02	  9.697251E+02	  4.321576E-01	
  2.872540E+02	  1.160381E+03	  5.039625E-01	
  2.873540E+02	  1.543541E+03	  6.266775E-01	
  2.875040E+02	  2.012935E+03	  7.666698E-01	
  2.876040E+02	  2.493790E+03	  9.220869E-01	
  2.877540E+02	  3.396658E+03	  1.314005E+00	
  2.878540E+02	  4.067480E+03	  1.536979E+00	
  2.879540E+02	  4.800231E+03	  2.021980E+00	
  2.881030E+02	  6.313207E+03	  2.513206E+00	
  2.882030E+02	  8.115667E+03	  2.830722E+00	
  2.883530E+02	  1.015565E+04	  3.093349E+00	
  2.884530E+02	  1.286257E+04	  3.188357E+00	
  2.886030E+02	  1.602978E+04	  2.973109E+00	
  2.887030E+02	  1.846739E+04	  2.782479E+00	
  2.888030E+02	  1.974128E+04	  2.455523E+00	
  2.889520E+02	  2.056575E+04	  2.111034E+00	
  2.890520E+02	  2.015584E+04	  1.880372E+00	
  2.892020E+02	  1.854573E+04	  1.532367E+00	
  2.893020E+02	  1.640417E+04	  1.403137E+00	
  2.894020E+02	  1.475472E+04	  1.285745E+00	
  2.895520E+02	  1.277822E+04	  1.164821E+00	
  2.896520E+02	  1.086984E+04	  1.133307E+00	
  2.898010E+02	  9.461548E+03	  1.043827E+00	
  2.899010E+02	  8.672694E+03	  1.013671E+00	
  2.900010E+02	  7.955399E+03	  1.012712E+00	
  2.901510E+02	  7.380211E+03	  1.022316E+00	
  2.902510E+02	  6.985714E+03	  1.046626E+00	
  2.904010E+02	  6.837640E+03	  1.113478E+00	
  2.905000E+02	  6.683062E+03	  1.099070E+00	
  2.906000E+02	  6.704250E+03	  1.200916E+00	
  2.907500E+02	  6.844598E+03	  1.233172E+00	
  2.908500E+02	  7.304809E+03	  1.255680E+00	
  2.910000E+02	  7.322293E+03	  1.316411E+00	
  2.911000E+02	  7.734031E+03	  1.332551E+00	
  2.912000E+02	  7.976014E+03	  1.345777E+00	
  2.913490E+02	  8.147640E+03	  1.390485E+00	
  2.914490E+02	  8.340383E+03	  1.453501E+00	
  2.915990E+02	  8.539204E+03	  1.433815E+00	
  2.916990E+02	  8.910782E+03	  1.471279E+00	
  2.917990E+02	  8.926286E+03	  1.507881E+00	
  2.919490E+02	  9.329747E+03	  1.536233E+00	
  2.921000E+02	  9.426300E+03	  1.563880E+00	
  2.922990E+02	  9.830610E+03	  1.611434E+00	
  2.924990E+02	  9.998015E+03	  1.634800E+00	
  2.926990E+02	  1.011384E+04	  1.669786E+00	
  2.928990E+02	  1.039686E+04	  1.670559E+00	
  2.930980E+02	  1.074184E+04	  1.708004E+00	
  2.932980E+02	  1.083721E+04	  1.735918E+00	
  2.934980E+02	  1.077907E+04	  1.759678E+00	
  2.936980E+02	  1.108113E+04	  1.760660E+00	
  2.938970E+02	  1.116764E+04	  1.763319E+00	
  2.940970E+02	  1.117351E+04	  1.744494E+00	
  2.942970E+02	  1.122883E+04	  1.768487E+00	
  2.944970E+02	  1.116825E+04	  1.744523E+00	
  2.946960E+02	  1.113079E+04	  1.748829E+00	
  2.948960E+02	  1.094840E+04	  1.756170E+00	
  2.950960E+02	  1.111081E+04	  1.753604E+00	
  2.952960E+02	  1.106153E+04	  1.728788E+00	
  2.954960E+02	  1.104843E+04	  1.714760E+00	
  2.956950E+02	  1.112025E+04	  1.736444E+00	
  2.958950E+02	  1.089983E+04	  1.726888E+00	
  2.960950E+02	  1.081232E+04	  1.721599E+00	
  2.962950E+02	  1.072913E+04	  1.696984E+00	
  2.964940E+02	  1.095131E+04	  1.679519E+00	
  2.966940E+02	  1.061582E+04	  1.689743E+00	
  2.968940E+02	  1.059228E+04	  1.656325E+00	
  2.970940E+02	  1.062539E+04	  1.664757E+00	
  2.972930E+02	  1.043351E+04	  1.637112E+00	
  2.974930E+02	  1.027710E+04	  1.598294E+00	
  2.976930E+02	  1.038665E+04	  1.601570E+00	
  2.978930E+02	  1.032223E+04	  1.602478E+00	
  2.980920E+02	  1.001449E+04	  1.590230E+00	
  2.982920E+02	  9.991523E+03	  1.553796E+00	
  2.984920E+02	  9.829493E+03	  1.519166E+00	
  2.986920E+02	  9.862926E+03	  1.506029E+00	
  2.988910E+02	  9.487977E+03	  1.487063E+00	
  2.990910E+02	  9.347758E+03	  1.485674E+00	
  2.992910E+02	  9.051830E+03	  1.434919E+00	
  2.994910E+02	  9.247432E+03	  1.434351E+00	
  2.996900E+02	  8.941913E+03	  1.412294E+00	
  3.004310E+02	  8.369104E+03	  1.338359E+00	
  3.008310E+02	  8.076190E+03	  1.309171E+00	
  3.012300E+02	  8.015464E+03	  1.315715E+00	
  3.016300E+02	  7.879819E+03	  1.323733E+00	
  3.020290E+02	  7.960829E+03	  1.325147E+00	
  3.024290E+02	  7.807002E+03	  1.301347E+00	
  3.028280E+02	  7.726648E+03	  1.289085E+00	
  3.032280E+02	  7.613141E+03	  1.285691E+00	
  3.036270E+02	  7.491968E+03	  1.249027E+00	
  3.040270E+02	  7.465324E+03	  1.222008E+00	
  3.044260E+02	  7.144065E+03	  1.181879E+00	
  3.048260E+02	  6.968379E+03	  1.141354E+00	
  3.052260E+02	  6.675264E+03	  1.109399E+00	
  3.056250E+02	  6.504699E+03	  1.060328E+00	
  3.060250E+02	  6.140121E+03	  1.024034E+00	
  3.064240E+02	  5.920929E+03	  1.024380E+00	
  3.068240E+02	  5.750295E+03	  1.011852E+00	
  3.072230E+02	  5.765187E+03	  9.979181E-01	
  3.076230E+02	  5.525585E+03	  9.600521E-01	
  3.080220E+02	  5.396909E+03	  9.360493E-01	
  3.084220E+02	  5.182138E+03	  9.134858E-01	
  3.088210E+02	  5.110946E+03	  9.046081E-01	
  3.092210E+02	  5.060130E+03	  9.110578E-01	
  3.096200E+02	  5.178229E+03	  9.221047E-01	
  3.100200E+02	  4.895327E+03	  8.799533E-01	
  3.104190E+02	  4.875873E+03	  8.759227E-01	
  3.108190E+02	  4.831433E+03	  8.844337E-01	
  3.112180E+02	  4.794982E+03	  8.759078E-01	
  3.116180E+02	  4.642633E+03	  8.508481E-01	
  3.120170E+02	  4.670641E+03	  8.337333E-01	
  3.124170E+02	  4.519898E+03	  8.414969E-01	
  3.128160E+02	  4.466089E+03	  8.329980E-01	
  3.132160E+02	  4.463889E+03	  8.394772E-01	
  3.136150E+02	  4.399834E+03	  8.607415E-01	
  3.140150E+02	  4.353677E+03	  8.410939E-01	
  3.144150E+02	  4.345075E+03	  8.131115E-01	
  3.148140E+02	  4.356322E+03	  8.103202E-01	
  3.152140E+02	  4.177486E+03	  8.223773E-01	
  3.156130E+02	  4.303042E+03	  8.193438E-01	
  3.160130E+02	  4.235232E+03	  7.805080E-01	
  3.164120E+02	  4.057637E+03	  7.947088E-01	
  3.168120E+02	  3.979404E+03	  7.867339E-01	
  3.172110E+02	  4.070575E+03	  8.021089E-01	
  3.176110E+02	  3.983222E+03	  8.096552E-01	
  3.180100E+02	  4.094803E+03	  7.940984E-01	