*********************  Core Excitation Data  ********************
****************  A.P. Hitchcock & D.C. Mancini  ****************
*
* Formula: CH3CH(NH2)(COOH)
* Name: alanine
* Edge: N1s
* Alpha Formula: CH7NO2
* Data Source:Hitchcock
* Filename:AH-0NNKK.OS
* Ref. Code: GH01
* Write Date: O2/06/04
* Reference:
* Source and Purity: sigma 99%  DL c TLC grade
* Acquisition Mode:EELS, 2 deg, 2500 eV CRE mode, 0.7 eV fwhm
*--------------------------------------------------------------
* No. of Spectra:2 files         0ahn           0ahn.os      
*   E (eV)        Raw data             Osc. Str. per atom (E-2)
*--------------------------------------------------------------
        x             2y             1y
  3.920345E+02	  3.650489E+03	 -2.578016E-03	
  3.922835E+02	  3.597509E+03	 -2.347094E-02	
  3.925335E+02	  3.621285E+03	 -9.953555E-03	
  3.927835E+02	  3.575398E+03	 -2.787685E-02	
  3.930325E+02	  3.596430E+03	 -1.552137E-02	
  3.932825E+02	  3.621983E+03	 -9.707233E-04	
  3.935325E+02	  3.585715E+03	 -1.471168E-02	
  3.937825E+02	  3.676578E+03	  3.015276E-02	
  3.940315E+02	  3.636898E+03	  1.481873E-02	
  3.945315E+02	  3.614860E+03	  1.057993E-02	
  3.947805E+02	  3.578262E+03	 -3.646867E-03	
  3.948810E+02	  3.624466E+03	  1.935826E-02	
  3.951300E+02	  3.636068E+03	  2.793415E-02	
  3.953800E+02	  3.623271E+03	  2.496656E-02	
  3.956300E+02	  3.604112E+03	  1.891435E-02	
  3.958790E+02	  3.592631E+03	  1.647927E-02	
  3.961290E+02	  3.560850E+03	  4.205163E-03	
  3.963790E+02	  3.587563E+03	  2.023821E-02	
  3.966280E+02	  3.548229E+03	  4.145746E-03	
  3.968780E+02	  3.507060E+03	 -1.299906E-02	
  3.971280E+02	  3.550465E+03	  1.139643E-02	
  3.973780E+02	  3.503882E+03	 -8.578268E-03	
  3.976270E+02	  3.467388E+03	 -2.374141E-02	
  3.978770E+02	  3.449782E+03	 -2.959437E-02	
  3.981270E+02	  3.465411E+03	 -1.879777E-02	
  3.983760E+02	  3.555164E+03	  2.954017E-02	
  3.986260E+02	  3.506520E+03	  8.080421E-03	
  3.988760E+02	  3.467970E+03	 -8.445051E-03	
  3.990460E+02	  3.453733E+03	 -1.364737E-02	
  3.991460E+02	  3.436102E+03	 -2.147202E-02	
  3.992460E+02	  3.440019E+03	 -1.825528E-02	
  3.993460E+02	  3.482182E+03	  4.664339E-03	
  3.994460E+02	  3.430943E+03	 -2.051087E-02	
  3.995460E+02	  3.474169E+03	  3.039940E-03	
  3.996460E+02	  3.456402E+03	 -4.904451E-03	
  3.997460E+02	  3.424220E+03	 -2.036010E-02	
  3.998450E+02	  3.387562E+03	 -3.821517E-02	
  3.999450E+02	  3.501651E+03	  2.238824E-02	
  4.000450E+02	  3.524345E+03	  3.552991E-02	
  4.001450E+02	  3.513950E+03	  3.141950E-02	
  4.002450E+02	  3.508263E+03	  2.975884E-02	
  4.003450E+02	  3.540642E+03	  4.807046E-02	
  4.004450E+02	  3.612436E+03	  8.717927E-02	
  4.005450E+02	  3.711321E+03	  1.407118E-01	
  4.006450E+02	  3.885842E+03	  2.343781E-01	
  4.007440E+02	  4.040363E+03	  3.178065E-01	
  4.008440E+02	  4.209705E+03	  4.094254E-01	
  4.009440E+02	  4.381674E+03	  5.027896E-01	
  4.010440E+02	  4.504929E+03	  5.705953E-01	
  4.011440E+02	  4.725084E+03	  6.903064E-01	
  4.012440E+02	  4.775373E+03	  7.197605E-01	
  4.013440E+02	  4.793794E+03	  7.322730E-01	
  4.014440E+02	  4.831515E+03	  7.551761E-01	
  4.015430E+02	  4.817455E+03	  7.503225E-01	
  4.016430E+02	  4.738889E+03	  7.107601E-01	
  4.017430E+02	  4.729050E+03	  7.080973E-01	
  4.018430E+02	  4.830354E+03	  7.654608E-01	
  4.019430E+02	  4.878370E+03	  7.941992E-01	
  4.020430E+02	  4.949465E+03	  8.355579E-01	
  4.021430E+02	  5.152266E+03	  9.486313E-01	
  4.022430E+02	  5.139913E+03	  9.450108E-01	
  4.023420E+02	  5.314414E+03	  1.043251E+00	
  4.024420E+02	  5.390775E+03	  1.088264E+00	
  4.025420E+02	  5.399913E+03	  1.096640E+00	
  4.026420E+02	  5.402298E+03	  1.101340E+00	
  4.027420E+02	  5.268063E+03	  1.030965E+00	
  4.028420E+02	  5.192630E+03	  9.926933E-01	
  4.029420E+02	  5.088514E+03	  9.384447E-01	
  4.030420E+02	  5.082295E+03	  9.380980E-01	
  4.031420E+02	  5.103600E+03	  9.529886E-01	
  4.032410E+02	  5.033167E+03	  9.169956E-01	
  4.033410E+02	  5.012276E+03	  9.084342E-01	
  4.034410E+02	  5.005564E+03	  9.077320E-01	
  4.035410E+02	  4.995578E+03	  9.051947E-01	
  4.036410E+02	  4.979585E+03	  8.992850E-01	
  4.037410E+02	  5.032675E+03	  9.320475E-01	
  4.038410E+02	  5.075297E+03	  9.590555E-01	
  4.039410E+02	  5.118820E+03	  9.866685E-01	
  4.040400E+02	  5.138654E+03	  1.001002E+00	
  4.041400E+02	  5.180603E+03	  1.027902E+00	
  4.042400E+02	  5.221502E+03	  1.054304E+00	
  4.043400E+02	  5.271529E+03	  1.085974E+00	
  4.044400E+02	  5.247432E+03	  1.075678E+00	
  4.045400E+02	  5.325828E+03	  1.123636E+00	
  4.046400E+02	  5.301371E+03	  1.113155E+00	
  4.047400E+02	  5.286323E+03	  1.108001E+00	
  4.048390E+02	  5.269994E+03	  1.102054E+00	
  4.049390E+02	  5.326649E+03	  1.137945E+00	
  4.050390E+02	  5.319474E+03	  1.137314E+00	
  4.051390E+02	  5.434429E+03	  1.206938E+00	
  4.052390E+02	  5.416920E+03	  1.200467E+00	
  4.053390E+02	  5.415282E+03	  1.203130E+00	
  4.054390E+02	  5.416362E+03	  1.207371E+00	
  4.055390E+02	  5.385828E+03	  1.193293E+00	
  4.056390E+02	  5.341339E+03	  1.171051E+00	
  4.057380E+02	  5.329457E+03	  1.167657E+00	
  4.058380E+02	  5.333771E+03	  1.173723E+00	
  4.059380E+02	  5.324849E+03	  1.172074E+00	
  4.060380E+02	  5.361066E+03	  1.196831E+00	
  4.061380E+02	  5.302520E+03	  1.166110E+00	
  4.062380E+02	  5.257454E+03	  1.143186E+00	
  4.063380E+02	  5.260512E+03	  1.148494E+00	
  4.064380E+02	  5.251680E+03	  1.146804E+00	
  4.065370E+02	  5.243420E+03	  1.145406E+00	
  4.066370E+02	  5.185420E+03	  1.114587E+00	
  4.067370E+02	  5.203098E+03	  1.128529E+00	
  4.068370E+02	  5.175227E+03	  1.115453E+00	
  4.071330E+02	  5.079167E+03	  1.068317E+00	
  4.073830E+02	  5.010659E+03	  1.035634E+00	
  4.076320E+02	  4.982678E+03	  1.027019E+00	
  4.078820E+02	  4.837402E+03	  9.472333E-01	
  4.081320E+02	  4.821000E+03	  9.451348E-01	
  4.083820E+02	  4.778431E+03	  9.269747E-01	
  4.086310E+02	  4.733136E+03	  9.069060E-01	
  4.088810E+02	  4.624568E+03	  8.475676E-01	
  4.091310E+02	  4.627435E+03	  8.567877E-01	
  4.093800E+02	  4.654683E+03	  8.812357E-01	
  4.096300E+02	  4.538867E+03	  8.163007E-01	
  4.098800E+02	  4.522263E+03	  8.131620E-01	
  4.101300E+02	  4.471066E+03	  7.880920E-01	
  4.103790E+02	  4.461533E+03	  7.891971E-01	
  4.106290E+02	  4.406007E+03	  7.609581E-01	
  4.108790E+02	  4.321145E+03	  7.136134E-01	
  4.111280E+02	  4.311543E+03	  7.142581E-01	
  4.113780E+02	  4.262118E+03	  6.891334E-01	
  4.116280E+02	  4.241923E+03	  6.827566E-01	
  4.118770E+02	  4.197478E+03	  6.604236E-01	
  4.121270E+02	  4.186844E+03	  6.600785E-01	
  4.123770E+02	  4.179004E+03	  6.615478E-01	
  4.126260E+02	  4.134205E+03	  6.384907E-01	
  4.128760E+02	  4.163599E+03	  6.646115E-01	
  4.131260E+02	  4.186718E+03	  6.867563E-01	
  4.133760E+02	  4.122802E+03	  6.505996E-01	
  4.136250E+02	  4.088399E+03	  6.339775E-01	
  4.138750E+02	  4.109669E+03	  6.549631E-01	
  4.141250E+02	  4.138553E+03	  6.813095E-01	
  4.143740E+02	  4.099177E+03	  6.611194E-01	
  4.146240E+02	  4.032779E+03	  6.221592E-01	
  4.148740E+02	  4.018677E+03	  6.189469E-01	
  4.151230E+02	  4.058738E+03	  6.532544E-01	
  4.153730E+02	  4.012324E+03	  6.275749E-01	
  4.156230E+02	  3.947123E+03	  5.884687E-01	
  4.158730E+02	  4.050453E+03	  6.676084E-01	
  4.162895E+02	  3.940193E+03	  6.007064E-01	
  4.166885E+02	  3.889602E+03	  5.749104E-01	
  4.170885E+02	  3.873928E+03	  5.738370E-01	
  4.174885E+02	  3.866322E+03	  5.785428E-01	
  4.178875E+02	  3.878292E+03	  5.975393E-01	
  4.182875E+02	  3.831530E+03	  5.735537E-01	
  4.186865E+02	  3.808319E+03	  5.665928E-01	
  4.190865E+02	  3.851586E+03	  6.091573E-01	
  4.194855E+02	  3.789002E+03	  5.726140E-01	
  4.198855E+02	  3.722785E+03	  5.327433E-01	
  4.202845E+02	  3.712144E+03	  5.346439E-01	
  4.206845E+02	  3.732467E+03	  5.603644E-01	
  4.210835E+02	  3.697327E+03	  5.434018E-01	
  4.214835E+02	  3.666208E+03	  5.292985E-01	
  4.218825E+02	  3.718682E+03	  5.806412E-01	
  4.222825E+02	  3.653919E+03	  5.398434E-01	
  4.226815E+02	  3.676257E+03	  5.678636E-01	
  4.230815E+02	  3.717384E+03	  6.113679E-01	
  4.234805E+02	  3.623937E+03	  5.887641E-01	
  4.238805E+02	  3.635345E+03	  5.661033E-01	
  4.242795E+02	  3.543601E+03	  5.012056E-01	
  4.246795E+02	  3.638081E+03	  5.894268E-01	
  4.250785E+02	  3.653558E+03	  6.130042E-01	
  4.254785E+02	  3.542046E+03	  5.302775E-01	
  4.258775E+02	  3.678225E+03	  6.557292E-01	
  4.262775E+02	  3.617267E+03	  6.150506E-01	
  4.266775E+02	  3.591810E+03	  6.041793E-01	
  4.270765E+02	  3.603571E+03	  6.252287E-01	
  4.274765E+02	  3.412727E+03	  4.701855E-01	
  4.278755E+02	  3.525411E+03	  5.789415E-01	
  4.282755E+02	  3.546450E+03	  6.083135E-01	
  4.286745E+02	  3.419746E+03	  5.066062E-01	