   378.00       0.000000       0.000000       0.000000       0.000000
   378.06       0.000000       0.000000       0.000000       0.000000
   378.11       0.000000       0.000000       0.000000       0.000000
   378.17       0.000000       0.000000       0.000000       0.000000
   378.22       0.000000       0.000000       0.000000       0.000000
   378.28       0.000000       0.000000       0.000000       0.000000
   378.34       0.000000       0.000000       0.000000       0.000000
   378.39       0.000000       0.000000       0.000000       0.000000
   378.45       0.000000       0.000000       0.000000       0.000000
   378.51       0.000000       0.000000       0.000000       0.000000
   378.56       0.000000       0.000000       0.000000       0.000000
   378.62       0.000000       0.000000       0.000000       0.000000
   378.67       0.000000       0.000000       0.000000       0.000000
   378.73       0.000000       0.000000       0.000000       0.000000
   378.79       0.000000       0.000000       0.000000       0.000000
   378.84       0.000000       0.000000       0.000000       0.000000
   378.90       0.000000       0.000000       0.000000       0.000000
   378.95       0.000000       0.000000       0.000000       0.000000
   379.01       0.000000       0.000000       0.000000       0.000000
   379.07       0.000000       0.000000       0.000000       0.000000
   379.12       0.000000       0.000000       0.000000       0.000000
   379.18       0.000000       0.000000       0.000000       0.000000
   379.23       0.000000       0.000000       0.000000       0.000000
   379.29       0.000000       0.000000       0.000000       0.000000
   379.35       0.000000       0.000000       0.000000       0.000000
   379.40       0.000000       0.000000       0.000000       0.000000
   379.46       0.000000       0.000000       0.000000       0.000000
   379.52       0.000000       0.000000       0.000000       0.000000
   379.57       0.000000       0.000000       0.000000       0.000000
   379.63       0.000000       0.000000       0.000000       0.000000
   379.68       0.000000       0.000000       0.000000       0.000000
   379.74       0.000000       0.000000       0.000000       0.000000
   379.80       0.000000       0.000000       0.000000       0.000000
   379.85       0.000000       0.000000       0.000000       0.000000
   379.91       0.000000       0.000000       0.000000       0.000000
   379.96       0.000000       0.000000       0.000000       0.000000
   380.02       0.000000       0.000000       0.000000       0.000000
   380.08       0.000000       0.000000       0.000000       0.000000
   380.13       0.000000       0.000000       0.000000       0.000000
   380.19       0.000000       0.000000       0.000000       0.000000
   380.24       0.000000       0.000000       0.000000       0.000000
   380.30       0.000000       0.000000       0.000000       0.000000
   380.36       0.000000       0.000000       0.000000       0.000000
   380.41       0.000000       0.000000       0.000000       0.000000
   380.47       0.000000       0.000000       0.000000       0.000000
   380.53       0.000000       0.000000       0.000000       0.000000
   380.58       0.000000       0.000000       0.000000       0.000000
   380.64       0.000000       0.000000       0.000000       0.000000
   380.69       0.000000       0.000000       0.000000       0.000000
   380.75       0.000000       0.000000       0.000000       0.000000
   380.81       0.000000       0.000000       0.000000       0.000000
   380.86       0.000000       0.000000       0.000000       0.000000
   380.92       0.000000       0.000000       0.000000       0.000000
   380.97       0.000000       0.000000       0.000000       0.000000
   381.03       0.000000       0.000000       0.000000       0.000000
   381.09       0.000000       0.000000       0.000000       0.000000
   381.14       0.000000       0.000000       0.000000       0.000000
   381.20       0.000000       0.000000       0.000000       0.000000
   381.25       0.000000       0.000000       0.000000       0.000000
   381.31       0.000000       0.000000       0.000000       0.000000
   381.37       0.000000       0.000000       0.000000       0.000000
   381.42       0.000000       0.000000       0.000000       0.000000
   381.48       0.000000       0.000000       0.000000       0.000000
   381.54       0.000000       0.000000       0.000000       0.000000
   381.59       0.000000       0.000000       0.000000       0.000000
   381.65       0.000000       0.000000       0.000000       0.000000
   381.70       0.000000       0.000000       0.000000       0.000000
   381.76       0.000000       0.000000       0.000000       0.000000
   381.82       0.000000       0.000000       0.000000       0.000000
   381.87       0.000000       0.000000       0.000000       0.000000
   381.93       0.000000       0.000000       0.000000       0.000000
   381.98       0.000000       0.000000       0.000000       0.000000
   382.04       0.000000       0.000000       0.000000       0.000000
   382.10       0.000000       0.000000       0.000000       0.000000
   382.15       0.000000       0.000000       0.000000       0.000000
   382.21       0.000000       0.000000       0.000000       0.000000
   382.26       0.000000       0.000000       0.000000       0.000000
   382.32       0.000000       0.000000       0.000000       0.000000
   382.38       0.000000       0.000000       0.000000       0.000000
   382.43       0.000000       0.000000       0.000000       0.000000
   382.49       0.000000       0.000000       0.000000       0.000000
   382.55       0.000000       0.000000       0.000000       0.000000
   382.60       0.000000       0.000000       0.000000       0.000000
   382.66       0.000000       0.000000       0.000000       0.000000
   382.71       0.000000       0.000000       0.000000       0.000000
   382.77       0.000000       0.000000       0.000000       0.000000
   382.83       0.000000       0.000000       0.000000       0.000000
   382.88       0.000000       0.000000       0.000000       0.000000
   382.94       0.000000       0.000000       0.000000       0.000000
   382.99       0.000000       0.000000       0.000000       0.000000
   383.05       0.000000       0.000000       0.000000       0.000000
   383.11       0.000000       0.000000       0.000000       0.000000
   383.16       0.000000       0.000000       0.000000       0.000000
   383.22       0.000000       0.000000       0.000000       0.000000
   383.27       0.000000       0.000000       0.000000       0.000000
   383.33       0.000000       0.000000       0.000000       0.000000
   383.39       0.000000       0.000000       0.000000       0.000000
   383.44       0.000000       0.000000       0.000000       0.000000
   383.50       0.000000       0.000000       0.000000       0.000000
   383.56       0.000000       0.000000       0.000000       0.000000
   383.61       0.000000       0.000000       0.000000       0.000000
   383.67       0.000000       0.000000       0.000000       0.000000
   383.72       0.000000       0.000000       0.000000       0.000000
   383.78       0.000000       0.000000       0.000000       0.000000
   383.84       0.000000       0.000000       0.000000       0.000000
   383.89       0.000000       0.000000       0.000000       0.000000
   383.95       0.000000       0.000000       0.000000       0.000000
   384.00       0.000000       0.000000       0.000000       0.000000
   384.06       0.000000       0.000000       0.000000       0.000000
   384.12       0.000000       0.000000       0.000000       0.000000
   384.17       0.000000       0.000000       0.000000       0.000000
   384.23       0.000000       0.000000       0.000000       0.000000
   384.28       0.000000       0.000000       0.000000       0.000000
   384.34       0.000000       0.000000       0.000000       0.000000
   384.40       0.000000       0.000000       0.000000       0.000000
   384.45       0.000000       0.000000       0.000000       0.000000
   384.51       0.000000       0.000000       0.000000       0.000000
   384.57       0.000000       0.000000       0.000000       0.000000
   384.62       0.000000       0.000000       0.000000       0.000000
   384.68       0.000000       0.000000       0.000000       0.000000
   384.73       0.000000       0.000000       0.000000       0.000000
   384.79       0.000000       0.000000       0.000000       0.000000
   384.85       0.000000       0.000000       0.000000       0.000000
   384.90       0.000000       0.000000       0.000000       0.000000
   384.96       0.000000       0.000000       0.000000       0.000000
   385.01       0.000000       0.000000       0.000000       0.000000
   385.07       0.000000       0.000000       0.000000       0.000000
   385.13       0.000000       0.000000       0.000000       0.000000
   385.18       0.000000       0.000000       0.000000       0.000000
   385.24       0.000000       0.000000       0.000000       0.000000
   385.29       0.000000       0.000000       0.000000       0.000000
   385.35       0.000000       0.000000       0.000000       0.000000
   385.41       0.000000       0.000000       0.000000       0.000000
   385.46       0.000000       0.000000       0.000000       0.000000
   385.52       0.000000       0.000000       0.000000       0.000000
   385.58       0.000277       0.000000       0.000000       0.000277
   385.63       0.000927       0.000000       0.000000       0.000927
   385.69       0.002953       0.000000       0.000000       0.002953
   385.74       0.008963       0.000000       0.000000       0.008962
   385.80       0.025911       0.000000       0.000000       0.025910
   385.86       0.071360       0.000000       0.000001       0.071359
   385.91       0.187227       0.000001       0.000002       0.187224
   385.97       0.467974       0.000002       0.000006       0.467966
   386.02       1.114324       0.000005       0.000013       1.114306
   386.08       2.527779       0.000011       0.000031       2.527737
   386.14       5.462655       0.000023       0.000066       5.462566
   386.19      11.246203       0.000047       0.000136      11.246020
   386.25      22.056951       0.000093       0.000266      22.056591
   386.30      41.211877       0.000174       0.000498      41.211205
   386.36      73.356179       0.000309       0.000886      73.354984
   386.42     124.390841       0.000524       0.001502     124.388814
   386.47     200.945132       0.000847       0.002426     200.941858
   386.53     309.245909       0.001304       0.003734     309.240871
   386.59     453.385707       0.001912       0.005475     453.378320
   386.64     633.241071       0.002670       0.007647     633.230754
   386.70     842.573338       0.003553       0.010174     842.559611
   386.75    1068.030703       0.004503       0.012897    1068.013303
   386.81    1289.725098       0.005438       0.015574    1289.704086
   386.87    1483.706340       0.006256       0.017916    1483.682168
   386.92    1626.058409       0.006856       0.019635    1626.031918
   386.98    1697.703011       0.007158       0.020500    1697.675352
   387.03    1688.591830       0.007120       0.020390    1688.564321
   387.09    1600.018620       0.006746       0.019321    1599.992553
   387.15    1444.317846       0.006090       0.017440    1444.294316
   387.20    1242.046645       0.005237       0.014998    1242.026410
   387.26    1017.537498       0.004290       0.012287    1017.520920
   387.31     794.145953       0.003348       0.009589     794.133015
   387.37     590.456107       0.002490       0.007130     590.446488
   387.43     418.227224       0.001763       0.005050     418.220410
   387.48     282.211279       0.001190       0.003408     282.206682
   387.54     181.415263       0.000765       0.002191     181.412308
   387.60     111.099132       0.000468       0.001342     111.097322
   387.65      64.816399       0.000273       0.000783      64.815343
   387.71      36.024380       0.000152       0.000435      36.023793
   387.76      19.074165       0.000080       0.000230      19.073854
   387.82       9.621259       0.000041       0.000116       9.621103
   387.88       4.623339       0.000019       0.000056       4.623263
   387.93       2.116493       0.000009       0.000026       2.116459
   387.99       0.923029       0.000004       0.000011       0.923014
   388.04       0.383488       0.000002       0.000005       0.383481
   388.10       0.151784       0.000001       0.000002       0.151781
   388.16       0.057232       0.000000       0.000001       0.057231
   388.21       0.020558       0.000000       0.000000       0.020558
   388.27       0.007035       0.000000       0.000000       0.007035
   388.32       0.002293       0.000000       0.000000       0.002293
   388.38       0.000712       0.000000       0.000000       0.000712
   388.44       0.000211       0.000000       0.000000       0.000211
   388.49       0.000000       0.000000       0.000000       0.000000
   388.55       0.000000       0.000000       0.000000       0.000000
   388.61       0.000000       0.000000       0.000000       0.000000
   388.66       0.000000       0.000000       0.000000       0.000000
   388.72       0.000000       0.000000       0.000000       0.000000
   388.77       0.000000       0.000000       0.000000       0.000000
   388.83       0.000000       0.000000       0.000000       0.000000
   388.89       0.000000       0.000000       0.000000       0.000000
   388.94       0.000000       0.000000       0.000000       0.000000
   389.00       0.000000       0.000000       0.000000       0.000000
   389.05       0.000000       0.000000       0.000000       0.000000
   389.11       0.000000       0.000000       0.000000       0.000000
   389.17       0.000000       0.000000       0.000000       0.000000
   389.22       0.000000       0.000000       0.000000       0.000000
   389.28       0.000000       0.000000       0.000000       0.000000
   389.33       0.000000       0.000000       0.000000       0.000000
   389.39       0.000000       0.000000       0.000000       0.000000
   389.45       0.000000       0.000000       0.000000       0.000000
   389.50       0.000000       0.000000       0.000000       0.000000
   389.56       0.000000       0.000000       0.000000       0.000000
   389.62       0.000000       0.000000       0.000000       0.000000
   389.67       0.000000       0.000000       0.000000       0.000000
   389.73       0.000000       0.000000       0.000000       0.000000
   389.78       0.000000       0.000000       0.000000       0.000000
   389.84       0.000000       0.000000       0.000000       0.000000
   389.90       0.000000       0.000000       0.000000       0.000000
   389.95       0.000020       0.000008       0.000011       0.000000
   390.01       0.000064       0.000027       0.000037       0.000000
   390.06       0.000196       0.000082       0.000114       0.000000
   390.12       0.000576       0.000240       0.000336       0.000000
   390.18       0.001613       0.000673       0.000940       0.000000
   390.23       0.004303       0.001795       0.002509       0.000000
   390.29       0.010934       0.004560       0.006374       0.000000
   390.34       0.026469       0.011038       0.015430       0.000000
   390.40       0.061040       0.025456       0.035584       0.000000
   390.46       0.134103       0.055925       0.078177       0.000000
   390.51       0.280670       0.117049       0.163621       0.000000
   390.57       0.559618       0.233380       0.326238       0.000000
   390.63       1.062981       0.443299       0.619680       0.000001
   390.68       1.923588       0.802173       1.121343       0.000071
   390.74       3.316160       1.382854       1.933066       0.000239
   390.79       5.446417       2.271026       3.174625       0.000767
   390.85       8.522216       3.553081       4.966786       0.002349
   390.91      12.705387       5.295726       7.402798       0.006863
   390.96      18.049755       7.519402      10.511234       0.019119
   391.02      24.440444      10.171348      14.218341       0.050754
   391.07      31.557988      13.107239      18.322368       0.128381
   391.13      38.893556      16.090939      22.493223       0.309393
   391.19      45.835315      18.818683      26.306275       0.710357
   391.24      51.829990      20.966948      29.309260       1.553782
   391.30      56.601614      22.254641      31.109201       3.237773
   391.35      60.387627      22.503420      31.456697       6.427510
   391.41      64.136835      21.678422      30.302770      12.155642
   391.47      69.607506      19.896672      27.810479      21.900354
   391.52      79.307560      17.400694      24.317749      37.589117
   391.58      96.231800      14.505883      20.263352      61.462566
   391.64     123.377670      11.538052      16.098891      95.740727
   391.69     163.066343       8.778889      12.211627     142.075827
   391.75     216.162748       6.432228       8.876246     200.854274
   391.80     281.365078       4.615514       6.242032     270.507532
   391.86     354.791171       3.372461       4.350336     347.068374
   391.92     430.084686       2.697597       3.170046     424.217044
   391.97     499.167385       2.562373       2.637284     493.967728
   392.03     553.580803       2.935100       2.688766     547.956938
   392.08     586.145675       3.791305       3.283556     579.070814
   392.14     592.508521       5.115075       4.412562     582.980884
   392.20     572.124650       6.894788       6.097862     559.131999
   392.25     528.371542       9.116277       8.383644     510.871621
   392.31     467.753917      11.755453      11.319474     444.678990
   392.36     398.444511      14.770171      14.935529     368.738812
   392.42     328.592980      18.090394      19.210615     291.291971
   392.48     264.862825      21.607277      24.037847     219.217701
   392.53     211.530506      25.165491      29.198437     157.166578
   392.59     170.270365      28.567052      34.358191     107.345122
   392.65     140.542416      31.596064      39.100263      69.846089
   392.70     120.363872      34.069494      42.999176      43.295203
   392.76     107.202330      35.909191      45.726364      25.566776
   392.81      98.762195      37.217703      47.161405      14.383086
   392.87      93.511680      38.330272      47.472869       7.708539
   392.93      90.883180      39.813239      47.134010       3.935930
   392.98      91.156225      42.388215      46.853258       1.914752
   393.04      95.092204      46.780857      47.423630       0.887717
   393.09     103.432825      53.518632      49.521665       0.392528
   393.15     116.397986      62.725601      53.506436       0.165948
   393.21     133.319081      73.975684      59.275797       0.067601
   393.26     152.515799      86.261570      66.227063       0.027166
   393.32     171.467047      98.111633      73.343941       0.011473
   393.37     187.248200     107.845824      79.396619       0.005756
   393.43     197.126975     113.915686      83.207491       0.003798
   393.49     199.155753     115.240051      83.912579       0.003123
   393.54     192.592361     111.441978      81.147578       0.002804
   393.60     178.030940     102.919096      75.109345       0.002499
   393.66     157.216785      90.731663      66.482921       0.002201
   393.71     132.614591      76.348671      56.264072       0.001848
   393.77     106.870547      61.332878      45.536188       0.001481
   393.82      82.321320      47.054402      35.265786       0.001132
   393.88      60.666822      34.500707      26.165288       0.000826
   393.94      42.854925      24.210786      18.643563       0.000576
   393.99      29.158134      16.321006      12.836745       0.000383
   394.05      19.377815      10.683906       8.693664       0.000245
   394.10      13.099701       7.014314       6.085237       0.000150
   394.16       9.937613       5.025515       4.912008       0.000090
   394.22       9.725613       4.533101       5.192456       0.000056
   394.27      12.637483       5.516839       7.120605       0.000039
   394.33      19.220005       8.137344      11.082624       0.000037
   394.38      30.325450      12.705053      17.620352       0.000045
   394.44      46.929708      19.599134      27.330511       0.000063
   394.50      69.835786      29.138435      40.697260       0.000091
   394.55      99.295024      41.419105      57.875791       0.000128
   394.61     134.623839      56.151623      78.472043       0.000174
   394.67     173.934160      72.546391     101.387544       0.000224
   394.72     214.105504      89.300947     124.804281       0.000276
   394.78     251.085839     104.724834     146.360682       0.000323
   394.83     280.516674     117.000015     163.516297       0.000361
   394.89     298.561709     124.526357     174.034968       0.000385
   394.95     302.724412     126.262561     176.461462       0.000390
   395.00     292.414463     121.962462     170.451624       0.000377
   395.06     269.084348     112.231884     156.852118       0.000347
   395.11     235.894903      98.389352     137.505247       0.000304
   395.17     197.014085      82.173732     114.840099       0.000254
   395.23     156.766623      65.390034      91.376387       0.000202
   395.28     118.875252      49.593991      69.281108       0.000154
   395.34      85.977141      35.892652      50.084376       0.000113
   395.39      59.491513      24.893756      34.597674       0.000083
   395.45      39.807360      16.792593      23.014702       0.000066
   395.51      26.691554      11.556962      15.134526       0.000066
   395.56      19.800646       9.163770      10.636782       0.000094
   395.62      19.199750       9.847935       9.351652       0.000164
   395.68      25.820431      14.332776      11.487353       0.000302
   395.73      41.799666      24.009286      17.789830       0.000550
   395.79      70.623733      41.015991      29.606779       0.000963
   395.84     116.967388      68.149807      48.815969       0.001611
   395.90     186.104154     108.530306      77.571277       0.002571
   395.96     282.809442     164.968273     117.837260       0.003909
   396.01     409.811517     239.068912     170.736939       0.005666
   396.07     566.052512     330.222180     235.822507       0.007825
   396.12     745.235510     434.758142     310.467068       0.010300
   396.18     935.245576     545.610753     389.621901       0.012923
   396.24    1118.938330     652.778393     466.144482       0.015456
   396.29    1276.452721     744.672841     531.762256       0.017625
   396.35    1388.703144     810.155669     578.528310       0.019165
   396.40    1441.224463     840.780050     600.424536       0.019877
   396.46    1427.299652     832.613739     594.666245       0.019668
   396.52    1349.433514     787.097262     562.317680       0.018573
   396.57    1218.728252     710.678642     508.032865       0.016745
   396.63    1052.377500     613.352010     439.011069       0.014421
   396.69     870.061753     506.557835     363.492046       0.011873
   396.74     690.281169     401.050043     289.221774       0.009352
   396.80     527.537239     305.261850     222.268331       0.007058
   396.85     390.873215     224.466499     166.401602       0.005114
   396.91     283.801831     160.746650     123.051610       0.003570
   396.97     205.276381     113.567632      91.706335       0.002413
   397.02     151.196530      80.653711      70.541224       0.001594
   397.08     115.974291      58.888234      57.085014       0.001043
   397.13      93.837677      45.050577      48.786411       0.000689
   397.19      79.725739      36.309546      43.415724       0.000469
   397.25      69.765682      30.475480      39.289868       0.000334
   397.30      61.400675      26.058945      35.341481       0.000250
   397.36      53.266950      22.198544      31.068212       0.000193
   397.41      44.921287      18.517024      26.404111       0.000151
   397.47      36.510108      14.954119      21.555872       0.000117
   397.53      28.454735      11.611881      16.842766       0.000089
   397.58      21.204863       8.634994      12.569804       0.000065
   397.64      15.085477       6.135549       8.949883       0.000046
   397.70      10.236102       4.160256       6.075815       0.000031
   397.75       6.621284       2.689969       3.931295       0.000020
   397.81       4.081852       1.657892       2.423947       0.000012
   397.86       2.397653       0.973673       1.423973       0.000007
   397.92       1.341974       0.544927       0.797043       0.000004
   397.98       0.715596       0.290564       0.425029       0.000002
   398.03       0.363535       0.147608       0.215926       0.000001
   398.09       0.175943       0.071438       0.104505       0.000001
   398.14       0.081120       0.032936       0.048184       0.000000
   398.20       0.035632       0.014467       0.021165       0.000000
   398.26       0.014911       0.006054       0.008857       0.000000
   398.31       0.005944       0.002413       0.003531       0.000000
   398.37       0.002257       0.000917       0.001341       0.000000
   398.42       0.000817       0.000332       0.000485       0.000000
   398.48       0.000282       0.000114       0.000167       0.000000
   398.54       0.000092       0.000038       0.000055       0.000000
   398.59       0.000029       0.000012       0.000017       0.000000
   398.65       0.000009       0.000003       0.000005       0.000000
   398.71       0.000000       0.000000       0.000000       0.000000
   398.76       0.000000       0.000000       0.000000       0.000000
   398.82       0.000000       0.000000       0.000000       0.000000
   398.87       0.000000       0.000000       0.000000       0.000000
   398.93       0.000000       0.000000       0.000000       0.000000
   398.99       0.000000       0.000000       0.000000       0.000000
   399.04       0.000000       0.000000       0.000000       0.000000
   399.10       0.000000       0.000000       0.000000       0.000000
   399.15       0.000000       0.000000       0.000000       0.000000
   399.21       0.000002       0.000001       0.000001       0.000000
   399.27       0.000008       0.000003       0.000004       0.000000
   399.32       0.000024       0.000010       0.000014       0.000000
   399.38       0.000073       0.000031       0.000041       0.000000
   399.43       0.000238       0.000108       0.000131       0.000000
   399.49       0.000669       0.000305       0.000365       0.000000
   399.55       0.001802       0.000828       0.000975       0.000000
   399.60       0.004650       0.002157       0.002493       0.000000
   399.66       0.011504       0.005396       0.006109       0.000000
   399.72       0.027318       0.012969       0.014349       0.000000
   399.77       0.062308       0.029969       0.032339       0.000000
   399.83       0.136588       0.066611       0.069976       0.000001
   399.88       0.287942       0.142457       0.145483       0.000002
   399.94       0.583987       0.293187       0.290795       0.000005
   400.00       1.139739       0.580630       0.559098       0.000011
   400.05       2.140551       1.106212       1.034317       0.000022
   400.11       3.868032       2.026619       1.841371       0.000042
   400.16       6.722706       3.568201       3.154428       0.000076
   400.22      11.232147       6.033538       5.198476       0.000133
   400.28      18.028806       9.790704       8.237880       0.000222
   400.33      27.780567      15.234812      12.545400       0.000354
   400.39      41.062997      22.714676      18.347782       0.000539
   400.44      58.177846      32.426582      25.750481       0.000783
   400.50      78.946609      44.291648      34.653876       0.001085
   400.56     102.534088      57.849036      44.683618       0.001434
   400.61     127.372901      72.207217      55.163875       0.001808
   400.67     151.252663      86.091672      65.158816       0.002175
   400.73     171.600621      98.005794      73.592334       0.002493
   400.78     185.919923     106.486029      79.431169       0.002725
   400.84     192.288292     110.394562      81.890891       0.002839
   400.89     189.781133     109.169624      80.608690       0.002819
   400.95     178.690804     102.957574      75.730562       0.002667
   401.01     160.470707      92.584066      67.884174       0.002467
   401.06     137.418771      79.372171      58.044331       0.002269
   401.12     112.196893      64.863202      47.331375       0.002316
   401.17      87.325841      50.521973      36.800716       0.003152
   401.23      64.788068      37.503841      27.278123       0.006104
   401.29      45.819428      26.531129      19.273955       0.014343
   401.34      30.900807      17.885418      12.980283       0.035106
   401.40      19.905880      11.489883       8.331955       0.084042
   401.45      12.328086       7.036171       5.098861       0.193054
   401.51       7.516813       4.114031       2.979488       0.423294
   401.57       4.875082       2.315046       1.675397       0.884639
   401.62       4.001884       1.300628       0.939740       1.761516
   401.68       4.785711       0.840006       0.604058       3.341647
   401.74       7.466528       0.833198       0.594175       6.039154
   401.79      12.682105       1.336662       0.947913      10.397531
   401.85      21.505710       2.606578       1.845296      17.053836
   401.90      35.470687       5.167031       3.656460      26.647196
   401.96      56.566573       9.897348       7.003217      39.666008
   402.02      87.181432      18.114302      12.817062      56.250067
   402.07     129.955438      31.602977      22.360928      75.991533
   402.13     187.503175      52.532366      37.169415      97.801394
   402.18     261.964253      83.190729      58.861524     119.912000
   402.24     354.367810     125.505534      88.800986     140.061290
   402.30     463.858929     180.380216     127.626990     155.851723
   402.35     586.932585     246.974759     174.745179     165.212646
   402.41     716.924034     322.146772     227.932184     166.845078
   402.46     844.056740     400.306355     283.232938     160.517447
   402.52     956.289204     473.880417     335.289295     147.119492
   402.58    1041.000146     534.419872     378.123259     128.457014
   402.63    1087.257237     574.161836     406.242647     106.852754
   402.69    1088.126763     587.658234     415.793618      84.674911
   402.75    1042.356994     573.002884     405.429807      63.924304
   402.80     954.882982     532.277823     376.630248      45.974911
   402.86     835.948427     471.079057     333.368593      31.500776
   402.91     699.088884     397.279167     281.247524      20.562193
   402.97     558.587404     319.419817     226.380592      12.786995
   403.03     427.152363     245.211530     174.365137       7.575696
   403.08     314.437421     180.531688     129.629739       4.275993
   403.14     226.700566     129.107538      95.293596       2.299432
   403.19     167.521956      92.839389      73.504448       1.178119
   403.25     139.197476      72.541044      66.081281       0.575152
   403.31     144.263367      68.789660      75.206054       0.267653
   403.36     186.588638      82.582118     103.887613       0.118908
   403.42     271.568467     115.563567     155.954082       0.050818
   403.47     405.142366     169.702871     235.417727       0.021769
   403.53     591.646588     246.428876     345.206316       0.011396
   403.59     830.880062     345.404136     485.464440       0.011486
   403.64    1115.154855     463.274908     651.858152       0.021795
   403.70    1427.377485     592.845249     834.482260       0.049977
   403.76    1741.191069     723.109839    1017.965573       0.115657
   403.81    2023.781010     840.397683    1183.123770       0.259557
   403.87    2241.150780     930.545237    1310.046453       0.559091
   403.92    2364.754524     981.634598    1381.968407       1.151519
   403.98    2377.705739     986.556012    1388.886104       2.263623
   404.04    2278.701916     944.622852    1329.835856       4.243208
   404.09    2082.419654     861.725655    1213.112733       7.581266
   404.15    1816.239560     748.973462    1054.358595      12.907503
   404.20    1514.316274     620.252666     873.125288      20.938320
   404.26    1210.752925     489.440681     688.951969      32.360275
   404.32     933.718997     368.039174     518.032514      47.647309
   404.37     701.801881     263.752118     371.213470      66.836292
   404.43     523.020445     180.163762     253.540582      89.316101
   404.48     396.117697     117.325431     165.085013     113.707254
   404.54     313.263167      72.859025     102.497172     137.906970
   404.60     263.203018      43.161243      60.702412     159.339363
   404.65     234.096889      24.402233      34.307307     175.387350
   404.71     215.602829      13.175448      18.514786     183.912595
   404.77     200.070886       6.799345       9.548975     183.722565
   404.82     182.913348       3.357503       4.711651     174.844195
   404.88     162.333678       1.588694       2.227367     158.517618
   404.93     138.644356       0.721676       1.010718     136.911962
   404.99     113.409760       0.315452       0.441311     112.652997
   405.05      88.623293       0.133062       0.185988      88.304243
   405.10      66.071650       0.054347       0.075953      65.941351
   405.16      46.962435       0.021577       0.030199      46.910659
   405.21      31.812471       0.008363       0.011757      31.792351
   405.27      20.534014       0.003179       0.004511      20.526324
   405.33      12.628075       0.001191       0.001718      12.625166
   405.38       7.398858       0.000441       0.000654       7.397763
   405.44       4.129839       0.000117       0.000187       4.129535
   405.49       2.196162       0.000047       0.000079       2.196035
   405.55       1.112590       0.000019       0.000033       1.112538
   405.61       0.536963       0.000007       0.000014       0.536942
   405.66       0.246884       0.000003       0.000006       0.246875
   405.72       0.108138       0.000001       0.000002       0.108135
   405.78       0.045123       0.000000       0.000001       0.045122
   405.83       0.017938       0.000000       0.000000       0.017937
   405.89       0.006793       0.000000       0.000000       0.006793
   405.94       0.002451       0.000000       0.000000       0.002451
   406.00       0.000842       0.000000       0.000000       0.000842
