*********************  Core Excitation Data  ********************
****************  A.P. Hitchcock & D.C. Mancini  ****************
*
* Formula: m-NO2C6H4NH2
* Name: meta nitroaniline
* Edge: N 1s
* Alpha Formula: C6H6N2O2
* Data Source: Hitchcock
* Filename:  nk-0nnkk.os
* Ref. Code: TUH96
* Write Date: 08/05/98
* Reference: Can. J. Chem. 74 (1996) 851.
* Source and Purity: scavenged from chem fume hoods
* Acquisition Mode: EELS, 2 deg, 2500eV CRE mode, 0.7eV fwhm
*--------------------------------------------------------------
* No. of Spectra: 2	name1- 0nkn	name2- 0nkn.os
*   E (eV)        Raw data             Osc. Str. per atom (E-2)
*--------------------------------------------------------------

  3.851010E+02	  5.624037E+04	  4.051335E-03	
  3.853066E+02	  5.636086E+04	  1.548023E-02	
  3.855007E+02	  5.620864E+04	  1.182855E-02	
  3.857063E+02	  5.582893E+04	 -3.939584E-03	
  3.859005E+02	  5.568177E+04	 -7.355867E-03	
  3.861061E+02	  5.568365E+04	 -2.398204E-03	
  3.863002E+02	  5.562686E+04	 -9.110039E-04	
  3.865058E+02	  5.573531E+04	  9.854793E-03	
  3.867114E+02	  5.584717E+04	  2.081371E-02	
  3.869056E+02	  5.598540E+04	  3.295233E-02	
  3.871111E+02	  5.549775E+04	  1.114010E-02	
  3.873053E+02	  5.567401E+04	  2.535341E-02	
  3.875109E+02	  5.546609E+04	  1.880330E-02	
  3.877051E+02	  5.524584E+04	  1.128989E-02	
  3.879106E+02	  5.479305E+04	 -8.735785E-03	
  3.881048E+02	  5.454675E+04	 -1.773110E-02	
  3.883104E+02	  5.505839E+04	  1.516524E-02	
  3.885046E+02	  5.497602E+04	  1.517140E-02	
  3.887101E+02	  5.480381E+04	  1.048919E-02	
  3.889043E+02	  5.501946E+04	  2.688858E-02	
  3.891099E+02	  5.466858E+04	  1.233964E-02	
  3.893041E+02	  5.427687E+04	 -4.758972E-03	
  3.895096E+02	  5.434086E+04	  3.530593E-03	
  3.897038E+02	  5.418169E+04	 -7.708346E-04	
  3.899094E+02	  5.441713E+04	  1.699733E-02	
  3.901036E+02	  5.425851E+04	  1.271231E-02	
  3.903091E+02	  5.472758E+04	  4.344093E-02	
  3.905033E+02	  5.421602E+04	  1.958722E-02	
  3.907089E+02	  5.393000E+04	  8.461406E-03	
  3.909031E+02	  5.387054E+04	  9.625071E-03	
  3.911086E+02	  5.394782E+04	  1.864151E-02	
  3.913028E+02	  5.335306E+04	 -9.968787E-03	
  3.915084E+02	  5.379022E+04	  1.905412E-02	
  3.917026E+02	  5.357338E+04	  1.142913E-02	
  3.919081E+02	  5.350151E+04	  1.212358E-02	
  3.921023E+02	  5.351513E+04	  1.731888E-02	
  3.923079E+02	  5.318129E+04	  3.375619E-03	
  3.925021E+02	  5.337007E+04	  1.834059E-02	
  3.927076E+02	  5.310351E+04	  8.119947E-03	
  3.929018E+02	  5.264203E+04	 -1.329207E-02	
  3.931074E+02	  5.264490E+04	 -8.484287E-03	
  3.933016E+02	  5.271487E+04	 -1.755293E-04	
  3.935071E+02	  5.275968E+04	  6.983911E-03	
  3.937013E+02	  5.270250E+04	  8.163190E-03	
  3.939069E+02	  5.255071E+04	  4.277742E-03	
  3.941011E+02	  5.231148E+04	 -4.795498E-03	
  3.943066E+02	  5.264298E+04	  1.847646E-02	
  3.945008E+02	  5.245102E+04	  1.204398E-02	
  3.947064E+02	  5.221869E+04	  3.574345E-03	
  3.949006E+02	  5.241302E+04	  1.888823E-02	
  3.951061E+02	  5.262088E+04	  3.523659E-02	
  3.953003E+02	  5.225378E+04	  1.886990E-02	
  3.955059E+02	  5.212915E+04	  1.643074E-02	
  3.957001E+02	  5.216549E+04	  2.283007E-02	
  3.959056E+02	  5.191125E+04	  1.303369E-02	
  3.961112E+02	  5.158692E+04	 -7.585140E-04	
  3.963054E+02	  5.178104E+04	  1.456316E-02	
  3.965110E+02	  5.125463E+04	 -1.073539E-02	
  3.967051E+02	  5.176153E+04	  2.234953E-02	
  3.969107E+02	  5.155609E+04	  1.524345E-02	
  3.971049E+02	  5.137527E+04	  9.263890E-03	
  3.973105E+02	  5.125078E+04	  6.725935E-03	
  3.975046E+02	  5.116313E+04	  6.021634E-03	
  3.977102E+02	  5.117699E+04	  1.134805E-02	
  3.979044E+02	  5.120097E+04	  1.699845E-02	
  3.981100E+02	  5.122459E+04	  2.288135E-02	
  3.983041E+02	  5.113874E+04	  2.225580E-02	
  3.985097E+02	  5.109500E+04	  2.428180E-02	
  3.987039E+02	  5.081695E+04	  1.263913E-02	
  3.989095E+02	  5.083209E+04	  1.801520E-02	
  3.991036E+02	  5.076916E+04	  1.866441E-02	
  3.993092E+02	  5.086388E+04	  2.860153E-02	
  3.995034E+02	  5.050259E+04	  1.211375E-02	
  3.997090E+02	  5.084054E+04	  3.601906E-02	
  3.999031E+02	  5.060275E+04	  2.659619E-02	
  4.001087E+02	  5.069638E+04	  3.647203E-02	
  4.003029E+02	  5.097231E+04	  5.660335E-02	
  4.005085E+02	  5.187638E+04	  1.132104E-01	
  4.007026E+02	  5.331672E+04	  2.005741E-01	
  4.008091E+02	  5.419420E+04	  2.535893E-01	
  4.009004E+02	  5.480445E+04	  2.908785E-01	
  4.010032E+02	  5.583171E+04	  3.525324E-01	
  4.011060E+02	  5.736268E+04	  4.433318E-01	
  4.012088E+02	  5.782780E+04	  4.726043E-01	
  4.013002E+02	  5.863534E+04	  5.214248E-01	
  4.014030E+02	  5.954941E+04	  5.767089E-01	
  4.015058E+02	  5.991356E+04	  6.002198E-01	
  4.016086E+02	  6.026028E+04	  6.227368E-01	
  4.017113E+02	  5.986855E+04	  6.025118E-01	
  4.018027E+02	  5.961769E+04	  5.901567E-01	
  4.019055E+02	  5.972712E+04	  5.989397E-01	
  4.020083E+02	  6.008843E+04	  6.223271E-01	
  4.021111E+02	  6.039634E+04	  6.426342E-01	
  4.022025E+02	  6.072646E+04	  6.639699E-01	
  4.023053E+02	  6.168080E+04	  7.218198E-01	
  4.024081E+02	  6.265862E+04	  7.810751E-01	
  4.025108E+02	  6.398994E+04	  8.609066E-01	
  4.026022E+02	  6.517877E+04	  9.322343E-01	
  4.027050E+02	  6.631166E+04	  1.000647E+00	
  4.028078E+02	  6.739730E+04	  1.066363E+00	
  4.029106E+02	  6.984507E+04	  1.211362E+00	
  4.030020E+02	  7.239977E+04	  1.362392E+00	
  4.031048E+02	  7.569664E+04	  1.557039E+00	
  4.032076E+02	  8.015802E+04	  1.819651E+00	
  4.033103E+02	  8.386641E+04	  2.038600E+00	
  4.034017E+02	  8.648222E+04	  2.193703E+00	
  4.035045E+02	  8.881366E+04	  2.332679E+00	
  4.036073E+02	  9.007601E+04	  2.409407E+00	
  4.037101E+02	  8.975373E+04	  2.393734E+00	
  4.038015E+02	  8.827255E+04	  2.310059E+00	
  4.039043E+02	  8.509211E+04	  2.127442E+00	
  4.040070E+02	  8.140997E+04	  1.915373E+00	
  4.041098E+02	  7.724852E+04	  1.675126E+00	
  4.042012E+02	  7.405084E+04	  1.490722E+00	
  4.043040E+02	  7.064759E+04	  1.294466E+00	
  4.044068E+02	  6.709348E+04	  1.089225E+00	
  4.045096E+02	  6.436616E+04	  9.322101E-01	
  4.046010E+02	  6.256701E+04	  8.291344E-01	
  4.047038E+02	  6.157065E+04	  7.732773E-01	
  4.048065E+02	  6.005402E+04	  6.868897E-01	
  4.049093E+02	  5.848696E+04	  5.974759E-01	
  4.050007E+02	  5.843236E+04	  5.964104E-01	
  4.051035E+02	  5.769696E+04	  5.556745E-01	
  4.052063E+02	  5.792166E+04	  5.712437E-01	
  4.053091E+02	  5.759397E+04	  5.543952E-01	
  4.054005E+02	  5.745502E+04	  5.483511E-01	
  4.055033E+02	  5.732602E+04	  5.431502E-01	
  4.056060E+02	  5.744014E+04	  5.522305E-01	
  4.057088E+02	  5.746040E+04	  5.557972E-01	
  4.058002E+02	  5.806926E+04	  5.937182E-01	
  4.059030E+02	  5.781697E+04	  5.812639E-01	
  4.060058E+02	  5.821573E+04	  6.071177E-01	
  4.061086E+02	  5.801804E+04	  5.978686E-01	
  4.062114E+02	  5.810682E+04	  6.054852E-01	
  4.063028E+02	  5.781721E+04	  5.905436E-01	
  4.064055E+02	  5.817898E+04	  6.142511E-01	
  4.065083E+02	  5.828598E+04	  6.229498E-01	
  4.066111E+02	  5.831495E+04	  6.270504E-01	
  4.067025E+02	  5.843559E+04	  6.362968E-01	
  4.068053E+02	  5.852698E+04	  6.440862E-01	
  4.069081E+02	  5.848898E+04	  6.442374E-01	
  4.070109E+02	  5.898270E+04	  6.758024E-01	
  4.071023E+02	  5.947138E+04	  7.068248E-01	
  4.072050E+02	  5.961764E+04	  7.178888E-01	
  4.073078E+02	  6.010744E+04	  7.492801E-01	
  4.074106E+02	  6.034010E+04	  7.654776E-01	
  4.075020E+02	  6.099812E+04	  8.065938E-01	
  4.076048E+02	  6.137646E+04	  8.314481E-01	
  4.077076E+02	  6.171504E+04	  8.539634E-01	
  4.078104E+02	  6.213964E+04	  8.815923E-01	
  4.079018E+02	  6.271871E+04	  9.181232E-01	
  4.080045E+02	  6.316535E+04	  9.470996E-01	
  4.081073E+02	  6.337593E+04	  9.620908E-01	
  4.082101E+02	  6.325772E+04	  9.575771E-01	
  4.083015E+02	  6.311926E+04	  9.515784E-01	
  4.084043E+02	  6.325948E+04	  9.624025E-01	
  4.085071E+02	  6.325803E+04	  9.648145E-01	
  4.086099E+02	  6.341778E+04	  9.768086E-01	
  4.087013E+02	  6.321776E+04	  9.671392E-01	
  4.088040E+02	  6.322149E+04	  9.698575E-01	
  4.089068E+02	  6.328712E+04	  9.762591E-01	
  4.090096E+02	  6.336507E+04	  9.833967E-01	
  4.091010E+02	  6.337308E+04	  9.860953E-01	
  4.092038E+02	  6.331683E+04	  9.852425E-01	
  4.093066E+02	  6.359731E+04	  1.004456E+00	
  4.094094E+02	  6.329677E+04	  9.890395E-01	
  4.095008E+02	  6.319654E+04	  9.852806E-01	
  4.096035E+02	  6.273962E+04	  9.605111E-01	
  4.097063E+02	  6.282530E+04	  9.681072E-01	
  4.098091E+02	  6.303556E+04	  9.831457E-01	
  4.099005E+02	  6.294702E+04	  9.800696E-01	
  4.100033E+02	  6.330411E+04	  1.003893E+00	
  4.101061E+02	  6.306923E+04	  9.923458E-01	
  4.102089E+02	  6.330861E+04	  1.009149E+00	
  4.103003E+02	  6.369041E+04	  1.034205E+00	
  4.104030E+02	  6.425594E+04	  1.070552E+00	
  4.105058E+02	  6.444259E+04	  1.084240E+00	
  4.106086E+02	  6.458106E+04	  1.095051E+00	
  4.107114E+02	  6.490305E+04	  1.116864E+00	
  4.108028E+02	  6.498714E+04	  1.124151E+00	
  4.109056E+02	  6.548364E+04	  1.156451E+00	
  4.110084E+02	  6.583062E+04	  1.179804E+00	
  4.111112E+02	  6.575405E+04	  1.177759E+00	
  4.112025E+02	  6.575593E+04	  1.180134E+00	
  4.113053E+02	  6.632634E+04	  1.216933E+00	
  4.114081E+02	  6.640454E+04	  1.224189E+00	
  4.115109E+02	  6.694527E+04	  1.259245E+00	
  4.116023E+02	  6.702141E+04	  1.266108E+00	
  4.117051E+02	  6.738573E+04	  1.290592E+00	
  4.119028E+02	  6.740405E+04	  1.296660E+00	
  4.121083E+02	  6.799028E+04	  1.337131E+00	
  4.123025E+02	  6.814403E+04	  1.351299E+00	
  4.125081E+02	  6.837681E+04	  1.370535E+00	
  4.127023E+02	  6.833924E+04	  1.373183E+00	
  4.129078E+02	  6.826324E+04	  1.373792E+00	
  4.131020E+02	  6.807116E+04	  1.367088E+00	
  4.133076E+02	  6.789687E+04	  1.361728E+00	
  4.135018E+02	  6.779041E+04	  1.360171E+00	
  4.137073E+02	  6.726848E+04	  1.333717E+00	
  4.139015E+02	  6.627355E+04	  1.278249E+00	
  4.141071E+02	  6.601947E+04	  1.267927E+00	
  4.143013E+02	  6.522846E+04	  1.224695E+00	
  4.145068E+02	  6.484757E+04	  1.206592E+00	
  4.147010E+02	  6.428017E+04	  1.176833E+00	
  4.149066E+02	  6.358066E+04	  1.139258E+00	
  4.151008E+02	  6.311496E+04	  1.115583E+00	
  4.153063E+02	  6.235802E+04	  1.074386E+00	
  4.155005E+02	  6.182665E+04	  1.046608E+00	
  4.157061E+02	  6.112899E+04	  1.008898E+00	
  4.159003E+02	  6.048629E+04	  9.742132E-01	
  4.161058E+02	  6.017424E+04	  9.599499E-01	
  4.163114E+02	  5.983411E+04	  9.439377E-01	
  4.165056E+02	  5.960490E+04	  9.344194E-01	
  4.167112E+02	  5.906400E+04	  9.060458E-01	
  4.169053E+02	  5.889176E+04	  8.999629E-01	
  4.171109E+02	  5.884184E+04	  9.016320E-01	
  4.173051E+02	  5.856300E+04	  8.889745E-01	
  4.175107E+02	  5.840338E+04	  8.838797E-01	
  4.177048E+02	  5.868075E+04	  9.053801E-01	
  4.179104E+02	  5.820080E+04	  8.805592E-01	
  4.181046E+02	  5.813988E+04	  8.812389E-01	
  4.183102E+02	  5.805365E+04	  8.806127E-01	
  4.185043E+02	  5.775604E+04	  8.666792E-01	
  4.187099E+02	  5.752500E+04	  8.570865E-01	
  4.189041E+02	  5.708209E+04	  8.341249E-01	
  4.191097E+02	  5.687079E+04	  8.256965E-01	
  4.193038E+02	  5.671902E+04	  8.206722E-01	
  4.195094E+02	  5.614698E+04	  7.898731E-01	
  4.197036E+02	  5.600975E+04	  7.857019E-01	
  4.199092E+02	  5.531979E+04	  7.475030E-01	
  4.201033E+02	  5.539739E+04	  7.566085E-01	
  4.203089E+02	  5.516695E+04	  7.468472E-01	
  4.205031E+02	  5.467599E+04	  7.206234E-01	
  4.207087E+02	  5.432443E+04	  7.032732E-01	
  4.209028E+02	  5.401623E+04	  6.883370E-01	
  4.211084E+02	  5.369698E+04	  6.729329E-01	
  4.213026E+02	  5.399568E+04	  6.957575E-01	
  4.215082E+02	  5.342097E+04	  6.643891E-01	
  4.217023E+02	  5.313909E+04	  6.509942E-01	
  4.219079E+02	  5.313241E+04	  6.550056E-01	
  4.221021E+02	  5.293185E+04	  6.466519E-01	
  4.223077E+02	  5.280599E+04	  6.431965E-01	
  4.225018E+02	  5.243586E+04	  6.241930E-01	
  4.227074E+02	  5.214073E+04	  6.100975E-01	
  4.229016E+02	  5.210321E+04	  6.118774E-01	
  4.231072E+02	  5.187431E+04	  6.018910E-01	
  4.233013E+02	  5.224743E+04	  6.294300E-01	
  4.235069E+02	  5.222997E+04	  6.327086E-01	
  4.237011E+02	  5.179709E+04	  6.096263E-01	
  4.238612E+02	  5.142396E+04	  5.895461E-01	
  4.241011E+02	  5.161905E+04	  6.068831E-01	
  4.243524E+02	  5.139809E+04	  5.982643E-01	
  4.246036E+02	  5.179739E+04	  6.287389E-01	
  4.248549E+02	  5.139960E+04	  6.089376E-01	
  4.251062E+02	  5.141709E+04	  6.153289E-01	
  4.253575E+02	  5.078389E+04	  5.805671E-01	
  4.256087E+02	  5.079271E+04	  5.863712E-01	
  4.258600E+02	  5.083212E+04	  5.941132E-01	
  4.261113E+02	  5.079730E+04	  5.971498E-01	
  4.263625E+02	  5.025545E+04	  5.679958E-01	
  4.266138E+02	  5.032390E+04	  5.775521E-01	
  4.268651E+02	  5.020179E+04	  5.749963E-01	
  4.271163E+02	  5.013576E+04	  5.759930E-01	
  4.273676E+02	  4.981733E+04	  5.609013E-01	
  4.276189E+02	  4.981322E+04	  5.658126E-01	
  4.278701E+02	  4.982111E+04	  5.714875E-01	
  4.281214E+02	  4.994553E+04	  5.846053E-01	
  4.283727E+02	  4.963614E+04	  5.699981E-01	
  4.286240E+02	  4.939267E+04	  5.595714E-01	
  4.288638E+02	  4.927989E+04	  5.572533E-01	
  4.291151E+02	  4.911369E+04	  5.517282E-01	
  4.293664E+02	  4.929956E+04	  5.687736E-01	
  4.296176E+02	  4.921597E+04	  5.685316E-01	
  4.298689E+02	  4.893111E+04	  5.553402E-01	
  4.301202E+02	  4.926043E+04	  5.816311E-01	
  4.303714E+02	  4.865468E+04	  5.477397E-01	
  4.306227E+02	  4.855842E+04	  5.466167E-01	
  4.308740E+02	  4.838895E+04	  5.407570E-01	
  4.311252E+02	  4.814344E+04	  5.299656E-01	
  4.313765E+02	  4.831339E+04	  5.459958E-01	
  4.316278E+02	  4.811185E+04	  5.380117E-01	
  4.318791E+02	  4.807833E+04	  5.408812E-01	
  4.321303E+02	  4.817143E+04	  5.519504E-01	
  4.323816E+02	  4.788934E+04	  5.386921E-01	
  4.326329E+02	  4.765301E+04	  5.283695E-01	
  4.328842E+02	  4.788599E+04	  5.485141E-01	
  4.331354E+02	  4.779932E+04	  5.478940E-01	
  4.333753E+02	  4.774799E+04	  5.493342E-01	
  4.336266E+02	  4.742729E+04	  5.334451E-01	
  4.338778E+02	  4.703889E+04	  5.131009E-01	
  4.341291E+02	  4.705889E+04	  5.193656E-01	
  4.343804E+02	  4.731223E+04	  5.408750E-01	
  4.346316E+02	  4.703303E+04	  5.275900E-01	
  4.348829E+02	  4.697296E+04	  5.286118E-01	
  4.351342E+02	  4.664330E+04	  5.119660E-01	
  4.353854E+02	  4.687292E+04	  5.319461E-01	
  4.356367E+02	  4.667432E+04	  5.238521E-01	
  4.358880E+02	  4.646000E+04	  5.147009E-01	
  4.361393E+02	  4.676687E+04	  5.397829E-01	
  4.363905E+02	  4.695394E+04	  5.570168E-01	
  4.366418E+02	  4.654285E+04	  5.348804E-01	
  4.368931E+02	  4.599551E+04	  5.037126E-01	
  4.371443E+02	  4.611083E+04	  5.161954E-01	
  4.373956E+02	  4.602517E+04	  5.154191E-01	
  4.376469E+02	  4.638722E+04	  5.442183E-01	
  4.378982E+02	  4.594473E+04	  5.198416E-01	
  4.381380E+02	  4.581944E+04	  5.161901E-01	
  4.383893E+02	  4.577659E+04	  5.182056E-01	
  4.386406E+02	  4.606647E+04	  5.422813E-01	
  4.388918E+02	  4.577738E+04	  5.279574E-01	
  4.391431E+02	  4.574346E+04	  5.305508E-01	
  4.393944E+02	  4.517553E+04	  4.976288E-01	
  4.396456E+02	  4.558837E+04	  5.299125E-01	
  4.398969E+02	  4.505242E+04	  4.990416E-01	
  4.401482E+02	  4.527678E+04	  5.187965E-01	
  4.403994E+02	  4.483883E+04	  4.943797E-01	
  4.406507E+02	  4.540067E+04	  5.366848E-01	
  4.409020E+02	  4.508163E+04	  5.201689E-01	
  4.411533E+02	  4.461225E+04	  4.935546E-01	
  4.414045E+02	  4.482536E+04	  5.125875E-01	
  4.416558E+02	  4.483470E+04	  5.179859E-01	
  4.419071E+02	  4.497937E+04	  5.324605E-01	
  4.421584E+02	  4.435650E+04	  4.954173E-01	
  4.424096E+02	  4.447480E+04	  5.081058E-01	
  4.426609E+02	  4.452871E+04	  5.164755E-01	
  4.429008E+02	  4.442695E+04	  5.141549E-01	
  4.431520E+02	  4.417168E+04	  5.016937E-01	
  4.434033E+02	  4.411535E+04	  5.026156E-01	
  4.436546E+02	  4.434305E+04	  5.226990E-01	
  4.439058E+02	  4.418411E+04	  5.166892E-01	
  4.441571E+02	  4.428109E+04	  5.279620E-01	
  4.444084E+02	  4.446283E+04	  5.449790E-01	
  4.446596E+02	  4.424505E+04	  5.349579E-01	
  4.449109E+02	  4.395384E+04	  5.199315E-01	
  4.451622E+02	  4.366800E+04	  5.052323E-01	
  4.454135E+02	  4.377674E+04	  5.172927E-01	
  4.456647E+02	  4.353915E+04	  5.058252E-01	
  4.459160E+02	  4.305204E+04	  4.773539E-01	
  4.461673E+02	  4.348637E+04	  5.115594E-01	
  4.464185E+02	  4.340108E+04	  5.104059E-01	
  4.466698E+02	  4.325056E+04	  5.047907E-01	
  4.469211E+02	  4.335730E+04	  5.167180E-01	
  4.471724E+02	  4.285946E+04	  4.873504E-01	
  4.474236E+02	  4.317490E+04	  5.135335E-01	
  4.476635E+02	  4.288055E+04	  4.978095E-01	
  4.479147E+02	  4.274004E+04	  4.927963E-01	
  4.481660E+02	  4.270810E+04	  4.952078E-01	
  4.484173E+02	  4.251435E+04	  4.865118E-01	
  4.486685E+02	  4.278036E+04	  5.093634E-01	
  4.489198E+02	  4.289478E+04	  5.218269E-01	
  4.491711E+02	  4.256947E+04	  5.040515E-01	
  4.494224E+02	  4.252535E+04	  5.055960E-01	
  4.496736E+02	  4.253764E+04	  5.110210E-01	
  4.499249E+02	  4.258893E+04	  5.191358E-01	
  4.501762E+02	  4.274087E+04	  5.342023E-01	
  4.504275E+02	  4.239964E+04	  5.152122E-01	
  4.506787E+02	  4.226221E+04	  5.102730E-01	
  4.509300E+02	  4.219607E+04	  5.102484E-01	
  4.511813E+02	  4.210207E+04	  5.082856E-01	
  4.514326E+02	  4.186625E+04	  4.964767E-01	
  4.516838E+02	  4.189350E+04	  5.028923E-01	
  4.519351E+02	  4.196748E+04	  5.125548E-01	
  4.521749E+02	  4.188166E+04	  5.109113E-01	
  4.524262E+02	  4.162206E+04	  4.973732E-01	
  4.526775E+02	  4.161468E+04	  5.013636E-01	
  4.529287E+02	  4.166588E+04	  5.094318E-01	
  4.531800E+02	  4.170903E+04	  5.169445E-01	
  4.534313E+02	  4.135602E+04	  4.968072E-01	
  4.536826E+02	  4.140141E+04	  5.044582E-01	
  4.539338E+02	  4.112367E+04	  4.895200E-01	
  4.541851E+02	  4.082779E+04	  4.732774E-01	
  4.544364E+02	  4.084073E+04	  4.786274E-01	
  4.546877E+02	  4.105473E+04	  4.980726E-01	
  4.549389E+02	  4.081725E+04	  4.858649E-01	
  4.551902E+02	  4.042777E+04	  4.629529E-01	
  4.554415E+02	  4.057493E+04	  4.777094E-01	
  4.556927E+02	  4.073125E+04	  4.931256E-01	
  4.559440E+02	  4.044412E+04	  4.773394E-01	
  4.561953E+02	  4.059970E+04	  4.927109E-01	
  4.564466E+02	  4.067857E+04	  5.026901E-01	
  4.566978E+02	  4.037259E+04	  4.855134E-01	
  4.569377E+02	  4.015908E+04	  4.746318E-01	
  4.571889E+02	  3.997264E+04	  4.658364E-01	
  4.574402E+02	  4.017112E+04	  4.842533E-01	
  4.576915E+02	  4.012412E+04	  4.853079E-01	
  4.579427E+02	  4.018641E+04	  4.941009E-01	
  4.581940E+02	  4.001912E+04	  4.866150E-01	
  4.584453E+02	  3.973847E+04	  4.710584E-01	
  4.586966E+02	  3.990385E+04	  4.871600E-01	
  4.589478E+02	  3.989927E+04	  4.911931E-01	
  4.591991E+02	  3.994726E+04	  4.989657E-01	
  4.594504E+02	  3.994931E+04	  5.034702E-01	
  4.597017E+02	  3.957401E+04	  4.810684E-01	
  4.599529E+02	  3.945323E+04	  4.767821E-01	