*********************  Core Excitation Data  ********************
****************  A.P. Hitchcock & D.C. Mancini  ****************
*
* Formula: m-NO2C6H4NH2
* Name: meta nitroaniline
* Edge: C 1s
* Alpha Formula: C6H6N2O2
* Data Source: Hitchcock
* Filename:  nk-0cckk.os
* Ref. Code: TUH96
* Write Date: 08/05/98
* Reference: Can. J. Chem. 74 (1996) 851.
* Source and Purity: scavenged from chem fume hoods
* Acquisition Mode: EELS, 2 deg, 2500eV CRE mode, 0.7eV fwhm
*--------------------------------------------------------------
* No. of Spectra: 2	name1- 0nkc	name2- 0nkc.os
*   E (eV)        Raw data             Osc. Str. per atom (E-2)
*--------------------------------------------------------------

  2.751571E+02	  1.756051E+03	  7.649098E-03	
  2.752646E+02	  1.762000E+03	  2.822824E-03	
  2.754633E+02	  1.667000E+03	 -2.376294E-03	
  2.756620E+02	  1.695000E+03	 -1.974097E-04	
  2.758608E+02	  1.654000E+03	 -1.421671E-03	
  2.761092E+02	  1.694000E+03	 -9.361352E-04	
  2.763079E+02	  1.663000E+03	 -3.256676E-03	
  2.765066E+02	  1.675000E+03	 -1.394282E-03	
  2.767053E+02	  1.691000E+03	  8.965217E-04	
  2.769040E+02	  1.643000E+03	 -1.568543E-03	
  2.771028E+02	  1.680000E+03	  6.000566E-04	
  2.773015E+02	  1.708000E+03	  1.914930E-03	
  2.775002E+02	  1.686000E+03	  1.097895E-03	
  2.776989E+02	  1.613000E+03	  1.776114E-03	
  2.778976E+02	  1.667000E+03	  1.245094E-03	
  2.780963E+02	  1.745000E+03	  6.736402E-05	
  2.782950E+02	  1.603000E+03	 -1.626219E-03	
  2.784937E+02	  1.670000E+03	 -3.367997E-03	
  2.786924E+02	  1.607000E+03	 -1.956441E-03	
  2.788912E+02	  1.643000E+03	  9.326605E-04	
  2.790899E+02	  1.647000E+03	  2.311297E-03	
  2.792886E+02	  1.662000E+03	  8.188497E-04	
  2.794873E+02	  1.627000E+03	 -1.773210E-03	
  2.796860E+02	  1.656000E+03	 -5.139987E-04	
  2.798847E+02	  1.578000E+03	 -1.086243E-03	
  2.800835E+02	  1.622000E+03	  1.572641E-03	
  2.802822E+02	  1.622000E+03	  1.753233E-03	
  2.804809E+02	  1.623000E+03	 -4.522932E-04	
  2.806796E+02	  1.603000E+03	  8.203146E-04	
  2.808783E+02	  1.608000E+03	  2.598701E-04	
  2.810770E+02	  1.563000E+03	 -3.909097E-04	
  2.812757E+02	  1.601000E+03	  3.577993E-04	
  2.814745E+02	  1.595000E+03	  4.925494E-04	
  2.816732E+02	  1.553000E+03	 -1.784974E-03	
  2.818719E+02	  1.657000E+03	  3.264253E-03	
  2.820706E+02	  1.528000E+03	 -4.467863E-03	
  2.821685E+02	  1.551000E+03	 -1.838447E-03	
  2.822679E+02	  1.566000E+03	  2.521527E-03	
  2.823672E+02	  1.599000E+03	  4.763007E-03	
  2.824666E+02	  1.624000E+03	  2.639691E-03	
  2.825659E+02	  1.563000E+03	  5.982630E-03	
  2.826653E+02	  1.518000E+03	  5.827698E-03	
  2.827646E+02	  1.591000E+03	  6.412546E-03	
  2.828640E+02	  1.545000E+03	  8.223974E-03	
  2.829633E+02	  1.620000E+03	  5.101540E-03	
  2.830627E+02	  1.583000E+03	  6.085794E-03	
  2.831620E+02	  1.551000E+03	  9.363232E-03	
  2.832614E+02	  1.683000E+03	  1.208067E-02	
  2.833608E+02	  1.711000E+03	  1.831137E-02	
  2.834601E+02	  1.694000E+03	  2.381878E-02	
  2.836092E+02	  1.745000E+03	  3.355004E-02	
  2.837085E+02	  1.827000E+03	  4.807792E-02	
  2.838079E+02	  1.988000E+03	  7.546366E-02	
  2.839072E+02	  2.266000E+03	  1.172101E-01	
  2.840066E+02	  2.770000E+03	  1.767123E-01	
  2.841060E+02	  3.314000E+03	  2.688844E-01	
  2.842053E+02	  4.195000E+03	  3.983338E-01	
  2.843047E+02	  5.448000E+03	  5.546044E-01	
  2.844040E+02	  6.884000E+03	  7.338344E-01	
  2.845034E+02	  8.943000E+03	  9.393429E-01	
  2.846028E+02	  1.038200E+04	  1.139846E+00	
  2.847021E+02	  1.175000E+04	  1.308977E+00	
  2.848015E+02	  1.259100E+04	  1.430818E+00	
  2.849008E+02	  1.299600E+04	  1.495169E+00	
  2.850002E+02	  1.319300E+04	  1.517696E+00	
  2.850995E+02	  1.296000E+04	  1.504927E+00	
  2.851989E+02	  1.247400E+04	  1.462392E+00	
  2.852982E+02	  1.188500E+04	  1.409576E+00	
  2.853976E+02	  1.143200E+04	  1.352667E+00	
  2.854969E+02	  1.139800E+04	  1.318654E+00	
  2.855963E+02	  1.083200E+04	  1.247148E+00	
  2.856957E+02	  1.038500E+04	  1.177728E+00	
  2.857950E+02	  9.846000E+03	  1.116300E+00	
  2.858944E+02	  9.095000E+03	  1.030310E+00	
  2.859937E+02	  8.282000E+03	  9.353439E-01	
  2.860931E+02	  7.917000E+03	  8.730433E-01	
  2.861924E+02	  7.139000E+03	  8.113102E-01	
  2.862918E+02	  7.249000E+03	  7.823693E-01	
  2.863912E+02	  7.042000E+03	  7.741278E-01	
  2.864905E+02	  7.343000E+03	  7.925970E-01	
  2.865899E+02	  7.616000E+03	  8.274197E-01	
  2.866892E+02	  7.676000E+03	  8.473415E-01	
  2.867886E+02	  7.933000E+03	  8.799497E-01	
  2.868879E+02	  8.363000E+03	  9.247009E-01	
  2.869873E+02	  8.525000E+03	  9.272126E-01	
  2.870867E+02	  8.273000E+03	  9.253018E-01	
  2.871860E+02	  8.169000E+03	  9.258875E-01	
  2.872854E+02	  8.340000E+03	  9.164476E-01	
  2.873847E+02	  8.087000E+03	  9.065639E-01	
  2.874841E+02	  8.011000E+03	  9.019838E-01	
  2.875835E+02	  8.006000E+03	  8.904462E-01	
  2.876828E+02	  7.865000E+03	  8.630465E-01	
  2.877822E+02	  7.458000E+03	  8.461668E-01	
  2.878815E+02	  7.310000E+03	  8.084291E-01	
  2.879809E+02	  6.798000E+03	  7.762823E-01	
  2.880802E+02	  6.757000E+03	  7.312967E-01	
  2.881796E+02	  6.551000E+03	  7.162932E-01	
  2.882790E+02	  6.464000E+03	  7.043309E-01	
  2.883783E+02	  6.403000E+03	  6.912480E-01	
  2.884777E+02	  6.500000E+03	  7.016436E-01	
  2.885770E+02	  6.617000E+03	  7.169766E-01	
  2.886764E+02	  6.754000E+03	  7.310721E-01	
  2.887757E+02	  6.750000E+03	  7.491510E-01	
  2.888751E+02	  6.884000E+03	  7.684699E-01	
  2.889745E+02	  6.981000E+03	  7.759323E-01	
  2.890738E+02	  7.133000E+03	  7.977487E-01	
  2.891732E+02	  7.174000E+03	  8.089717E-01	
  2.892725E+02	  7.285000E+03	  8.232069E-01	
  2.893719E+02	  7.553000E+03	  8.499782E-01	
  2.894713E+02	  7.549000E+03	  8.702186E-01	
  2.895706E+02	  7.588000E+03	  8.826858E-01	
  2.896700E+02	  7.892000E+03	  8.949220E-01	
  2.897693E+02	  7.710000E+03	  9.017988E-01	
  2.898687E+02	  7.891000E+03	  9.132293E-01	
  2.899680E+02	  7.845000E+03	  9.242712E-01	
  2.900674E+02	  8.178000E+03	  9.527336E-01	
  2.901667E+02	  8.225000E+03	  9.684997E-01	
  2.902661E+02	  8.412000E+03	  9.883143E-01	
  2.903654E+02	  8.418000E+03	  9.986600E-01	
  2.904648E+02	  8.765000E+03	  1.022966E+00	
  2.905642E+02	  8.662000E+03	  1.041896E+00	
  2.906635E+02	  8.933000E+03	  1.069860E+00	
  2.907629E+02	  8.823000E+03	  1.061049E+00	
  2.908622E+02	  8.960000E+03	  1.070283E+00	
  2.909616E+02	  8.904000E+03	  1.091672E+00	
  2.910609E+02	  8.958000E+03	  1.086142E+00	
  2.911603E+02	  8.878000E+03	  1.082258E+00	
  2.912597E+02	  9.108000E+03	  1.087473E+00	
  2.914087E+02	  9.025000E+03	  1.105963E+00	
  2.915081E+02	  9.166000E+03	  1.117013E+00	
  2.916074E+02	  9.197000E+03	  1.128924E+00	
  2.917068E+02	  9.193000E+03	  1.135038E+00	
  2.918061E+02	  9.258000E+03	  1.144178E+00	
  2.919055E+02	  9.652000E+03	  1.165535E+00	
  2.920049E+02	  9.608000E+03	  1.178700E+00	
  2.921042E+02	  9.765000E+03	  1.181817E+00	
  2.922036E+02	  9.582000E+03	  1.194591E+00	
  2.923029E+02	  9.690000E+03	  1.210202E+00	
  2.924023E+02	  9.896000E+03	  1.227625E+00	
  2.925016E+02	  1.008100E+04	  1.251827E+00	
  2.926010E+02	  1.018600E+04	  1.269461E+00	
  2.927003E+02	  1.014700E+04	  1.279920E+00	
  2.927997E+02	  1.027800E+04	  1.297713E+00	
  2.928990E+02	  1.024800E+04	  1.314811E+00	
  2.929984E+02	  1.035400E+04	  1.321777E+00	
  2.930978E+02	  1.051500E+04	  1.333874E+00	
  2.931971E+02	  1.059100E+04	  1.349620E+00	
  2.932965E+02	  1.083800E+04	  1.364230E+00	
  2.933958E+02	  1.064400E+04	  1.364533E+00	
  2.934952E+02	  1.079300E+04	  1.381361E+00	
  2.935946E+02	  1.091300E+04	  1.384228E+00	
  2.936939E+02	  1.091100E+04	  1.401842E+00	
  2.937933E+02	  1.109500E+04	  1.415607E+00	
  2.938926E+02	  1.126400E+04	  1.420348E+00	
  2.939920E+02	  1.104600E+04	  1.427531E+00	
  2.940913E+02	  1.104400E+04	  1.413416E+00	
  2.941907E+02	  1.115000E+04	  1.410997E+00	
  2.942901E+02	  1.090800E+04	  1.419887E+00	
  2.943894E+02	  1.092400E+04	  1.420885E+00	
  2.944888E+02	  1.112200E+04	  1.418372E+00	
  2.945881E+02	  1.096200E+04	  1.414592E+00	
  2.946875E+02	  1.108400E+04	  1.415326E+00	
  2.947868E+02	  1.077100E+04	  1.402300E+00	
  2.948862E+02	  1.089400E+04	  1.401679E+00	
  2.949856E+02	  1.082600E+04	  1.394359E+00	
  2.950849E+02	  1.084600E+04	  1.385177E+00	
  2.951843E+02	  1.077400E+04	  1.401982E+00	
  2.952836E+02	  1.080400E+04	  1.397005E+00	
  2.953830E+02	  1.064600E+04	  1.391025E+00	
  2.954824E+02	  1.056800E+04	  1.374019E+00	
  2.955817E+02	  1.064600E+04	  1.386352E+00	
  2.956811E+02	  1.058100E+04	  1.378093E+00	
  2.957804E+02	  1.052000E+04	  1.365559E+00	
  2.958798E+02	  1.039400E+04	  1.362620E+00	
  2.959791E+02	  1.065600E+04	  1.361636E+00	
  2.960785E+02	  1.031300E+04	  1.342758E+00	
  2.961779E+02	  1.051300E+04	  1.336684E+00	
  2.962772E+02	  1.041800E+04	  1.342851E+00	
  2.963766E+02	  1.018100E+04	  1.333227E+00	
  2.964759E+02	  9.997000E+03	  1.326213E+00	
  2.965753E+02	  1.014600E+04	  1.329020E+00	
  2.966746E+02	  1.007200E+04	  1.326833E+00	
  2.967740E+02	  9.995000E+03	  1.310566E+00	
  2.968734E+02	  9.872000E+03	  1.294154E+00	
  2.969727E+02	  9.825000E+03	  1.289063E+00	
  2.970721E+02	  9.921000E+03	  1.294965E+00	
  2.971714E+02	  9.715000E+03	  1.285177E+00	
  2.972708E+02	  9.829000E+03	  1.269361E+00	
  2.973701E+02	  9.611000E+03	  1.261434E+00	
  2.974695E+02	  9.478000E+03	  1.259787E+00	
  2.975688E+02	  9.880000E+03	  1.264096E+00	
  2.976682E+02	  9.666000E+03	  1.256214E+00	
  2.977675E+02	  9.737000E+03	  1.255971E+00	
  2.978669E+02	  9.630000E+03	  1.254520E+00	
  2.979663E+02	  9.669000E+03	  1.256414E+00	
  2.980656E+02	  9.599000E+03	  1.266481E+00	
  2.981650E+02	  9.700000E+03	  1.269219E+00	
  2.982643E+02	  9.688000E+03	  1.264253E+00	
  2.983637E+02	  9.592000E+03	  1.275521E+00	
  2.984631E+02	  9.584000E+03	  1.266141E+00	
  2.985624E+02	  9.610000E+03	  1.279149E+00	
  2.986618E+02	  9.630000E+03	  1.269580E+00	
  2.987611E+02	  9.509000E+03	  1.281618E+00	
  2.988605E+02	  9.536000E+03	  1.277443E+00	
  2.989598E+02	  9.610000E+03	  1.270178E+00	
  2.991089E+02	  9.808000E+03	  1.281621E+00	
  2.992083E+02	  9.569000E+03	  1.281304E+00	
  2.993076E+02	  9.626000E+03	  1.286675E+00	
  2.994070E+02	  9.619000E+03	  1.288095E+00	
  2.995063E+02	  9.562000E+03	  1.291961E+00	
  2.996057E+02	  9.871000E+03	  1.298064E+00	
  2.997050E+02	  9.616000E+03	  1.303988E+00	
  2.998044E+02	  9.609000E+03	  1.299915E+00	
  2.999037E+02	  9.765000E+03	  1.299983E+00	
  3.000031E+02	  9.806000E+03	  1.307287E+00	
  3.001024E+02	  9.780000E+03	  1.314660E+00	
  3.001965E+02	  9.787000E+03	  1.321782E+00	
  3.003952E+02	  9.673000E+03	  1.324676E+00	
  3.005939E+02	  9.656000E+03	  1.322948E+00	
  3.007926E+02	  9.789000E+03	  1.323758E+00	
  3.009913E+02	  9.784000E+03	  1.322790E+00	
  3.011900E+02	  9.825000E+03	  1.324833E+00	
  3.013887E+02	  9.859000E+03	  1.331522E+00	
  3.015875E+02	  9.793000E+03	  1.335636E+00	
  3.017862E+02	  9.558000E+03	  1.343091E+00	
  3.019849E+02	  9.871000E+03	  1.349120E+00	
  3.021836E+02	  9.944000E+03	  1.357288E+00	
  3.023823E+02	  9.710000E+03	  1.353264E+00	
  3.025810E+02	  9.721000E+03	  1.347862E+00	
  3.027798E+02	  9.764000E+03	  1.352556E+00	
  3.029785E+02	  9.769000E+03	  1.357710E+00	
  3.031772E+02	  1.000100E+04	  1.357625E+00	
  3.033759E+02	  9.737000E+03	  1.355678E+00	
  3.036243E+02	  9.636000E+03	  1.345934E+00	
  3.038230E+02	  9.663000E+03	  1.341401E+00	
  3.040217E+02	  9.492000E+03	  1.334514E+00	
  3.042204E+02	  9.477000E+03	  1.325605E+00	
  3.044191E+02	  9.224000E+03	  1.315822E+00	
  3.046179E+02	  9.195000E+03	  1.307870E+00	
  3.048166E+02	  9.435000E+03	  1.308538E+00	
  3.050153E+02	  9.098000E+03	  1.286452E+00	
  3.052140E+02	  9.002000E+03	  1.260829E+00	
  3.054127E+02	  8.987000E+03	  1.245584E+00	
  3.056114E+02	  8.790000E+03	  1.234434E+00	
  3.058102E+02	  8.620000E+03	  1.211603E+00	
  3.060089E+02	  8.590000E+03	  1.189659E+00	
  3.062076E+02	  8.353000E+03	  1.182188E+00	
  3.064063E+02	  8.391000E+03	  1.164865E+00	
  3.066050E+02	  8.093000E+03	  1.147767E+00	
  3.068037E+02	  8.145000E+03	  1.136401E+00	
  3.070024E+02	  7.898000E+03	  1.114656E+00	
  3.072011E+02	  7.820000E+03	  1.102385E+00	
  3.073998E+02	  7.943000E+03	  1.098489E+00	
  3.075986E+02	  7.689000E+03	  1.088195E+00	
  3.078470E+02	  7.608000E+03	  1.063310E+00	
  3.080457E+02	  7.386000E+03	  1.050357E+00	
  3.082444E+02	  7.399000E+03	  1.028645E+00	
  3.084431E+02	  7.248000E+03	  1.024122E+00	
  3.086418E+02	  7.301000E+03	  1.014527E+00	
  3.088405E+02	  7.098000E+03	  9.989801E-01	
  3.090392E+02	  6.966000E+03	  9.879144E-01	
  3.092380E+02	  6.884000E+03	  9.797330E-01	
  3.094367E+02	  6.819000E+03	  9.736963E-01	
  3.096354E+02	  7.068000E+03	  9.654901E-01	
  3.098341E+02	  6.680000E+03	  9.524770E-01	
  3.100328E+02	  6.728000E+03	  9.435877E-01	
  3.102315E+02	  6.761000E+03	  9.381341E-01	
  3.104302E+02	  6.619000E+03	  9.270704E-01	
  3.106290E+02	  6.575000E+03	  9.162465E-01	
  3.108277E+02	  6.377000E+03	  9.063379E-01	
  3.110264E+02	  6.568000E+03	  9.001864E-01	
  3.112251E+02	  6.468000E+03	  8.943970E-01	
  3.114238E+02	  6.348000E+03	  8.845304E-01	
  3.116225E+02	  6.230000E+03	  8.760874E-01	
  3.118213E+02	  6.167000E+03	  8.709556E-01	
  3.120200E+02	  6.114000E+03	  8.675905E-01	
  3.122683E+02	  6.101000E+03	  8.625571E-01	
  3.124671E+02	  6.115000E+03	  8.601716E-01	
  3.126658E+02	  5.977000E+03	  8.464071E-01	
  3.128645E+02	  6.182000E+03	  8.420740E-01	
  3.130632E+02	  5.998000E+03	  8.405028E-01	
  3.132619E+02	  5.826000E+03	  8.370075E-01	
  3.134606E+02	  5.962000E+03	  8.278511E-01	
  3.136594E+02	  5.792000E+03	  8.177064E-01	
  3.138581E+02	  5.760000E+03	  8.222075E-01	
  3.140568E+02	  5.793000E+03	  8.259375E-01	
  3.142555E+02	  5.809000E+03	  8.200616E-01	
  3.144542E+02	  5.748000E+03	  8.126928E-01	
  3.146529E+02	  5.710000E+03	  8.055300E-01	
  3.148517E+02	  5.682000E+03	  8.052868E-01	
  3.150504E+02	  5.661000E+03	  8.024155E-01	
  3.152491E+02	  5.570000E+03	  8.056301E-01	
  3.154478E+02	  5.669000E+03	  8.057201E-01	
  3.156465E+02	  5.533000E+03	  8.016450E-01	
  3.158452E+02	  5.501000E+03	  8.026652E-01	
  3.160439E+02	  5.465000E+03	  7.961042E-01	
  3.162426E+02	  5.473000E+03	  7.922823E-01	
  3.164910E+02	  5.485000E+03	  7.849879E-01	
  3.166898E+02	  5.525000E+03	  7.893310E-01	
  3.168885E+02	  5.473000E+03	  7.960742E-01	
  3.170872E+02	  5.493000E+03	  7.904049E-01	
  3.172859E+02	  5.407000E+03	  7.896629E-01	
  3.174846E+02	  5.316000E+03	  7.832897E-01	
  3.176833E+02	  5.423000E+03	  7.844437E-01	
  3.178820E+02	  5.320000E+03	  7.819834E-01	
  3.180807E+02	  5.330000E+03	  7.781274E-01	
  3.182794E+02	  5.269000E+03	  7.812590E-01	
  3.184782E+02	  5.390000E+03	  7.853788E-01	
  3.186769E+02	  5.409000E+03	  7.898790E-01	
  3.188756E+02	  5.451000E+03	  7.926644E-01	
  3.190743E+02	  5.404000E+03	  7.865425E-01	
  3.192730E+02	  5.252000E+03	  7.840779E-01	
  3.194717E+02	  5.279000E+03	  7.818945E-01	
  3.196705E+02	  5.260000E+03	  7.711255E-01	
  3.198692E+02	  5.329000E+03	  7.740859E-01	
  3.200679E+02	  5.302000E+03	  7.753527E-01	
  3.201803E+02	  5.248000E+03	  7.754599E-01	
  3.204286E+02	  5.223000E+03	  7.717263E-01	
  3.206771E+02	  5.237000E+03	  7.680636E-01	
  3.209254E+02	  5.254000E+03	  7.767878E-01	
  3.211738E+02	  5.114000E+03	  7.640311E-01	
  3.214222E+02	  5.129000E+03	  7.698700E-01	
  3.216706E+02	  5.158000E+03	  7.676916E-01	
  3.219190E+02	  5.109000E+03	  7.720546E-01	
  3.221674E+02	  5.291000E+03	  7.681701E-01	
  3.224158E+02	  5.252000E+03	  7.705906E-01	
  3.226642E+02	  5.160000E+03	  7.664597E-01	
  3.229126E+02	  5.005000E+03	  7.648330E-01	
  3.231610E+02	  5.108000E+03	  7.615688E-01	
  3.234094E+02	  5.087000E+03	  7.592688E-01	
  3.236578E+02	  4.977000E+03	  7.634042E-01	
  3.239062E+02	  5.015000E+03	  7.695404E-01	
  3.241545E+02	  5.210000E+03	  7.685741E-01	
  3.244030E+02	  5.089000E+03	  7.619417E-01	
  3.246513E+02	  5.079000E+03	  7.633457E-01	
  3.248997E+02	  4.964000E+03	  7.635107E-01	
  3.251481E+02	  4.995000E+03	  7.610989E-01	
  3.253965E+02	  4.914000E+03	  7.684051E-01	
  3.256449E+02	  5.036000E+03	  7.729503E-01	
  3.258933E+02	  4.894000E+03	  7.581909E-01	
  3.261417E+02	  4.853000E+03	  7.630814E-01	
  3.263901E+02	  4.949000E+03	  7.685654E-01	
  3.266385E+02	  4.945000E+03	  7.679937E-01	
  3.268869E+02	  4.946000E+03	  7.694651E-01	
  3.271353E+02	  4.931000E+03	  7.632468E-01	
  3.273837E+02	  4.897000E+03	  7.634279E-01	
  3.276320E+02	  5.018000E+03	  7.632602E-01	
  3.278804E+02	  4.905000E+03	  7.611177E-01	
  3.281288E+02	  4.867000E+03	  7.540121E-01	
  3.283772E+02	  4.772000E+03	  7.591668E-01	
  3.286256E+02	  4.759000E+03	  7.568389E-01	
  3.288740E+02	  4.764000E+03	  7.577079E-01	
  3.291224E+02	  4.723000E+03	  7.562082E-01	
  3.293708E+02	  4.688000E+03	  7.473191E-01	
  3.296192E+02	  4.855000E+03	  7.510121E-01	
  3.298676E+02	  4.783000E+03	  7.543741E-01	
  3.301160E+02	  4.746000E+03	  7.525638E-01	
  3.303644E+02	  4.641000E+03	  7.472598E-01	
  3.306128E+02	  4.669000E+03	  7.445517E-01	
  3.308611E+02	  4.710000E+03	  7.401320E-01	
  3.311096E+02	  4.623000E+03	  7.436361E-01	
  3.313579E+02	  4.654000E+03	  7.500076E-01	
  3.316063E+02	  4.619000E+03	  7.427834E-01	
  3.318547E+02	  4.443000E+03	  7.352481E-01	
  3.321031E+02	  4.562000E+03	  7.352647E-01	
  3.323515E+02	  4.562000E+03	  7.370008E-01	
  3.325999E+02	  4.456000E+03	  7.275155E-01	
  3.328483E+02	  4.355000E+03	  7.244860E-01	
  3.330967E+02	  4.400000E+03	  7.215587E-01	
  3.333451E+02	  4.471000E+03	  7.241895E-01	
  3.335935E+02	  4.457000E+03	  7.219136E-01	
  3.338419E+02	  4.286000E+03	  7.121488E-01	
  3.340903E+02	  4.369000E+03	  7.096454E-01	
  3.343387E+02	  4.274000E+03	  7.159474E-01	
  3.346367E+02	  4.294000E+03	  7.115570E-01	
  3.348851E+02	  4.319000E+03	  7.058834E-01	
  3.351335E+02	  4.296000E+03	  7.012469E-01	
  3.353819E+02	  4.184000E+03	  6.974946E-01	
  3.356303E+02	  4.295000E+03	  6.978629E-01	
  3.358787E+02	  4.250000E+03	  6.933343E-01	
  3.361271E+02	  4.255000E+03	  6.913241E-01	
  3.363755E+02	  4.218000E+03	  6.906550E-01	
  3.366239E+02	  4.102000E+03	  6.882334E-01	
  3.368723E+02	  4.030000E+03	  6.855320E-01	
  3.371207E+02	  4.135000E+03	  6.831704E-01	
  3.373690E+02	  4.141000E+03	  6.755710E-01	
  3.376174E+02	  4.105000E+03	  6.705573E-01	
  3.378658E+02	  4.000000E+03	  6.666783E-01	
  3.381142E+02	  3.908000E+03	  6.719752E-01	
  3.383626E+02	  4.012000E+03	  6.720256E-01	
  3.386110E+02	  4.001000E+03	  6.664479E-01	
  3.388594E+02	  4.125000E+03	  6.705826E-01	
  3.391078E+02	  3.994000E+03	  6.661536E-01	
  3.393562E+02	  3.997000E+03	  6.641710E-01	
  3.396046E+02	  4.037000E+03	  6.708479E-01	
  3.398530E+02	  3.927000E+03	  6.642414E-01	
  3.400345E+02	  3.846598E+03	  6.606643E-01	