*********************  Core Excitation Data  ********************
****************  A.P. Hitchcock & D.C. Mancini  ****************
*
* Formula: m-NO2C6H4NH2
* Name: meta nitroaniline
* Edge: O 1s
* Alpha Formula: C6H6N2O2
* Data Source: Hitchcock
* Filename:  nk-0ookk.os
* Ref. Code: TUH96
* Write Date: 08/05/98
* Reference: Can. J. Chem. 74 (1996) 851.
* Source and Purity: scavenged from chem fume hoods
* Acquisition Mode: EELS, 2 deg, 2500eV CRE mode, 0.7eV fwhm
*--------------------------------------------------------------
* No. of Spectra: 2	name1- 0nko	name2- 0nko.os
*   E (eV)        Raw data             Osc. Str. per atom (E-2)
*--------------------------------------------------------------

  5.196221E+02	  7.086800E+04	  1.273207E-02	
  5.198163E+02	  7.088100E+04	  1.966672E-02	
  5.200220E+02	  7.077500E+04	  1.217085E-02	
  5.202164E+02	  7.052800E+04	  6.472718E-03	
  5.204221E+02	  7.035900E+04	 -6.159551E-03	
  5.206163E+02	  7.051400E+04	  6.356569E-03	
  5.208221E+02	  7.010000E+04	 -2.989989E-02	
  5.210164E+02	  7.031900E+04	 -1.224288E-02	
  5.212220E+02	  7.014700E+04	 -1.308592E-02	
  5.214163E+02	  7.041700E+04	  2.162425E-02	
  5.216221E+02	  7.029000E+04	  1.782078E-05	
  5.218163E+02	  7.047100E+04	  1.309854E-02	
  5.220220E+02	  6.986000E+04	 -2.970654E-02	
  5.222164E+02	  6.994500E+04	 -2.311029E-03	
  5.224221E+02	  7.012800E+04	  7.737123E-03	
  5.226163E+02	  7.014900E+04	  1.179801E-02	
  5.228221E+02	  7.014800E+04	  4.766003E-03	
  5.230164E+02	  7.014900E+04	  1.779459E-02	
  5.232220E+02	  6.996600E+04	  1.927566E-02	
  5.234163E+02	  6.995800E+04	  1.429029E-02	
  5.236221E+02	  6.970900E+04	 -8.755988E-03	
  5.238163E+02	  6.939300E+04	 -2.587540E-02	
  5.240220E+02	  6.935600E+04	 -3.302697E-02	
  5.242164E+02	  6.969000E+04	  5.869273E-03	
  5.244221E+02	  6.953100E+04	 -1.314557E-02	
  5.246163E+02	  7.000300E+04	  3.169321E-02	
  5.248221E+02	  7.001000E+04	  3.525127E-02	
  5.250164E+02	  6.994800E+04	  3.361099E-02	
  5.252220E+02	  6.963900E+04	  1.702587E-02	
  5.254163E+02	  6.930700E+04	 -1.079649E-02	
  5.256221E+02	  6.896400E+04	 -3.910369E-02	
  5.258163E+02	  6.920900E+04	 -1.888003E-02	
  5.260220E+02	  6.955500E+04	  1.962958E-02	
  5.262164E+02	  6.935200E+04	  6.748071E-03	
  5.264221E+02	  6.905100E+04	 -2.102252E-02	
  5.266163E+02	  6.916800E+04	 -1.374147E-03	
  5.268221E+02	  6.949300E+04	  3.549554E-02	
  5.270164E+02	  6.916000E+04	  6.450343E-03	
  5.272220E+02	  6.901700E+04	 -2.805473E-03	
  5.274163E+02	  6.909700E+04	  7.349064E-03	
  5.276221E+02	  6.880500E+04	 -1.159738E-02	
  5.278163E+02	  6.914800E+04	  1.988543E-02	
  5.280220E+02	  6.907000E+04	  1.886750E-02	
  5.282164E+02	  6.894500E+04	  1.789278E-02	
  5.284221E+02	  6.904500E+04	  2.807265E-02	
  5.286163E+02	  6.853300E+04	 -2.177111E-02	
  5.288221E+02	  6.847900E+04	 -2.511590E-02	
  5.290164E+02	  6.833300E+04	 -2.910392E-02	
  5.292220E+02	  6.908700E+04	  4.468067E-02	
  5.294163E+02	  6.934900E+04	  7.149088E-02	
  5.296221E+02	  6.959400E+04	  1.092066E-01	
  5.298163E+02	  7.054800E+04	  2.177115E-01	
  5.300220E+02	  7.279000E+04	  4.510064E-01	
  5.302164E+02	  7.614000E+04	  7.998326E-01	
  5.304221E+02	  8.115700E+04	  1.316036E+00	
  5.305215E+02	  8.489100E+04	  1.681583E+00	
  5.306130E+02	  8.601000E+04	  1.806334E+00	
  5.307159E+02	  8.734700E+04	  1.935573E+00	
  5.308187E+02	  8.795200E+04	  2.015993E+00	
  5.309216E+02	  8.790200E+04	  2.007146E+00	
  5.310130E+02	  8.686900E+04	  1.902847E+00	
  5.311158E+02	  8.616400E+04	  1.827544E+00	
  5.312187E+02	  8.439000E+04	  1.638745E+00	
  5.313216E+02	  8.191400E+04	  1.404530E+00	
  5.314130E+02	  7.987900E+04	  1.203586E+00	
  5.315159E+02	  7.841400E+04	  1.040463E+00	
  5.316187E+02	  7.637400E+04	  8.363720E-01	
  5.317216E+02	  7.467800E+04	  6.868624E-01	
  5.318130E+02	  7.413100E+04	  6.009830E-01	
  5.319158E+02	  7.263100E+04	  4.614437E-01	
  5.320187E+02	  7.132600E+04	  3.540267E-01	
  5.321216E+02	  7.063400E+04	  2.615589E-01	
  5.322130E+02	  7.017300E+04	  2.197002E-01	
  5.323159E+02	  6.949000E+04	  1.641455E-01	
  5.324187E+02	  6.871600E+04	  7.945776E-02	
  5.325215E+02	  6.896400E+04	  1.084026E-01	
  5.326130E+02	  6.874000E+04	  8.419721E-02	
  5.327159E+02	  6.866600E+04	  8.372485E-02	
  5.328187E+02	  6.840300E+04	  6.048657E-02	
  5.329216E+02	  6.828100E+04	  4.030317E-02	
  5.330130E+02	  6.837000E+04	  6.136772E-02	
  5.331158E+02	  6.812800E+04	  3.084769E-02	
  5.332187E+02	  6.885100E+04	  9.744880E-02	
  5.333216E+02	  6.859800E+04	  8.682583E-02	
  5.334130E+02	  6.807800E+04	  3.320896E-02	
  5.335159E+02	  6.794400E+04	  4.177066E-02	
  5.336187E+02	  6.781400E+04	  1.361865E-02	
  5.337216E+02	  6.826400E+04	  7.509565E-02	
  5.338130E+02	  6.792500E+04	  4.325424E-02	
  5.339158E+02	  6.865400E+04	  9.240007E-02	
  5.340187E+02	  6.847900E+04	  8.854029E-02	
  5.341216E+02	  6.825700E+04	  8.910517E-02	
  5.342130E+02	  6.825500E+04	  8.657619E-02	
  5.343159E+02	  6.840800E+04	  9.247084E-02	
  5.344187E+02	  6.859000E+04	  1.056033E-01	
  5.345215E+02	  6.836800E+04	  8.727773E-02	
  5.346130E+02	  6.867500E+04	  1.091721E-01	
  5.347159E+02	  6.827600E+04	  7.450289E-02	
  5.348187E+02	  6.846100E+04	  9.473016E-02	
  5.349216E+02	  6.861300E+04	  1.245717E-01	
  5.350130E+02	  6.856900E+04	  1.239376E-01	
  5.351158E+02	  6.901700E+04	  1.603110E-01	
  5.352187E+02	  6.928100E+04	  1.967939E-01	
  5.353216E+02	  6.885300E+04	  1.518168E-01	
  5.354130E+02	  6.856500E+04	  1.559757E-01	
  5.355159E+02	  6.947300E+04	  2.384623E-01	
  5.356187E+02	  6.983400E+04	  2.727000E-01	
  5.357216E+02	  6.939800E+04	  2.264563E-01	
  5.358130E+02	  6.991800E+04	  2.757859E-01	
  5.359158E+02	  7.026000E+04	  3.147136E-01	
  5.360187E+02	  7.053400E+04	  3.440627E-01	
  5.361216E+02	  6.999800E+04	  3.003017E-01	
  5.362130E+02	  7.033300E+04	  3.316909E-01	
  5.363159E+02	  7.025800E+04	  3.294447E-01	
  5.364187E+02	  7.106500E+04	  4.098961E-01	
  5.365215E+02	  7.075600E+04	  4.014214E-01	
  5.366130E+02	  7.170200E+04	  4.857837E-01	
  5.367159E+02	  7.163800E+04	  4.811751E-01	
  5.368187E+02	  7.178200E+04	  4.908297E-01	
  5.369216E+02	  7.207700E+04	  5.379375E-01	
  5.370130E+02	  7.240700E+04	  5.750311E-01	
  5.371158E+02	  7.287200E+04	  6.046576E-01	
  5.372187E+02	  7.275300E+04	  6.042746E-01	
  5.373216E+02	  7.359100E+04	  6.951022E-01	
  5.374130E+02	  7.323500E+04	  6.834276E-01	
  5.375159E+02	  7.350100E+04	  6.888474E-01	
  5.376187E+02	  7.401300E+04	  7.284855E-01	
  5.377216E+02	  7.387100E+04	  7.235115E-01	
  5.378130E+02	  7.385200E+04	  7.349734E-01	
  5.379158E+02	  7.366300E+04	  7.213839E-01	
  5.380187E+02	  7.399500E+04	  7.629418E-01	
  5.381216E+02	  7.410900E+04	  7.792781E-01	
  5.382130E+02	  7.463600E+04	  8.145012E-01	
  5.383159E+02	  7.395000E+04	  7.474914E-01	
  5.384187E+02	  7.429400E+04	  7.896334E-01	
  5.385215E+02	  7.449300E+04	  8.105796E-01	
  5.386130E+02	  7.483300E+04	  8.578851E-01	
  5.387159E+02	  7.417500E+04	  7.979192E-01	
  5.388187E+02	  7.385100E+04	  7.699367E-01	
  5.389216E+02	  7.411000E+04	  8.032761E-01	
  5.390130E+02	  7.459800E+04	  8.477159E-01	
  5.391158E+02	  7.427100E+04	  8.178617E-01	
  5.392187E+02	  7.469900E+04	  8.466424E-01	
  5.393216E+02	  7.429500E+04	  8.085629E-01	
  5.394130E+02	  7.410400E+04	  7.991662E-01	
  5.395159E+02	  7.443800E+04	  8.191491E-01	
  5.396187E+02	  7.440700E+04	  8.389587E-01	
  5.397216E+02	  7.434600E+04	  8.377013E-01	
  5.398130E+02	  7.443000E+04	  8.510750E-01	
  5.399158E+02	  7.501200E+04	  9.103922E-01	
  5.400187E+02	  7.471500E+04	  8.704333E-01	
  5.401216E+02	  7.505300E+04	  9.171134E-01	
  5.402130E+02	  7.472200E+04	  8.891280E-01	
  5.403159E+02	  7.539300E+04	  9.453617E-01	
  5.404187E+02	  7.528300E+04	  9.408782E-01	
  5.406182E+02	  7.530700E+04	  9.599346E-01	
  5.408125E+02	  7.569200E+04	  9.897237E-01	
  5.410182E+02	  7.539900E+04	  9.731458E-01	
  5.412125E+02	  7.584300E+04	  1.018841E+00	
  5.414182E+02	  7.517600E+04	  9.587709E-01	
  5.416125E+02	  7.521400E+04	  9.677649E-01	
  5.418182E+02	  7.473200E+04	  9.354123E-01	
  5.420125E+02	  7.485200E+04	  9.350682E-01	
  5.422182E+02	  7.446600E+04	  9.057981E-01	
  5.424125E+02	  7.483400E+04	  9.341103E-01	
  5.426182E+02	  7.423900E+04	  8.849133E-01	
  5.428125E+02	  7.416900E+04	  8.752896E-01	
  5.430182E+02	  7.352700E+04	  8.161595E-01	
  5.432125E+02	  7.338800E+04	  8.106391E-01	
  5.434182E+02	  7.328100E+04	  8.032085E-01	
  5.436125E+02	  7.338300E+04	  8.148592E-01	
  5.438182E+02	  7.304300E+04	  7.867668E-01	
  5.440125E+02	  7.256900E+04	  7.427505E-01	
  5.442182E+02	  7.247300E+04	  7.371979E-01	
  5.444125E+02	  7.268600E+04	  7.559553E-01	
  5.446182E+02	  7.263100E+04	  7.605464E-01	
  5.448125E+02	  7.242000E+04	  7.517375E-01	
  5.450182E+02	  7.283300E+04	  7.864904E-01	
  5.452125E+02	  7.146600E+04	  6.638388E-01	
  5.454182E+02	  7.178900E+04	  6.927221E-01	
  5.456125E+02	  7.193000E+04	  7.033936E-01	
  5.458182E+02	  7.208000E+04	  7.302143E-01	
  5.460125E+02	  7.169500E+04	  6.858751E-01	
  5.462182E+02	  7.133900E+04	  6.449515E-01	
  5.464125E+02	  7.149300E+04	  6.811587E-01	
  5.466182E+02	  7.103400E+04	  6.424105E-01	
  5.468125E+02	  7.031500E+04	  5.738398E-01	
  5.470182E+02	  7.023100E+04	  5.720598E-01	
  5.472125E+02	  7.005600E+04	  5.474956E-01	
  5.474182E+02	  7.008300E+04	  5.596584E-01	
  5.476125E+02	  7.037400E+04	  5.825118E-01	
  5.478182E+02	  6.991500E+04	  5.401614E-01	
  5.480125E+02	  6.962200E+04	  5.277356E-01	
  5.482182E+02	  7.009400E+04	  5.710475E-01	
  5.484125E+02	  6.967900E+04	  5.373278E-01	
  5.486182E+02	  6.972700E+04	  5.594258E-01	
  5.488125E+02	  6.981000E+04	  5.648478E-01	
  5.490182E+02	  6.967800E+04	  5.440260E-01	
  5.492125E+02	  6.938600E+04	  5.234224E-01	
  5.494182E+02	  6.964300E+04	  5.420249E-01	
  5.496125E+02	  6.956200E+04	  5.518791E-01	
  5.498182E+02	  6.932100E+04	  5.349395E-01	
  5.500125E+02	  6.949800E+04	  5.543138E-01	
  5.502182E+02	  6.929700E+04	  5.448136E-01	
  5.504125E+02	  6.935600E+04	  5.551345E-01	
  5.506139E+02	  6.907000E+04	  5.305049E-01	
  5.508653E+02	  6.934400E+04	  5.484248E-01	
  5.511168E+02	  6.916400E+04	  5.423623E-01	
  5.513682E+02	  6.929900E+04	  5.622464E-01	
  5.516196E+02	  6.909500E+04	  5.464796E-01	
  5.518710E+02	  6.882200E+04	  5.079529E-01	
  5.521224E+02	  6.840700E+04	  4.714770E-01	
  5.523739E+02	  6.797900E+04	  4.425973E-01	
  5.526253E+02	  6.863500E+04	  5.057760E-01	
  5.528768E+02	  6.774200E+04	  4.283305E-01	
  5.531282E+02	  6.860700E+04	  5.065663E-01	
  5.533796E+02	  6.847300E+04	  5.095066E-01	
  5.536310E+02	  6.792500E+04	  4.774262E-01	
  5.538710E+02	  6.881300E+04	  5.610767E-01	
  5.541224E+02	  6.831600E+04	  5.187972E-01	
  5.543739E+02	  6.802800E+04	  4.927374E-01	
  5.546253E+02	  6.801700E+04	  4.909252E-01	
  5.548768E+02	  6.768500E+04	  4.620666E-01	
  5.551282E+02	  6.788300E+04	  4.927852E-01	
  5.553796E+02	  6.813100E+04	  5.155026E-01	
  5.556310E+02	  6.801700E+04	  5.162261E-01	
  5.558824E+02	  6.735900E+04	  4.600292E-01	
  5.561339E+02	  6.728800E+04	  4.471545E-01	
  5.563853E+02	  6.748800E+04	  4.676075E-01	
  5.566367E+02	  6.744500E+04	  4.714276E-01	
  5.568882E+02	  6.733800E+04	  4.779387E-01	
  5.571282E+02	  6.750300E+04	  4.936004E-01	
  5.573796E+02	  6.693100E+04	  4.265413E-01	
  5.576310E+02	  6.719000E+04	  4.645802E-01	
  5.578824E+02	  6.677600E+04	  4.386391E-01	
  5.581339E+02	  6.708800E+04	  4.660330E-01	
  5.583853E+02	  6.747300E+04	  5.039364E-01	
  5.586367E+02	  6.691700E+04	  4.649365E-01	
  5.588882E+02	  6.642300E+04	  4.181520E-01	
  5.591396E+02	  6.675300E+04	  4.743372E-01	
  5.593911E+02	  6.686000E+04	  4.782135E-01	
  5.596425E+02	  6.629600E+04	  4.215689E-01	
  5.598939E+02	  6.599900E+04	  4.000317E-01	
  5.601453E+02	  6.709000E+04	  5.184566E-01	
  5.603967E+02	  6.600800E+04	  4.217781E-01	
  5.606367E+02	  6.634000E+04	  4.360026E-01	
  5.608882E+02	  6.633700E+04	  4.516124E-01	
  5.611396E+02	  6.647700E+04	  4.632455E-01	
  5.613911E+02	  6.635600E+04	  4.705279E-01	
  5.616425E+02	  6.637800E+04	  4.662659E-01	
  5.618939E+02	  6.595300E+04	  4.183390E-01	
  5.621453E+02	  6.608900E+04	  4.496387E-01	
  5.623967E+02	  6.589300E+04	  4.403710E-01	
  5.626482E+02	  6.557000E+04	  4.047401E-01	
  5.628996E+02	  6.542900E+04	  4.005149E-01	
  5.631510E+02	  6.627600E+04	  4.845867E-01	
  5.634025E+02	  6.573000E+04	  4.446476E-01	
  5.636539E+02	  6.612200E+04	  4.885044E-01	
  5.639053E+02	  6.588500E+04	  4.530976E-01	
  5.641453E+02	  6.563700E+04	  4.345985E-01	
  5.643967E+02	  6.547800E+04	  4.196961E-01	
  5.646482E+02	  6.591300E+04	  4.717325E-01	
  5.648996E+02	  6.536000E+04	  4.200444E-01	
  5.651510E+02	  6.569200E+04	  4.636179E-01	
  5.654025E+02	  6.586500E+04	  4.864104E-01	
  5.656539E+02	  6.494000E+04	  4.069277E-01	
  5.659053E+02	  6.522900E+04	  4.426806E-01	
  5.661567E+02	  6.501800E+04	  4.161485E-01	
  5.664081E+02	  6.511400E+04	  4.415515E-01	
  5.666596E+02	  6.482900E+04	  4.125132E-01	
  5.669110E+02	  6.546300E+04	  4.734350E-01	
  5.671625E+02	  6.497600E+04	  4.344897E-01	
  5.674139E+02	  6.529800E+04	  4.641359E-01	
  5.676539E+02	  6.525200E+04	  4.801316E-01	
  5.679053E+02	  6.501700E+04	  4.575854E-01	
  5.681567E+02	  6.493400E+04	  4.542170E-01	
  5.684081E+02	  6.454100E+04	  4.228815E-01	
  5.686596E+02	  6.464500E+04	  4.286005E-01	
  5.689110E+02	  6.431600E+04	  3.917769E-01	
  5.691625E+02	  6.442400E+04	  4.047050E-01	
  5.694139E+02	  6.464900E+04	  4.402576E-01	
  5.696653E+02	  6.424500E+04	  4.067366E-01	
  5.699167E+02	  6.418200E+04	  4.141508E-01	
  5.701682E+02	  6.494200E+04	  4.822801E-01	
  5.704196E+02	  6.450200E+04	  4.486034E-01	
  5.706710E+02	  6.415500E+04	  4.364522E-01	
  5.709225E+02	  6.429700E+04	  4.397755E-01	
  5.711625E+02	  6.436600E+04	  4.554554E-01	
  5.714139E+02	  6.412000E+04	  4.549274E-01	