   510.00       0.000000       0.000000       0.000000       0.000000
   510.06       0.000000       0.000000       0.000000       0.000000
   510.11       0.000000       0.000000       0.000000       0.000000
   510.17       0.000000       0.000000       0.000000       0.000000
   510.22       0.000000       0.000000       0.000000       0.000000
   510.28       0.000000       0.000000       0.000000       0.000000
   510.34       0.000000       0.000000       0.000000       0.000000
   510.39       0.000000       0.000000       0.000000       0.000000
   510.45       0.000000       0.000000       0.000000       0.000000
   510.51       0.000000       0.000000       0.000000       0.000000
   510.56       0.000000       0.000000       0.000000       0.000000
   510.62       0.000000       0.000000       0.000000       0.000000
   510.67       0.000000       0.000000       0.000000       0.000000
   510.73       0.000000       0.000000       0.000000       0.000000
   510.79       0.000000       0.000000       0.000000       0.000000
   510.84       0.000000       0.000000       0.000000       0.000000
   510.90       0.000000       0.000000       0.000000       0.000000
   510.95       0.000000       0.000000       0.000000       0.000000
   511.01       0.000000       0.000000       0.000000       0.000000
   511.07       0.000000       0.000000       0.000000       0.000000
   511.12       0.000000       0.000000       0.000000       0.000000
   511.18       0.000000       0.000000       0.000000       0.000000
   511.23       0.000000       0.000000       0.000000       0.000000
   511.29       0.000000       0.000000       0.000000       0.000000
   511.35       0.000000       0.000000       0.000000       0.000000
   511.40       0.000000       0.000000       0.000000       0.000000
   511.46       0.000000       0.000000       0.000000       0.000000
   511.52       0.000000       0.000000       0.000000       0.000000
   511.57       0.000000       0.000000       0.000000       0.000000
   511.63       0.000000       0.000000       0.000000       0.000000
   511.68       0.000000       0.000000       0.000000       0.000000
   511.74       0.000000       0.000000       0.000000       0.000000
   511.80       0.000000       0.000000       0.000000       0.000000
   511.85       0.000000       0.000000       0.000000       0.000000
   511.91       0.000000       0.000000       0.000000       0.000000
   511.96       0.000000       0.000000       0.000000       0.000000
   512.02       0.000000       0.000000       0.000000       0.000000
   512.08       0.000000       0.000000       0.000000       0.000000
   512.13       0.000000       0.000000       0.000000       0.000000
   512.19       0.000000       0.000000       0.000000       0.000000
   512.24       0.000000       0.000000       0.000000       0.000000
   512.30       0.000000       0.000000       0.000000       0.000000
   512.36       0.000000       0.000000       0.000000       0.000000
   512.41       0.000000       0.000000       0.000000       0.000000
   512.47       0.000000       0.000000       0.000000       0.000000
   512.53       0.000000       0.000000       0.000000       0.000000
   512.58       0.000000       0.000000       0.000000       0.000000
   512.64       0.000000       0.000000       0.000000       0.000000
   512.69       0.000000       0.000000       0.000000       0.000000
   512.75       0.000000       0.000000       0.000000       0.000000
   512.81       0.000000       0.000000       0.000000       0.000000
   512.86       0.000000       0.000000       0.000000       0.000000
   512.92       0.000000       0.000000       0.000000       0.000000
   512.97       0.000000       0.000000       0.000000       0.000000
   513.03       0.000000       0.000000       0.000000       0.000000
   513.09       0.000000       0.000000       0.000000       0.000000
   513.14       0.000000       0.000000       0.000000       0.000000
   513.20       0.000000       0.000000       0.000000       0.000000
   513.25       0.000000       0.000000       0.000000       0.000000
   513.31       0.000000       0.000000       0.000000       0.000000
   513.37       0.000000       0.000000       0.000000       0.000000
   513.42       0.000000       0.000000       0.000000       0.000000
   513.48       0.000000       0.000000       0.000000       0.000000
   513.54       0.000000       0.000000       0.000000       0.000000
   513.59       0.000000       0.000000       0.000000       0.000000
   513.65       0.000000       0.000000       0.000000       0.000000
   513.70       0.000000       0.000000       0.000000       0.000000
   513.76       0.000000       0.000000       0.000000       0.000000
   513.82       0.000000       0.000000       0.000000       0.000000
   513.87       0.000000       0.000000       0.000000       0.000000
   513.93       0.000000       0.000000       0.000000       0.000000
   513.98       0.000000       0.000000       0.000000       0.000000
   514.04       0.000000       0.000000       0.000000       0.000000
   514.10       0.000000       0.000000       0.000000       0.000000
   514.15       0.000000       0.000000       0.000000       0.000000
   514.21       0.000000       0.000000       0.000000       0.000000
   514.26       0.000000       0.000000       0.000000       0.000000
   514.32       0.000000       0.000000       0.000000       0.000000
   514.38       0.000000       0.000000       0.000000       0.000000
   514.43       0.000000       0.000000       0.000000       0.000000
   514.49       0.000000       0.000000       0.000000       0.000000
   514.55       0.000000       0.000000       0.000000       0.000000
   514.60       0.000000       0.000000       0.000000       0.000000
   514.66       0.000000       0.000000       0.000000       0.000000
   514.71       0.000000       0.000000       0.000000       0.000000
   514.77       0.000000       0.000000       0.000000       0.000000
   514.83       0.000000       0.000000       0.000000       0.000000
   514.88       0.000000       0.000000       0.000000       0.000000
   514.94       0.000000       0.000000       0.000000       0.000000
   514.99       0.000000       0.000000       0.000000       0.000000
   515.05       0.000000       0.000000       0.000000       0.000000
   515.11       0.000000       0.000000       0.000000       0.000000
   515.16       0.000000       0.000000       0.000000       0.000000
   515.22       0.000000       0.000000       0.000000       0.000000
   515.27       0.000000       0.000000       0.000000       0.000000
   515.33       0.000000       0.000000       0.000000       0.000000
   515.39       0.000000       0.000000       0.000000       0.000000
   515.44       0.000000       0.000000       0.000000       0.000000
   515.50       0.000000       0.000000       0.000000       0.000000
   515.56       0.000440       0.000000       0.000000       0.000440
   515.61       0.001435       0.000000       0.000000       0.001435
   515.67       0.004460       0.000000       0.000000       0.004460
   515.72       0.013205       0.000000       0.000000       0.013205
   515.78       0.037245       0.000000       0.000000       0.037245
   515.84       0.100080       0.000000       0.000000       0.100080
   515.89       0.256190       0.000000       0.000000       0.256190
   515.95       0.624764       0.000000       0.000000       0.624764
   516.00       1.451467       0.000001       0.000000       1.451466
   516.06       3.212445       0.000001       0.000000       3.212444
   516.12       6.773321       0.000002       0.000000       6.773319
   516.17      13.605204       0.000005       0.000001      13.605199
   516.23      26.034296       0.000009       0.000001      26.034286
   516.28      47.459592       0.000017       0.000002      47.459573
   516.34      82.421316       0.000029       0.000003      82.421284
   516.40     136.361724       0.000048       0.000005     136.361671
   516.45     214.922959       0.000075       0.000008     214.922875
   516.51     322.708590       0.000113       0.000013     322.708464
   516.57     461.610445       0.000162       0.000018     461.610265
   516.62     629.039789       0.000221       0.000025     629.039544
   516.68     816.616207       0.000287       0.000032     816.615888
   516.73    1009.939273       0.000355       0.000039    1009.938879
   516.79    1189.898492       0.000418       0.000046    1189.898028
   516.85    1335.555547       0.000469       0.000052    1335.555026
   516.90    1428.076211       0.000502       0.000056    1428.075654
   516.96    1454.715955       0.000511       0.000057    1454.715387
   517.01    1411.699975       0.000496       0.000055    1411.699424
   517.07    1305.100632       0.000458       0.000051    1305.100123
   517.13    1149.431199       0.000404       0.000045    1149.430750
   517.18     964.404770       0.000339       0.000038     964.404393
   517.24     770.855732       0.000271       0.000030     770.855431
   517.29     586.981280       0.000206       0.000023     586.981051
   517.35     425.806987       0.000150       0.000017     425.806820
   517.41     294.265063       0.000103       0.000011     294.264948
   517.46     193.732290       0.000068       0.000008     193.732214
   517.52     121.507394       0.000043       0.000005     121.507347
   517.58      72.600697       0.000025       0.000003      72.600669
   517.63      41.325324       0.000015       0.000002      41.325307
   517.69      22.409343       0.000008       0.000001      22.409334
   517.74      11.576556       0.000004       0.000000      11.576551
   517.80       5.697273       0.000002       0.000000       5.697270
   517.86       2.671112       0.000001       0.000000       2.671111
   517.91       1.193038       0.000000       0.000000       1.193038
   517.97       0.507638       0.000000       0.000000       0.507638
   518.02       0.205774       0.000000       0.000000       0.205774
   518.08       0.079463       0.000000       0.000000       0.079463
   518.14       0.029233       0.000000       0.000000       0.029233
   518.19       0.010245       0.000000       0.000000       0.010245
   518.25       0.003421       0.000000       0.000000       0.003421
   518.30       0.001089       0.000000       0.000000       0.001089
   518.36       0.000332       0.000000       0.000000       0.000332
   518.42       0.000006       0.000000       0.000000       0.000006
   518.47       0.000019       0.000000       0.000000       0.000019
   518.53       0.000053       0.000000       0.000000       0.000053
   518.59       0.000144       0.000000       0.000000       0.000144
   518.64       0.000370       0.000000       0.000000       0.000370
   518.70       0.000905       0.000000       0.000000       0.000905
   518.75       0.002111       0.000000       0.000000       0.002111
   518.81       0.004691       0.000000       0.000000       0.004691
   518.87       0.009929       0.000000       0.000000       0.009929
   518.92       0.020022       0.000000       0.000000       0.020022
   518.98       0.038465       0.000000       0.000000       0.038465
   519.03       0.070395       0.000000       0.000000       0.070395
   519.09       0.122733       0.000000       0.000000       0.122733
   519.15       0.203889       0.000000       0.000000       0.203889
   519.20       0.322680       0.000000       0.000000       0.322680
   519.26       0.486616       0.000000       0.000000       0.486616
   519.31       0.699430       0.000000       0.000000       0.699430
   519.37       0.958687       0.000000       0.000000       0.958687
   519.43       1.254508       0.000000       0.000000       1.254508
   519.48       1.570941       0.000000       0.000000       1.570941
   519.54       1.891715       0.000000       0.000000       1.891715
   519.60       2.212091       0.000000       0.000000       2.212091
   519.65       2.558323       0.000000       0.000000       2.558323
   519.71       3.015793       0.000000       0.000000       3.015793
   519.76       3.765836       0.000000       0.000000       3.765836
   519.82       5.128889       0.000001       0.000000       5.128888
   519.88       7.606850       0.000001       0.000000       7.606849
   519.93      11.910321       0.000002       0.000000      11.910319
   519.99      18.948169       0.000004       0.000000      18.948165
   520.04      29.751904       0.000006       0.000000      29.751898
   520.10      45.312042       0.000010       0.000000      45.312032
   520.16      66.323457       0.000015       0.000000      66.323442
   520.21      92.872284       0.000020       0.000000      92.872264
   520.27     124.139379       0.000027       0.000000     124.139352
   520.32     158.226710       0.000035       0.000000     158.226675
   520.38     192.211909       0.000042       0.000000     192.211867
   520.44     222.489211       0.000049       0.000000     222.489162
   520.49     245.367881       0.000054       0.000000     245.367827
   520.55     257.800610       0.000057       0.000000     257.800553
   520.61     258.045924       0.000057       0.000000     258.045867
   520.66     246.066162       0.000054       0.000000     246.066107
   520.72     223.535376       0.000049       0.000000     223.535327
   520.77     193.454573       0.000043       0.000000     193.454531
   520.83     159.495924       0.000035       0.000000     159.495889
   520.89     125.273088       0.000028       0.000000     125.273060
   520.94      93.735363       0.000021       0.000000      93.735342
   521.00      66.816940       0.000015       0.000000      66.816926
   521.05      45.374005       0.000010       0.000000      45.373995
   521.11      29.353861       0.000019       0.000001      29.353842
   521.17      18.090952       0.000046       0.000003      18.090904
   521.22      10.621818       0.000135       0.000008      10.621674
   521.28       5.941478       0.000405       0.000025       5.941048
   521.33       3.166949       0.001170       0.000072       3.165706
   521.39       1.610426       0.003228       0.000200       1.606998
   521.45       0.786147       0.008484       0.000526       0.777137
   521.50       0.380608       0.021260       0.001320       0.358028
   521.56       0.211017       0.050730       0.003151       0.157136
   521.62       0.188204       0.115334       0.007170       0.065701
   521.67       0.291549       0.249829       0.015550       0.026170
   521.73       0.557726       0.515649       0.032146       0.009931
   521.78       1.081144       1.014190       0.063364       0.003591
   521.84       2.021365       1.901000       0.119127       0.001238
   521.90       3.610378       3.396271       0.213699       0.000408
   521.95       6.150546       5.784425       0.365990       0.000131
   522.01       9.993246       9.394322       0.598880       0.000044
   522.06      15.490709      14.553470       0.937229       0.000010
   522.12      22.920721      21.516121       1.404585       0.000015
   522.18      32.394848      30.375699       2.019129       0.000021
   522.23      43.773518      40.983633       2.789857       0.000028
   522.29      56.617871      52.903619       3.714216       0.000036
   522.34      70.204973      65.427042       4.777888       0.000043
   522.40      83.615809      77.659271       5.956488       0.000050
   522.46      95.879643      88.661808       7.217780       0.000055
   522.51     106.134374      97.611808       8.522510       0.000057
   522.57     113.752921     103.930271       9.822593       0.000057
   522.63     118.397708     107.340401      11.057253       0.000054
   522.68     119.995358     107.845426      12.149883       0.000049
   522.74     118.657435     105.647803      13.009590       0.000042
   522.79     114.593776     101.053227      13.540514       0.000035
   522.85     108.060774      94.401856      13.658891       0.000027
   522.91      99.361873      86.048009      13.313831       0.000033
   522.96      88.885041      76.380001      12.504983       0.000057
   523.02      77.140803      65.850556      11.290105       0.000142
   523.07      64.764918      54.985723       9.778800       0.000395
   523.13      52.470456      44.355748       8.113614       0.001094
   523.19      40.961614      34.514453       6.444246       0.002915
   523.24      30.841664      25.931293       4.902958       0.007413
   523.30      22.549996      18.943924       3.588103       0.017969
   523.35      16.349886      13.748868       2.559518       0.041500
   523.41      12.366801      10.430092       1.845402       0.091307
   523.47      10.657460       9.008971       1.457107       0.191382
   523.52      11.279482       9.490463       1.406864       0.382155
   523.58      14.332499      11.881840       1.723694       0.726966
   523.64      19.952137      16.170622       2.464089       1.317426
   523.69      28.254336      22.264165       3.715722       2.274449
   523.75      39.244805      29.909936       5.594075       3.740793
   523.80      52.722352      38.628000       8.233123       5.861229
   523.86      68.211063      47.690264      11.771946       8.748854
   523.92      84.951386      56.171463      16.339044      12.440879
   523.97     101.963625      63.075284      22.034906      16.853435
   524.03     118.173301      67.511669      28.911434      21.750198
   524.08     132.564796      68.878604      36.945327      26.740865
   524.14     144.317513      66.993862      46.003410      31.320241
   524.20     152.884431      62.134662      55.802588      34.947181
   524.25     157.995241      54.971884      65.875255      37.148102
   524.31     159.596830      46.419677      75.558910      37.618243
   524.36     157.768681      37.446700      84.031076      36.290904
   524.42     152.657984      28.902640      90.402377      33.352967
   524.48     144.464914      21.401537      93.861649      29.201728
   524.53     133.479765      15.279580      93.843395      24.356789
   524.59     120.144001      10.619498      90.170585      19.353919
   524.65     105.092428       7.316906      83.124930      14.650592
   524.70      89.140310       5.159336      73.415747      10.565227
   524.76      73.203980       3.894717      62.050879       7.258383
   524.81      58.173630       3.277542      50.145598       4.750489
   524.87      44.778011       3.092070      38.724015       2.961926
   524.93      33.483788       3.159041      28.565417       1.759330
   524.98      24.457449       3.334404      20.127506       0.995538
   525.04      17.594378       3.506816      13.550894       0.536668
   525.09      12.597179       3.596843       8.724728       0.275608
   525.15       9.074373       3.557620       5.381914       0.134839
   525.21       6.631151       3.374809       3.193497       0.062846
   525.26       4.934125       3.063895       1.842326       0.027904
   525.32       3.745609       2.664394       1.069411       0.011803
   525.37       2.934650       2.232527       0.697366       0.004756
   525.43       2.478771       1.835454       0.641491       0.001826
   525.49       2.471490       1.550490       0.920332       0.000668
   525.54       3.146951       1.471784       1.674933       0.000233
   525.60       4.925000       1.724634       3.200289       0.000077
   525.66       8.468829       2.484541       5.984264       0.000024
   525.71      14.732808       3.994201      10.738599       0.000007
   525.77      24.964176       6.568187      18.395990       0.000000
   525.82      40.613949      10.573296      30.040653       0.000000
   525.88      63.118923      16.374742      46.744181       0.000000
   525.94      93.545768      24.246296      69.299472       0.000000
   525.99     132.140745      34.256516      97.884229       0.000000
   526.05     177.892812      46.160035     131.732778       0.000000
   526.10     228.267567      59.335754     168.931813       0.000000
   526.16     279.272575      72.814240     206.458334       0.000000
   526.22     325.949287      85.418598     240.530688       0.000001
   526.27     363.257369      96.007674     267.249694       0.000001
   526.33     387.163811     103.767832     283.395976       0.000002
   526.38     395.633794     108.466717     287.167073       0.000004
   526.44     389.201892     110.576064     278.625821       0.000007
   526.50     370.904407     111.199083     259.705314       0.000010
   526.55     345.548670     111.795626     233.753029       0.000015
   526.61     318.512337     113.766916     204.745400       0.000021
   526.67     294.422123     118.016304     176.405791       0.000028
   526.72     276.098156     124.621950     151.476170       0.000036
   526.78     264.056721     132.731730     131.324947       0.000043
   526.83     256.678609     140.725852     115.952707       0.000050
   526.89     250.941703     146.609101     104.332547       0.000055
   526.95     243.455356     148.520395      94.934903       0.000058
   527.00     231.469610     145.209204      86.260348       0.000057
   527.06     213.576305     136.340696      77.235554       0.000055
   527.11     189.946857     122.550261      67.396547       0.000049
   527.17     162.111840     105.250946      56.860851       0.000043
   527.23     132.423308      86.272971      46.150302       0.000035
   527.28     103.409826      67.455824      35.953975       0.000027
   527.34      77.223480      50.309104      26.914356       0.000020
   527.39      55.305799      35.816404      19.489381       0.000015
   527.45      38.303150      24.398845      13.904295       0.000010
   527.51      26.180154      16.005003      10.175145       0.000006
   527.56      18.437085      10.267793       8.169288       0.000004
   527.62      14.336856       6.668586       7.668268       0.000002
   527.68      13.077943       4.667283       8.410659       0.000001
   527.73      13.890614       3.781598      10.109016       0.000001
   527.79      16.068912       3.619504      12.449408       0.000000
   527.84      18.969870       3.880314      15.089556       0.000000
   527.90      22.013266       4.342142      17.671124       0.000000
   527.96      24.703438       4.849310      19.854129       0.000000
   528.01      26.678360       5.306880      21.371480       0.000000
   528.07      27.774494       5.683159      22.091335       0.000000
   528.12      28.087424       6.017030      22.070393       0.000001
   528.18      28.006948       6.425072      21.581874       0.000001
   528.24      28.210113       7.102743      21.107368       0.000002
   528.29      29.602886       8.314051      21.288831       0.000004
   528.35      33.207355      10.364469      22.842880       0.000006
   528.40      39.997184      13.553487      26.443688       0.000010
   528.46      50.692594      18.107403      32.585177       0.000014
   528.52      65.540868      24.100569      41.440279       0.000020
   528.57      84.127680      31.382705      52.744948       0.000027
   528.63     105.281244      39.537904      65.743305       0.000035
   528.69     127.130702      47.901091      79.229568       0.000043
   528.74     147.353402      55.647160      91.706193       0.000050
   528.80     163.591665      61.946316     101.645293       0.000056
   528.85     173.954438      66.153071     107.801307       0.000060
   528.91     177.469677      67.976259     109.493356       0.000062
   528.97     174.345254      67.573699     106.771493       0.000062
   529.02     165.940897      65.532187     100.408650       0.000060
   529.08     154.439562      62.727377      91.712126       0.000058
   529.13     142.302969      60.097206      82.205707       0.000056
   529.19     131.666543      58.392368      73.274120       0.000056
   529.25     123.847390      57.976984      65.870350       0.000056
   529.30     119.100055      58.738285      60.361712       0.000058
   529.36     116.674362      60.130817      56.543485       0.000060
   529.41     115.136804      61.339559      53.797184       0.000061
   529.47     112.842587      61.510942      51.331583       0.000062
   529.53     108.411447      59.982396      48.428991       0.000061
   529.58     101.074390      56.445449      44.628884       0.000057
   529.64      90.811595      51.002066      39.809478       0.000052
   529.70      78.273556      44.109796      34.163716       0.000045
   529.75      64.542224      36.445071      28.097117       0.000037
   529.81      50.826329      28.734271      22.092029       0.000029
   529.86      38.186296      21.603443      16.582831       0.000022
   529.92      27.355097      15.482185      11.872896       0.000016
   529.98      18.677827      10.573654       8.104162       0.000011
   530.03      12.152926       6.880833       5.272086       0.000007
   530.09       7.534395       4.266233       3.268158       0.000004
   530.14       4.450386       2.520084       1.930300       0.000003
   530.20       2.504438       1.418208       1.086229       0.000001
   530.26       1.342689       0.760348       0.582341       0.000001
   530.31       0.685784       0.388354       0.297429       0.000000
   530.37       0.333681       0.188964       0.144717       0.000000
   530.42       0.154678       0.087595       0.067084       0.000000
   530.48       0.068307       0.038682       0.029625       0.000000
   530.54       0.028737       0.016274       0.012463       0.000000
   530.59       0.011517       0.006522       0.004995       0.000000
   530.65       0.004397       0.002490       0.001907       0.000000
   530.71       0.001600       0.000906       0.000694       0.000000
   530.76       0.000554       0.000314       0.000240       0.000000
   530.82       0.000183       0.000104       0.000079       0.000000
   530.87       0.000058       0.000033       0.000025       0.000000
   530.93       0.000017       0.000010       0.000007       0.000000
   530.99       0.000000       0.000000       0.000000       0.000000
   531.04       0.000000       0.000000       0.000000       0.000000
   531.10       0.000000       0.000000       0.000000       0.000000
   531.15       0.000000       0.000000       0.000000       0.000000
   531.21       0.000000       0.000000       0.000000       0.000000
   531.27       0.000000       0.000000       0.000000       0.000000
   531.32       0.000000       0.000000       0.000000       0.000000
   531.38       0.000000       0.000000       0.000000       0.000000
   531.43       0.000000       0.000000       0.000000       0.000000
   531.49       0.000000       0.000000       0.000000       0.000000
   531.55       0.000000       0.000000       0.000000       0.000000
   531.60       0.000000       0.000000       0.000000       0.000000
   531.66       0.000000       0.000000       0.000000       0.000000
   531.72       0.000007       0.000000       0.000000       0.000007
   531.77       0.000021       0.000000       0.000000       0.000021
   531.83       0.000130       0.000061       0.000002       0.000067
   531.88       0.000409       0.000202       0.000007       0.000200
   531.94       0.001232       0.000641       0.000023       0.000569
   532.00       0.003543       0.001934       0.000068       0.001541
   532.05       0.009732       0.005559       0.000197       0.003976
   532.11       0.025539       0.015226       0.000538       0.009775
   532.16       0.064027       0.039730       0.001405       0.022893
   532.22       0.153328       0.098759       0.003492       0.051078
   532.28       0.350706       0.233868       0.008269       0.108569
   532.33       0.766098       0.527600       0.018654       0.219844
   532.39       1.598086       1.133904       0.040090       0.424092
   532.44       3.183038       2.321588       0.082081       0.779370
   532.50       6.052828       4.528259       0.160099       1.364470
   532.56      10.987463       8.414237       0.297489       2.275736
   532.61      19.037354      14.894834       0.526614       3.615907
   532.67      31.480021      25.118515       0.888198       5.473308
   532.73      49.674023      40.354284       1.427143       7.892597
   532.78      74.789517      61.762195       2.184874      10.842448
   532.84     107.429158      90.051967       3.187525      14.189666
   532.89     147.207754     125.083804       4.432868      17.691082
   532.95     192.411006     165.518433       5.880252      21.012321
   533.01     239.880546     208.655147       7.449824      23.775575
   533.06     285.247959     250.581686       9.037640      25.628633
   533.12     323.556678     286.686452      10.551961      26.318265
   533.17     350.185746     312.466099      11.972657      25.746990
   533.23     361.869061     324.442066      13.431315      23.995680
   533.29     357.539791     320.930788      15.304222      21.304780
   533.34     338.756865     302.432905      18.303807      18.020153
   533.40     309.583870     271.517973      23.545540      14.520356
   533.45     275.945658     232.242166      32.557121      11.146371
   533.51     244.622228     189.282351      47.188573       8.151304
   533.57     222.105450     147.043048      69.383582       5.678821
   533.62     213.533388     108.970326     100.794058       3.769004
   533.68     221.858711      77.208270     142.267395       2.383047
   533.74     247.345985      52.607738     193.302836       1.435411
   533.79     287.454810      34.994411     251.636721       0.823679
   533.85     337.145765      23.554498     313.140991       0.450276
   533.90     389.613240      17.204508     372.174232       0.234500
   533.96     437.377236      14.857274     422.403613       0.116349
   534.02     473.560887      15.554001     457.951884       0.055002
   534.07     493.085895      18.480358     474.580756       0.024781
   534.13     493.493605      22.913196     470.569759       0.010649
   534.18     475.180657      28.151988     447.024292       0.004377
   534.24     441.008793      33.479623     407.527436       0.001734
   534.30     395.441689      38.176522     357.264489       0.000678
   534.35     343.494820      41.587012     301.907531       0.000278
   534.41     289.803001      43.214631     246.588237       0.000133
   534.46     238.016848      42.810429     195.206337       0.000082
   534.52     190.588083      40.419524     150.168497       0.000062
   534.58     148.866734      36.365679     112.501006       0.000049
   534.63     113.362822      31.175510      82.187269       0.000042
   534.69      84.031160      25.464317      58.566808       0.000035
   534.75      60.494161      19.816737      40.677397       0.000027
   534.80      42.181327      14.692679      27.488628       0.000020
   534.86      28.408830      10.378395      18.030421       0.000014
   534.91      18.431983       6.984153      11.447820       0.000010
   534.97      11.493853       4.477619       7.016228       0.000006
   535.03       6.875121       2.734809       4.140309       0.000004
   535.08       3.938405       1.591296       2.347107       0.000002
   535.14       2.157910       0.882099       1.275810       0.000001
   535.19       1.129769       0.465827       0.663942       0.000001
   535.25       0.564755       0.234354       0.330401       0.000000
   535.31       0.269398       0.112320       0.157078       0.000000
   535.36       0.122576       0.051284       0.071292       0.000000
   535.42       0.053181       0.022307       0.030873       0.000000
   535.47       0.021996       0.009244       0.012752       0.000000
   535.53       0.008637       0.003649       0.004988       0.000000
   535.59       0.003248       0.001372       0.001876       0.000000
   535.64       0.001164       0.000492       0.000672       0.000000
   535.70       0.000397       0.000168       0.000229       0.000000
   535.76       0.000129       0.000055       0.000075       0.000000
   535.81       0.000040       0.000017       0.000023       0.000000
   535.87       0.000012       0.000005       0.000007       0.000000
   535.92       0.000000       0.000000       0.000000       0.000000
   535.98       0.000000       0.000000       0.000000       0.000000
   536.04       0.000000       0.000000       0.000000       0.000000
   536.09       0.000000       0.000000       0.000000       0.000000
   536.15       0.000000       0.000000       0.000000       0.000000
   536.20       0.000000       0.000000       0.000000       0.000000
   536.26       0.000000       0.000000       0.000000       0.000000
   536.32       0.000000       0.000000       0.000000       0.000000
   536.37       0.000000       0.000000       0.000000       0.000000
   536.43       0.000000       0.000000       0.000000       0.000000
   536.48       0.000000       0.000000       0.000000       0.000000
   536.54       0.000000       0.000000       0.000000       0.000000
   536.60       0.000000       0.000000       0.000000       0.000000
   536.65       0.000000       0.000000       0.000000       0.000000
   536.71       0.000000       0.000000       0.000000       0.000000
   536.77       0.000000       0.000000       0.000000       0.000000
   536.82       0.000000       0.000000       0.000000       0.000000
   536.88       0.000000       0.000000       0.000000       0.000000
   536.93       0.000000       0.000000       0.000000       0.000000
   536.99       0.000000       0.000000       0.000000       0.000000
   537.05       0.000000       0.000000       0.000000       0.000000
   537.10       0.000000       0.000000       0.000000       0.000000
   537.16       0.000000       0.000000       0.000000       0.000000
   537.21       0.000000       0.000000       0.000000       0.000000
   537.27       0.000000       0.000000       0.000000       0.000000
   537.33       0.000000       0.000000       0.000000       0.000000
   537.38       0.000000       0.000000       0.000000       0.000000
   537.44       0.000000       0.000000       0.000000       0.000000
   537.49       0.000000       0.000000       0.000000       0.000000
   537.55       0.000000       0.000000       0.000000       0.000000
   537.61       0.000000       0.000000       0.000000       0.000000
   537.66       0.000000       0.000000       0.000000       0.000000
   537.72       0.000000       0.000000       0.000000       0.000000
   537.78       0.000000       0.000000       0.000000       0.000000
   537.83       0.000000       0.000000       0.000000       0.000000
   537.89       0.000000       0.000000       0.000000       0.000000
   537.94       0.000000       0.000000       0.000000       0.000000
   538.00       0.000000       0.000000       0.000000       0.000000
