*********************  Core Excitation Data  ********************
****************  A.P. Hitchcock & D.C. Mancini  ****************
*
* Formula: C2H5N3O2
* Name: Biuret
* Edge:N 1s
* Alpha Formula: C2H5N3O2
* Data Source:Hitchcock
* Filename:BU-0NNKK.OS
* Ref. Code: LCH03
* Write Date: O2/06/04
* Reference:
* Source and Purity: Aldrich
* Acquisition Mode:EELS, 2 deg, 2500 eV CRE mode, 0.7 eV fwhm
*--------------------------------------------------------------
* No. of Spectra: 2 files         0bun        0bun.os   
*   E (eV)        Raw data             Osc. Str. per atom (E-2)
*--------------------------------------------------------------
        x             5y             6y
  3.909271E+02	  1.062296E+04	  5.708027E-03	
  3.910013E+02	  1.062085E+04	  3.280024E-03	
  3.912012E+02	  1.068936E+04	 -6.951225E-04	
  3.914012E+02	  1.065540E+04	  2.044058E-03	
  3.916013E+02	  1.063371E+04	  5.451924E-03	
  3.918012E+02	  1.058869E+04	  3.824352E-03	
  3.920002E+02	  1.049989E+04	  2.113488E-03	
  3.922003E+02	  1.053526E+04	 -2.252952E-03	
  3.924002E+02	  1.076896E+04	 -5.005578E-03	
  3.926003E+02	  1.067354E+04	  5.211369E-03	
  3.927993E+02	  1.046220E+04	  1.548293E-02	
  3.929992E+02	  1.051818E+04	  4.523141E-03	
  3.931992E+02	  1.052761E+04	 -4.153288E-03	
  3.933993E+02	  1.039097E+04	 -9.447512E-06	
  3.935982E+02	  1.045253E+04	 -2.984332E-03	
  3.937982E+02	  1.049110E+04	 -7.532633E-03	
  3.939983E+02	  1.036256E+04	 -2.130930E-03	
  3.941982E+02	  1.025803E+04	 -3.353818E-03	
  3.943972E+02	  1.039500E+04	 -1.271233E-02	
  3.945973E+02	  1.035498E+04	 -1.313368E-02	
  3.947972E+02	  1.055949E+04	 -6.205071E-03	
  3.949973E+02	  1.050406E+04	 -8.967108E-04	
  3.951963E+02	  1.031092E+04	  9.162654E-03	
  3.951963E+02	  1.041109E+04	  9.162654E-03	
  3.953962E+02	  1.043082E+04	  8.307481E-04	
  3.955963E+02	  1.029907E+04	  5.027750E-04	
  3.957962E+02	  1.032654E+04	 -1.851452E-03	
  3.959952E+02	  1.029193E+04	 -7.230404E-03	
  3.961953E+02	  1.032039E+04	 -6.007165E-03	
  3.963952E+02	  1.045559E+04	 -6.115003E-03	
  3.965952E+02	  1.049801E+04	  6.576678E-04	
  3.967953E+02	  1.022788E+04	  1.019936E-02	
  3.969943E+02	  1.032828E+04	  4.662165E-03	
  3.971942E+02	  1.043912E+04	 -5.983398E-03	
  3.973943E+02	  1.040576E+04	  3.945029E-03	
  3.975942E+02	  1.025386E+04	  9.715443E-03	
  3.977932E+02	  1.021157E+04	  3.863829E-03	
  3.979933E+02	  1.031545E+04	 -4.977085E-03	
  3.981932E+02	  1.033873E+04	 -3.048944E-03	
  3.984522E+02	  1.034568E+04	  5.055250E-03	
  3.986013E+02	  1.028271E+04	  6.551321E-03	
  3.987513E+02	  1.020567E+04	  7.539622E-03	
  3.989012E+02	  1.015762E+04	  3.661221E-03	
  3.990512E+02	  1.030286E+04	 -2.233782E-03	
  3.992012E+02	  1.025979E+04	 -6.225420E-03	
  3.993513E+02	  1.024287E+04	  4.305642E-03	
  3.995002E+02	  1.033432E+04	  3.918379E-03	
  3.996502E+02	  1.050498E+04	  2.677116E-03	
  3.998003E+02	  1.045554E+04	  9.729778E-03	
  3.999503E+02	  1.047581E+04	  2.418580E-02	
  4.001003E+02	  1.053699E+04	  2.368833E-02	
  4.002492E+02	  1.063891E+04	  2.507868E-02	
  4.003993E+02	  1.087489E+04	  3.047655E-02	
  4.005493E+02	  1.119447E+04	  3.951452E-02	
  4.006992E+02	  1.162561E+04	  5.894477E-02	
  4.008492E+02	  1.212548E+04	  8.649104E-02	
  4.009992E+02	  1.288718E+04	  1.234940E-01	
  4.011483E+02	  1.365461E+04	  1.669344E-01	
  4.012982E+02	  1.485023E+04	  2.307540E-01	
  4.014482E+02	  1.656390E+04	  2.994226E-01	
  4.015982E+02	  1.802093E+04	  3.995087E-01	
  4.017483E+02	  1.935968E+04	  5.441176E-01	
  4.018972E+02	  2.032451E+04	  6.765144E-01	
  4.020472E+02	  2.125827E+04	  7.975619E-01	
  4.021972E+02	  2.145816E+04	  8.901742E-01	
  4.023473E+02	  2.143309E+04	  9.745210E-01	
  4.024973E+02	  2.110477E+04	  1.004142E+00	
  4.026472E+02	  2.100924E+04	  1.006418E+00	
  4.027962E+02	  2.134845E+04	  9.831944E-01	
  4.029463E+02	  2.167771E+04	  9.723324E-01	
  4.030963E+02	  2.251559E+04	  9.971470E-01	
  4.032462E+02	  2.277815E+04	  1.027705E+00	
  4.033962E+02	  2.313939E+04	  1.095812E+00	
  4.035462E+02	  2.339065E+04	  1.128926E+00	
  4.036953E+02	  2.328923E+04	  1.160667E+00	
  4.038452E+02	  2.311026E+04	  1.185977E+00	
  4.039952E+02	  2.308384E+04	  1.183624E+00	
  4.041452E+02	  2.280519E+04	  1.170120E+00	
  4.042953E+02	  2.209406E+04	  1.166803E+00	
  4.044442E+02	  2.168594E+04	  1.147134E+00	
  4.045942E+02	  2.149884E+04	  1.091666E+00	
  4.047443E+02	  2.087067E+04	  1.051561E+00	
  4.048943E+02	  2.070580E+04	  1.032766E+00	
  4.050443E+02	  2.070669E+04	  9.843832E-01	
  4.051942E+02	  2.045263E+04	  9.639667E-01	
  4.053433E+02	  2.035149E+04	  9.627426E-01	
  4.054933E+02	  2.058767E+04	  9.451006E-01	
  4.056432E+02	  2.062460E+04	  9.348035E-01	
  4.057932E+02	  2.047561E+04	  9.520813E-01	
  4.059432E+02	  2.068039E+04	  9.595366E-01	
  4.060923E+02	  2.082559E+04	  9.501802E-01	
  4.062422E+02	  2.082068E+04	  9.642518E-01	
  4.063922E+02	  2.091721E+04	  9.794564E-01	
  4.065422E+02	  2.080238E+04	  9.824544E-01	
  4.066923E+02	  2.096139E+04	  9.908077E-01	
  4.068423E+02	  2.071876E+04	  9.848041E-01	
  4.069912E+02	  2.078207E+04	  9.961047E-01	
  4.071412E+02	  2.078783E+04	  9.817014E-01	
  4.072913E+02	  2.088695E+04	  9.838471E-01	
  4.074413E+02	  2.083341E+04	  9.864114E-01	
  4.075912E+02	  2.078445E+04	  9.951299E-01	
  4.077402E+02	  2.066715E+04	  9.938008E-01	
  4.078903E+02	  2.070103E+04	  9.904861E-01	
  4.080403E+02	  2.057332E+04	  9.820650E-01	
  4.081902E+02	  2.036711E+04	  9.840291E-01	
  4.083402E+02	  2.025520E+04	  9.760845E-01	
  4.084902E+02	  2.039385E+04	  9.597594E-01	
  4.086393E+02	  2.046023E+04	  9.494153E-01	
  4.087892E+02	  2.038416E+04	  9.592285E-01	
  4.089392E+02	  2.041504E+04	  9.675689E-01	
  4.090892E+02	  2.025367E+04	  9.639866E-01	
  4.092393E+02	  1.995824E+04	  9.663432E-01	
  4.093893E+02	  2.003798E+04	  9.557310E-01	
  4.095382E+02	  2.007650E+04	  9.322500E-01	
  4.096883E+02	  2.003729E+04	  9.347423E-01	
  4.098383E+02	  1.991089E+04	  9.400617E-01	
  4.099883E+02	  1.999489E+04	  9.388138E-01	
  4.101382E+02	  1.987487E+04	  9.297686E-01	
  4.102873E+02	  2.003015E+04	  9.353183E-01	
  4.104373E+02	  2.008802E+04	  9.287219E-01	
  4.105872E+02	  2.008847E+04	  9.397684E-01	
  4.107372E+02	  2.016088E+04	  9.476963E-01	
  4.108872E+02	  2.042055E+04	  9.497605E-01	
  4.110373E+02	  2.014849E+04	  9.564428E-01	
  4.111862E+02	  2.019579E+04	  9.783339E-01	
  4.113362E+02	  2.006025E+04	  9.630121E-01	
  4.114862E+02	  1.993998E+04	  9.634624E-01	
  4.116363E+02	  1.998921E+04	  9.549775E-01	
  4.117863E+02	  2.002660E+04	  9.448701E-01	
  4.119352E+02	  2.015306E+04	  9.479156E-01	
  4.120852E+02	  1.991899E+04	  9.526806E-01	
  4.122353E+02	  2.009131E+04	  9.641037E-01	
  4.123853E+02	  2.016212E+04	  9.492369E-01	
  4.125352E+02	  2.015244E+04	  9.600295E-01	
  4.126852E+02	  2.003658E+04	  9.692503E-01	
  4.128343E+02	  1.999200E+04	  9.707471E-01	
  4.129843E+02	  1.988053E+04	  9.629138E-01	
  4.131342E+02	  1.977775E+04	  9.588102E-01	
  4.134002E+02	  1.964898E+04	  9.441201E-01	
  4.135992E+02	  1.957108E+04	  9.356423E-01	
  4.137993E+02	  1.947541E+04	  9.288449E-01	
  4.139992E+02	  1.923029E+04	  9.225145E-01	
  4.141992E+02	  1.917428E+04	  9.099779E-01	
  4.143983E+02	  1.918371E+04	  8.953615E-01	
  4.145982E+02	  1.880595E+04	  8.939016E-01	
  4.147982E+02	  1.886726E+04	  8.827835E-01	
  4.149983E+02	  1.875362E+04	  8.644965E-01	
  4.151982E+02	  1.860988E+04	  8.655393E-01	
  4.153972E+02	  1.849591E+04	  8.554459E-01	
  4.155973E+02	  1.863396E+04	  8.445226E-01	
  4.157972E+02	  1.852014E+04	  8.441326E-01	
  4.159973E+02	  1.826551E+04	  8.496135E-01	
  4.161963E+02	  1.820856E+04	  8.356229E-01	
  4.163962E+02	  1.787662E+04	  8.201345E-01	
  4.165963E+02	  1.768025E+04	  8.065673E-01	
  4.167962E+02	  1.761798E+04	  7.817343E-01	
  4.169952E+02	  1.778628E+04	  7.694946E-01	
  4.171953E+02	  1.772327E+04	  7.730793E-01	
  4.173952E+02	  1.747939E+04	  7.821187E-01	
  4.175952E+02	  1.729988E+04	  7.712389E-01	
  4.177943E+02	  1.720997E+04	  7.520813E-01	
  4.179943E+02	  1.711775E+04	  7.397082E-01	
  4.181942E+02	  1.711475E+04	  7.325152E-01	
  4.183943E+02	  1.718389E+04	  7.283412E-01	
  4.185933E+02	  1.701184E+04	  7.319115E-01	
  4.187932E+02	  1.687954E+04	  7.313237E-01	
  4.189933E+02	  1.687462E+04	  7.178123E-01	
  4.191932E+02	  1.676526E+04	  7.111868E-01	
  4.193922E+02	  1.662771E+04	  7.083964E-01	
  4.195923E+02	  1.645404E+04	  6.983812E-01	
  4.197922E+02	  1.646258E+04	  6.853914E-01	
  4.199922E+02	  1.647938E+04	  6.767485E-01	
  4.201923E+02	  1.625712E+04	  6.791508E-01	
  4.203912E+02	  1.617954E+04	  6.736417E-01	
  4.205912E+02	  1.603336E+04	  6.589480E-01	
  4.207913E+02	  1.614992E+04	  6.504030E-01	
  4.209912E+02	  1.596509E+04	  6.471794E-01	
  4.211902E+02	  1.575285E+04	  6.488603E-01	
  4.213903E+02	  1.559578E+04	  6.315575E-01	
  4.215902E+02	  1.593301E+04	  6.145582E-01	
  4.217903E+02	  1.582838E+04	  6.185347E-01	
  4.219893E+02	  1.579873E+04	  6.361219E-01	
  4.221892E+02	  1.572233E+04	  6.300614E-01	
  4.223893E+02	  1.565015E+04	  6.268066E-01	
  4.225892E+02	  1.530908E+04	  6.209247E-01	
  4.227882E+02	  1.550921E+04	  6.058000E-01	
  4.229883E+02	  1.545290E+04	  5.936541E-01	
  4.231883E+02	  1.551537E+04	  6.048554E-01	
  4.233882E+02	  1.543711E+04	  6.049707E-01	
  4.235872E+02	  1.541082E+04	  6.071628E-01	
  4.237873E+02	  1.520960E+04	  6.027377E-01	
  4.239872E+02	  1.513940E+04	  5.951419E-01	
  4.241873E+02	  1.502590E+04	  5.817763E-01	
  4.243872E+02	  1.495896E+04	  5.746897E-01	
  4.245862E+02	  1.498162E+04	  5.666980E-01	
  4.247863E+02	  1.489325E+04	  5.646617E-01	
  4.249862E+02	  1.514012E+04	  5.640369E-01	
  4.251862E+02	  1.509492E+04	  5.688461E-01	
  4.253853E+02	  1.502677E+04	  5.832941E-01	
  4.255852E+02	  1.496889E+04	  5.793173E-01	
  4.257852E+02	  1.496378E+04	  5.743014E-01	
  4.259853E+02	  1.481703E+04	  5.718298E-01	
  4.261842E+02	  1.493514E+04	  5.674629E-01	
  4.263842E+02	  1.495927E+04	  5.639768E-01	
  4.265843E+02	  1.480792E+04	  5.732330E-01	
  4.267842E+02	  1.487199E+04	  5.703878E-01	
  4.269832E+02	  1.476687E+04	  5.647177E-01	
  4.271833E+02	  1.472977E+04	  5.660253E-01	
  4.273832E+02	  1.478750E+04	  5.594680E-01	
  4.273832E+02	  1.482212E+04	  5.594680E-01	