*********************  Core Excitation Data  ********************
****************  A.P. Hitchcock & D.C. Mancini  ****************
*
* Formula: C2H5N3O2
* Name: Biuret
* Edge:C 1s
* Alpha Formula: C2H5N3O2
* Data Source:Hitchcock
* Filename:BU-0CCKK.OS
* Ref. Code: LCH03
* Write Date: O2/06/04
* Reference:
* Source and Purity: Aldrich
* Acquisition Mode:EELS, 2 deg, 2500 eV CRE mode, 0.7 eV fwhm
*--------------------------------------------------------------
* No. of Spectra:2 files         0buc           0buc.os  
*   E (eV)        Raw data             Osc. Str. per atom (E-2)
*--------------------------------------------------------------
        x             1y             2y
  2.751564E+02	  5.976821E+02	 -5.495706E-02	
  2.753564E+02	  5.848552E+02	 -2.006478E-02	
  2.755564E+02	  5.719503E+02	  9.865318E-03	
  2.757554E+02	  5.503931E+02	  1.439197E-02	
  2.759554E+02	  5.412887E+02	  6.146061E-03	
  2.761554E+02	  5.454302E+02	  1.015197E-02	
  2.763554E+02	  5.657580E+02	  2.396585E-03	
  2.765544E+02	  5.671340E+02	 -1.075802E-02	
  2.767544E+02	  5.687870E+02	 -1.052717E-02	
  2.769544E+02	  5.634331E+02	 -4.906325E-03	
  2.771543E+02	  5.884065E+02	 -4.661801E-03	
  2.773534E+02	  5.583978E+02	 -8.829542E-05	
  2.775534E+02	  5.692834E+02	  2.999224E-02	
  2.777534E+02	  5.434500E+02	  3.248793E-02	
  2.779534E+02	  5.545698E+02	  1.774167E-03	
  2.781534E+02	  5.412608E+02	 -1.238736E-03	
  2.783524E+02	  5.616304E+02	  2.472103E-02	
  2.785524E+02	  5.499711E+02	  3.654254E-02	
  2.787524E+02	  5.417661E+02	  8.869046E-03	
  2.789524E+02	  5.567580E+02	 -2.938198E-02	
  2.791514E+02	  5.576589E+02	 -3.028798E-02	
  2.793514E+02	  5.520931E+02	 -2.417013E-04	
  2.795514E+02	  5.234302E+02	  2.048122E-05	
  2.797514E+02	  5.456939E+02	 -1.470574E-02	
  2.799504E+02	  5.412834E+02	 -1.336249E-02	
  2.801504E+02	  5.130804E+02	 -1.535754E-02	
  2.802805E+02	  5.215361E+02	 -3.057407E-02	
  2.804805E+02	  5.417296E+02	 -3.009365E-02	
  2.806805E+02	  5.332892E+02	 -5.777675E-03	
  2.808795E+02	  5.284504E+02	 -3.162321E-02	
  2.810795E+02	  5.333252E+02	 -2.292798E-02	
  2.812795E+02	  5.411364E+02	 -1.116059E-02	
  2.814795E+02	  5.348605E+02	 -5.766143E-03	
  2.816785E+02	  5.251247E+02	 -9.714272E-03	
  2.818785E+02	  5.355381E+02	 -9.139118E-04	
  2.820785E+02	  5.405676E+02	 -2.559580E-03	
  2.822785E+02	  5.177932E+02	 -1.644274E-03	
  2.824775E+02	  5.398514E+02	 -2.753157E-02	
  2.826775E+02	  5.137159E+02	 -1.569248E-02	
  2.828775E+02	  5.198426E+02	 -9.252902E-03	
  2.830775E+02	  5.309341E+02	 -3.073428E-03	
  2.832775E+02	  5.392700E+02	  4.640296E-03	
  2.834765E+02	  5.312617E+02	  1.567166E-02	
  2.836765E+02	  5.479316E+02	  9.056068E-03	
  2.838765E+02	  5.386999E+02	  5.753759E-03	
  2.840765E+02	  5.096564E+02	  1.967268E-02	
  2.842015E+02	  5.131994E+02	  1.229057E-02	
  2.843515E+02	  5.320166E+02	  7.853078E-03	
  2.845015E+02	  5.457501E+02	  6.232008E-03	
  2.846505E+02	  5.514101E+02	  2.436181E-02	
  2.848005E+02	  5.409308E+02	  4.130708E-02	
  2.849505E+02	  5.401689E+02	  5.353579E-02	
  2.851005E+02	  5.648892E+02	  4.778975E-02	
  2.852504E+02	  5.615122E+02	  6.704731E-02	
  2.853995E+02	  5.378810E+02	  6.339336E-02	
  2.855495E+02	  5.251495E+02	  5.284208E-02	
  2.856995E+02	  5.217009E+02	  6.385858E-02	
  2.858495E+02	  5.109695E+02	  5.791356E-02	
  2.859995E+02	  5.251286E+02	  5.233231E-02	
  2.861495E+02	  5.272499E+02	  5.804626E-02	
  2.862985E+02	  5.195402E+02	  4.392664E-02	
  2.864485E+02	  5.151801E+02	  6.936529E-02	
  2.865985E+02	  5.164605E+02	  7.654718E-02	
  2.867485E+02	  5.138089E+02	  8.506209E-02	
  2.868985E+02	  4.995831E+02	  8.478321E-02	
  2.870485E+02	  5.132509E+02	  1.041891E-01	
  2.871975E+02	  5.401294E+02	  1.052524E-01	
  2.873475E+02	  5.355900E+02	  1.245003E-01	
  2.874975E+02	  5.325402E+02	  1.358611E-01	
  2.876475E+02	  5.360166E+02	  1.325322E-01	
  2.877975E+02	  5.597477E+02	  1.465815E-01	
  2.879465E+02	  5.867894E+02	  1.568304E-01	
  2.880965E+02	  6.299776E+02	  2.105063E-01	
  2.882465E+02	  7.087975E+02	  3.163166E-01	
  2.883965E+02	  8.460037E+02	  4.737206E-01	
  2.885465E+02	  1.043169E+03	  7.662883E-01	
  2.886965E+02	  1.335008E+03	  1.180384E+00	
  2.888455E+02	  1.904818E+03	  1.741605E+00	
  2.889955E+02	  2.725686E+03	  2.355448E+00	
  2.891455E+02	  3.683111E+03	  3.079035E+00	
  2.892955E+02	  4.652962E+03	  3.549722E+00	
  2.894455E+02	  5.316170E+03	  3.751371E+00	
  2.895945E+02	  5.241258E+03	  3.677514E+00	
  2.897445E+02	  4.660623E+03	  3.451679E+00	
  2.898945E+02	  3.818950E+03	  2.948517E+00	
  2.900445E+02	  2.879327E+03	  2.395333E+00	
  2.901944E+02	  2.128252E+03	  1.919454E+00	
  2.903445E+02	  1.609826E+03	  1.497178E+00	
  2.904935E+02	  1.217151E+03	  1.142736E+00	
  2.906435E+02	  9.642136E+02	  8.799943E-01	
  2.907935E+02	  8.407040E+02	  6.208727E-01	
  2.909435E+02	  7.334483E+02	  4.960010E-01	
  2.910935E+02	  6.808329E+02	  4.312331E-01	
  2.912425E+02	  6.581607E+02	  3.846074E-01	
  2.913925E+02	  6.620386E+02	  3.628123E-01	
  2.915425E+02	  6.822587E+02	  3.612187E-01	
  2.916925E+02	  6.760499E+02	  3.377484E-01	
  2.918425E+02	  6.827147E+02	  3.674007E-01	
  2.919925E+02	  7.302946E+02	  3.580913E-01	
  2.921415E+02	  8.036472E+02	  3.957729E-01	
  2.922915E+02	  8.508198E+02	  4.466742E-01	
  2.924415E+02	  8.905657E+02	  4.861897E-01	
  2.925915E+02	  9.665764E+02	  5.204147E-01	
  2.927415E+02	  1.018911E+03	  5.676336E-01	
  2.928915E+02	  1.057350E+03	  6.105147E-01	
  2.930405E+02	  1.144943E+03	  6.986226E-01	
  2.931905E+02	  1.138223E+03	  7.351527E-01	
  2.933405E+02	  1.170545E+03	  7.762633E-01	
  2.934905E+02	  1.233377E+03	  7.967738E-01	
  2.936405E+02	  1.225128E+03	  8.126930E-01	
  2.937895E+02	  1.244663E+03	  8.511215E-01	
  2.939395E+02	  1.270712E+03	  8.575895E-01	
  2.940895E+02	  1.300525E+03	  9.119890E-01	
  2.942395E+02	  1.338771E+03	  9.446088E-01	
  2.943895E+02	  1.415224E+03	  9.868945E-01	
  2.945395E+02	  1.463588E+03	  1.014338E+00	
  2.946885E+02	  1.482721E+03	  1.048651E+00	
  2.948385E+02	  1.506719E+03	  1.098390E+00	
  2.949885E+02	  1.475036E+03	  1.127495E+00	
  2.951384E+02	  1.478630E+03	  1.117654E+00	
  2.952285E+02	  1.504303E+03	  1.098012E+00	
  2.954285E+02	  1.531643E+03	  1.073946E+00	
  2.956285E+02	  1.545222E+03	  1.094458E+00	
  2.958275E+02	  1.555476E+03	  1.105481E+00	
  2.960275E+02	  1.684113E+03	  1.140315E+00	
  2.962275E+02	  1.686659E+03	  1.194707E+00	
  2.964275E+02	  1.660856E+03	  1.229282E+00	
  2.966275E+02	  1.647623E+03	  1.241386E+00	
  2.968265E+02	  1.712109E+03	  1.270841E+00	
  2.970265E+02	  1.777388E+03	  1.281848E+00	
  2.972265E+02	  1.716308E+03	  1.349858E+00	
  2.974265E+02	  1.737251E+03	  1.340504E+00	
  2.976254E+02	  1.792124E+03	  1.341622E+00	
  2.978255E+02	  1.764555E+03	  1.343855E+00	
  2.980255E+02	  1.707740E+03	  1.399433E+00	
  2.982255E+02	  1.808114E+03	  1.390571E+00	
  2.984245E+02	  1.749873E+03	  1.423282E+00	
  2.986245E+02	  1.796178E+03	  1.446939E+00	
  2.988245E+02	  1.773783E+03	  1.461764E+00	
  2.990245E+02	  1.756064E+03	  1.470222E+00	
  2.992235E+02	  1.691280E+03	  1.460165E+00	
  2.994235E+02	  1.696101E+03	  1.440326E+00	
  2.996235E+02	  1.636825E+03	  1.443204E+00	
  2.998235E+02	  1.542461E+03	  1.432217E+00	
  3.000225E+02	  1.624606E+03	  1.427314E+00	
  3.002225E+02	  1.539446E+03	  1.357599E+00	
  3.004225E+02	  1.507441E+03	  1.335531E+00	
  3.006225E+02	  1.526293E+03	  1.296981E+00	
  3.008215E+02	  1.480842E+03	  1.300704E+00	
  3.010215E+02	  1.459286E+03	  1.271856E+00	
  3.012215E+02	  1.507845E+03	  1.255295E+00	
  3.014215E+02	  1.456519E+03	  1.230685E+00	
  3.016215E+02	  1.445148E+03	  1.221633E+00	
  3.018205E+02	  1.410256E+03	  1.237491E+00	
  3.020205E+02	  1.422646E+03	  1.221693E+00	
  3.022205E+02	  1.429407E+03	  1.182753E+00	
  3.024205E+02	  1.416361E+03	  1.208642E+00	
  3.026195E+02	  1.318227E+03	  1.232125E+00	
  3.028194E+02	  1.328950E+03	  1.213657E+00	
  3.030195E+02	  1.379141E+03	  1.220115E+00	
  3.032195E+02	  1.384442E+03	  1.202670E+00	
  3.034185E+02	  1.367052E+03	  1.218171E+00	
  3.036185E+02	  1.308062E+03	  1.232068E+00	
  3.038185E+02	  1.371260E+03	  1.227850E+00	
  3.040185E+02	  1.342230E+03	  1.221212E+00	
  3.042175E+02	  1.296860E+03	  1.243870E+00	
  3.044175E+02	  1.378148E+03	  1.265927E+00	
  3.046175E+02	  1.358228E+03	  1.271564E+00	
  3.048175E+02	  1.374167E+03	  1.275589E+00	
  3.050165E+02	  1.342402E+03	  1.216373E+00	
  3.052165E+02	  1.340237E+03	  1.174147E+00	
  3.054165E+02	  1.298622E+03	  1.187240E+00	
  3.056165E+02	  1.320810E+03	  1.209356E+00	
  3.058155E+02	  1.222615E+03	  1.236035E+00	
  3.060155E+02	  1.247225E+03	  1.206982E+00	
  3.062155E+02	  1.232115E+03	  1.184034E+00	
  3.064155E+02	  1.234814E+03	  1.158548E+00	
  3.066155E+02	  1.194223E+03	  1.157876E+00	
  3.068145E+02	  1.245483E+03	  1.145317E+00	
  3.070145E+02	  1.177190E+03	  1.156703E+00	
  3.072145E+02	  1.153630E+03	  1.139042E+00	
  3.074145E+02	  1.264524E+03	  1.135107E+00	
  3.076135E+02	  1.201800E+03	  1.120450E+00	
  3.078135E+02	  1.183610E+03	  1.113919E+00	
  3.080134E+02	  1.148099E+03	  1.096470E+00	
  3.082135E+02	  1.065279E+03	  1.110105E+00	
  3.084125E+02	  1.119804E+03	  1.094357E+00	
  3.086125E+02	  1.157423E+03	  1.101481E+00	
  3.088125E+02	  1.104935E+03	  1.112918E+00	
  3.090125E+02	  1.083916E+03	  1.099068E+00	
  3.092115E+02	  1.071831E+03	  1.068102E+00	
  3.094115E+02	  1.076780E+03	  1.055063E+00	
  3.096115E+02	  1.080556E+03	  1.074063E+00	
  3.098115E+02	  1.032410E+03	  1.069570E+00	
  3.100105E+02	  1.024000E+03	  1.093582E+00	
  3.102105E+02	  1.068921E+03	  1.060458E+00	
  3.104105E+02	  9.727672E+02	  1.069811E+00	
  3.106105E+02	  9.718859E+02	  1.072144E+00	
  3.108095E+02	  9.792377E+02	  1.073273E+00	
  3.110095E+02	  1.014744E+03	  1.050965E+00	
  3.112095E+02	  9.523484E+02	  1.054611E+00	
  3.114095E+02	  9.928060E+02	  1.040213E+00	
  3.116095E+02	  1.025016E+03	  1.056537E+00	
  3.118085E+02	  9.527205E+02	  1.043883E+00	
  3.120085E+02	  9.271340E+02	  1.037152E+00	
  3.122085E+02	  9.999504E+02	  1.039125E+00	
  3.124085E+02	  9.456456E+02	  1.086396E+00	
  3.126075E+02	  9.780739E+02	  1.083604E+00	
  3.128075E+02	  9.249857E+02	  1.079738E+00	
  3.130075E+02	  9.514396E+02	  1.072352E+00	
  3.132074E+02	  9.473275E+02	  1.086014E+00	
  3.134065E+02	  9.509249E+02	  1.048309E+00	
  3.136065E+02	  9.516475E+02	  1.055207E+00	
  3.138064E+02	  9.482000E+02	  1.082485E+00	
  3.140065E+02	  9.443721E+02	  1.082097E+00	
  3.142055E+02	  9.334276E+02	  1.100953E+00	
  3.144055E+02	  8.997256E+02	  1.044983E+00	
  3.146055E+02	  8.860052E+02	  1.062716E+00	
  3.148055E+02	  8.914626E+02	  1.064813E+00	
  3.148704E+02	  8.922500E+02	  9.306480E-01	
  3.151194E+02	  8.949254E+02	  9.398937E-01	
  3.153694E+02	  8.940920E+02	  9.531649E-01	
  3.156194E+02	  8.843631E+02	  9.712794E-01	
  3.158694E+02	  8.838828E+02	  9.319146E-01	
  3.161184E+02	  8.778393E+02	  8.771183E-01	
  3.163684E+02	  8.722970E+02	  8.686512E-01	
  3.166184E+02	  8.925462E+02	  8.375919E-01	
  3.168674E+02	  8.983563E+02	  8.112111E-01	
  3.171174E+02	  8.723122E+02	  8.453841E-01	
  3.173674E+02	  8.912537E+02	  8.261914E-01	
  3.176164E+02	  9.018001E+02	  7.459249E-01	
  3.178664E+02	  8.768653E+02	  7.622430E-01	
  3.181164E+02	  8.464983E+02	  8.292751E-01	
  3.183664E+02	  8.632200E+02	  8.311222E-01	
  3.186154E+02	  8.442435E+02	  8.263971E-01	
  3.188654E+02	  8.415969E+02	  8.397506E-01	
  3.191154E+02	  8.495024E+02	  8.581085E-01	
  3.193644E+02	  8.427241E+02	  8.748854E-01	
  3.196144E+02	  8.054055E+02	  8.594337E-01	
  3.198644E+02	  8.545742E+02	  8.090237E-01	
  3.201134E+02	  8.274199E+02	  7.425432E-01	
  3.203634E+02	  8.470322E+02	  6.999481E-01	
  3.206134E+02	  8.650876E+02	  7.014752E-01	
  3.208634E+02	  8.567767E+02	  7.197698E-01	
  3.211124E+02	  8.489683E+02	  7.398179E-01	
  3.213624E+02	  8.039710E+02	  7.675449E-01	
  3.216124E+02	  8.161074E+02	  7.996191E-01	
  3.218614E+02	  8.116570E+02	  7.929006E-01	
  3.221114E+02	  8.117508E+02	  7.386497E-01	
  3.223614E+02	  8.171898E+02	  7.019936E-01	
  3.226104E+02	  7.982533E+02	  7.120270E-01	
  3.228604E+02	  7.899196E+02	  7.263823E-01	
  3.231104E+02	  8.179147E+02	  7.485078E-01	
  3.233604E+02	  7.893646E+02	  7.921889E-01	
  3.236094E+02	  7.760974E+02	  7.749776E-01	
  3.238594E+02	  7.996896E+02	  7.404417E-01	
  3.241094E+02	  8.026774E+02	  7.498212E-01	
  3.243584E+02	  7.768605E+02	  7.306399E-01	
  3.246084E+02	  7.591734E+02	  7.374246E-01	
  3.248584E+02	  7.603427E+02	  7.738310E-01	
  3.251074E+02	  7.633680E+02	  7.562998E-01	
  3.253574E+02	  7.684803E+02	  7.439373E-01	
  3.256074E+02	  7.909512E+02	  7.586866E-01	
  3.258574E+02	  7.792460E+02	  7.743765E-01	
  3.261064E+02	  7.824484E+02	  7.777965E-01	
  3.263564E+02	  7.667586E+02	  7.494583E-01	
  3.266064E+02	  7.474494E+02	  7.183279E-01	
  3.268554E+02	  7.401724E+02	  7.349276E-01	
  3.271054E+02	  7.518535E+02	  7.809404E-01	
  3.273554E+02	  8.060224E+02	  7.487593E-01	
  3.276044E+02	  7.379543E+02	  6.976616E-01	
  3.278544E+02	  7.459055E+02	  7.268871E-01	
  3.281044E+02	  7.382505E+02	  7.194619E-01	
  3.283544E+02	  7.039669E+02	  6.499477E-01	
  3.286034E+02	  7.443733E+02	  6.395859E-01	
  3.288534E+02	  7.485397E+02	  6.978385E-01	
  3.291034E+02	  7.073472E+02	  7.527341E-01	
  3.293524E+02	  7.297751E+02	  7.615834E-01	
  3.296024E+02	  7.443540E+02	  7.331799E-01	
  3.298524E+02	  7.305997E+02	  6.736394E-01	
  3.301014E+02	  7.463441E+02	  6.448830E-01	
  3.303514E+02	  7.613447E+02	  6.865286E-01	
  3.306014E+02	  7.244470E+02	  6.824583E-01	
  3.308514E+02	  7.300294E+02	  6.728418E-01	
  3.311004E+02	  7.403281E+02	  7.295759E-01	
  3.313504E+02	  7.446521E+02	  7.699342E-01	
  3.316004E+02	  7.722282E+02	  7.604381E-01	
  3.318494E+02	  7.414175E+02	  7.360255E-01	
  3.320994E+02	  7.839608E+02	  7.375674E-01	
  3.323494E+02	  7.302379E+02	  7.111228E-01	
  3.325983E+02	  6.981586E+02	  6.864137E-01	
  3.328483E+02	  7.141912E+02	  7.253270E-01	
  3.330983E+02	  6.751348E+02	  7.371734E-01	
  3.333483E+02	  6.542326E+02	  7.029327E-01	
  3.335974E+02	  7.024155E+02	  6.826774E-01	
  3.338474E+02	  6.849425E+02	  6.680082E-01	
  3.340974E+02	  6.745576E+02	  6.646429E-01	
  3.343464E+02	  6.895172E+02	  7.002062E-01	
  3.345964E+02	  6.627892E+02	  7.454579E-01	
  3.348464E+02	  6.269544E+02	  7.479597E-01	
  3.350954E+02	  6.829771E+02	  7.131499E-01	
  3.353454E+02	  6.994026E+02	  7.079087E-01	
  3.355954E+02	  6.837189E+02	  7.084069E-01	
  3.358454E+02	  6.760654E+02	  6.578515E-01	
  3.360944E+02	  7.102124E+02	  6.012622E-01	
  3.363444E+02	  6.925023E+02	  6.015056E-01	
  3.365944E+02	  6.734691E+02	  6.424758E-01	
  3.368434E+02	  6.629598E+02	  6.884800E-01	
  3.370934E+02	  6.698965E+02	  6.976781E-01	
  3.373434E+02	  7.010000E+02	  6.493101E-01	
  3.375934E+02	  7.010000E+02	  5.703810E-01	
  3.378424E+02	  7.002587E+02	  5.656230E-01	
  3.380924E+02	  6.770132E+02	  6.670088E-01	
  3.383424E+02	  6.714623E+02	  7.067809E-01	
  3.385914E+02	  6.860696E+02	  6.963615E-01	
  3.388414E+02	  6.776028E+02	  6.928260E-01	
  3.390914E+02	  6.508479E+02	  6.793514E-01	
  3.393404E+02	  6.687565E+02	  7.125260E-01	
  3.395904E+02	  6.616332E+02	  7.309088E-01	
  3.397180E+02	  6.510000E+02	  7.331956E-01	