*********************  Core Excitation Data  ********************
****************  A.P. Hitchcock & D.C. Mancini  ****************
*
* Formula: NH2CH2COOH
* Name: glycine
* Edge: O1s
* Alpha Formula: C2H5O2N
* Data Source:Hitchcock
* Filename:GL-0OOKK.OS
* Ref. Code: GC&03
* Write Date: O2/06/04
* Reference:
* Source and Purity: (harrison lab - sigma ??)
* Acquisition Mode:EELS, 2 deg, 2500 eV CRE mode, 0.7 eV fwhm
*--------------------------------------------------------------
* No. of Spectra:2 files         0glo           0glo.os   
*   E (eV)        Raw data             Osc. Str. per atom (E-2)
*--------------------------------------------------------------
        x             4y             5y
  5.225900E+02	  1.067000E+03	 -7.770704E-03	
  5.228900E+02	  1.082000E+03	  3.074208E-03	
  5.231901E+02	  1.086000E+03	  7.359131E-03	
  5.234890E+02	  1.072000E+03	  8.734876E-04	
  5.237891E+02	  1.057000E+03	 -6.222591E-03	
  5.240891E+02	  1.074000E+03	  5.830843E-03	
  5.243881E+02	  1.113000E+03	  3.108262E-02	
  5.246880E+02	  1.063000E+03	  2.968850E-03	
  5.246880E+02	  1.063601E+03	  3.329481E-03	
  5.249880E+02	  1.068890E+03	  8.367484E-03	
  5.252870E+02	  1.008282E+03	 -2.621303E-02	
  5.255870E+02	  1.038643E+03	 -6.121296E-03	
  5.258870E+02	  1.061343E+03	  9.385567E-03	
  5.261860E+02	  1.046902E+03	  2.520036E-03	
  5.264860E+02	  9.664539E+02	 -4.417782E-02	
  5.267850E+02	  1.012356E+03	 -1.468161E-02	
  5.270850E+02	  1.029658E+03	 -2.418429E-03	
  5.273850E+02	  1.024480E+03	 -3.737943E-03	
  5.276840E+02	  1.009585E+03	 -1.095468E-02	
  5.279840E+02	  1.046641E+03	  1.329174E-02	
  5.282841E+02	  1.026364E+03	  2.806445E-03	
  5.285830E+02	  1.017404E+03	 -8.422980E-04	
  5.288831E+02	  1.028505E+03	  7.689545E-03	
  5.291830E+02	  1.048974E+03	  2.192458E-02	
  5.294821E+02	  1.033444E+03	  1.426471E-02	
  5.297820E+02	  1.002972E+03	 -2.509597E-03	
  5.300820E+02	  1.066879E+03	  3.821248E-02	
  5.303810E+02	  1.102499E+03	  6.173487E-02	
  5.306810E+02	  1.132547E+03	  8.189421E-02	
  5.309800E+02	  1.287349E+03	  1.783229E-01	
  5.312800E+02	  1.550120E+03	  3.409627E-01	
  5.315800E+02	  2.070789E+03	  6.617727E-01	
  5.318790E+02	  2.447552E+03	  8.949420E-01	
  5.321790E+02	  2.518921E+03	  9.412183E-01	
  5.324790E+02	  2.280442E+03	  7.973745E-01	
  5.328831E+02	  1.780585E+03	  4.934384E-01	
  5.330320E+02	  1.538336E+03	  3.455665E-01	
  5.331820E+02	  1.444448E+03	  2.888243E-01	
  5.333320E+02	  1.355823E+03	  2.352708E-01	
  5.334821E+02	  1.335983E+03	  2.240129E-01	
  5.336320E+02	  1.280642E+03	  1.908796E-01	
  5.337820E+02	  1.301298E+03	  2.045406E-01	
  5.339310E+02	  1.376328E+03	  2.517213E-01	
  5.340811E+02	  1.411349E+03	  2.742749E-01	
  5.342310E+02	  1.502608E+03	  3.315408E-01	
  5.343810E+02	  1.626428E+03	  4.089517E-01	
  5.345310E+02	  1.706915E+03	  4.596699E-01	
  5.346801E+02	  1.907352E+03	  5.845200E-01	
  5.348300E+02	  2.068010E+03	  6.848984E-01	
  5.349800E+02	  2.116640E+03	  7.161008E-01	
  5.351300E+02	  2.223546E+03	  7.833727E-01	
  5.352800E+02	  2.298082E+03	  8.306707E-01	
  5.354301E+02	  2.299851E+03	  8.329612E-01	
  5.355790E+02	  2.191439E+03	  7.670067E-01	
  5.357290E+02	  2.187265E+03	  7.655855E-01	
  5.358790E+02	  2.034650E+03	  6.721517E-01	
  5.360291E+02	  1.919717E+03	  6.020026E-01	
  5.361790E+02	  1.827444E+03	  5.458490E-01	
  5.363280E+02	  1.730862E+03	  4.869639E-01	
  5.364780E+02	  1.675271E+03	  4.534861E-01	
  5.366281E+02	  1.629059E+03	  4.258036E-01	
  5.367780E+02	  1.657815E+03	  4.446835E-01	
  5.369280E+02	  1.682155E+03	  4.608330E-01	
  5.370780E+02	  1.731105E+03	  4.923011E-01	
  5.372271E+02	  1.809455E+03	  5.420815E-01	
  5.373770E+02	  1.854291E+03	  5.710468E-01	
  5.375270E+02	  1.870983E+03	  5.825084E-01	
  5.376771E+02	  1.887352E+03	  5.937763E-01	
  5.378270E+02	  1.931066E+03	  6.220965E-01	
  5.379760E+02	  2.015082E+03	  6.755632E-01	
  5.381260E+02	  1.982354E+03	  6.562522E-01	
  5.382761E+02	  2.018097E+03	  6.796557E-01	
  5.384260E+02	  2.065664E+03	  7.104599E-01	
  5.385760E+02	  2.075497E+03	  7.177190E-01	
  5.387260E+02	  2.018958E+03	  6.835063E-01	
  5.388751E+02	  2.164171E+03	  7.753838E-01	
  5.390250E+02	  2.165797E+03	  7.775417E-01	
  5.391750E+02	  2.227229E+03	  8.171199E-01	
  5.393250E+02	  2.207899E+03	  8.061761E-01	
  5.394750E+02	  2.239504E+03	  8.271185E-01	
  5.396240E+02	  2.238293E+03	  8.275099E-01	
  5.397740E+02	  2.231887E+03	  8.246520E-01	
  5.399240E+02	  2.255795E+03	  8.407971E-01	
  5.400740E+02	  2.283431E+03	  8.592932E-01	
  5.402241E+02	  2.242593E+03	  8.348314E-01	
  5.403740E+02	  2.207497E+03	  8.139521E-01	
  5.405230E+02	  2.216373E+03	  8.206641E-01	
  5.407241E+02	  2.165163E+03	  7.900179E-01	
  5.410240E+02	  2.132657E+03	  7.718349E-01	
  5.413231E+02	  2.218733E+03	  8.282564E-01	
  5.416230E+02	  2.195763E+03	  8.160697E-01	
  5.419230E+02	  2.200453E+03	  8.212973E-01	
  5.422220E+02	  2.154892E+03	  7.948056E-01	
  5.425220E+02	  2.150318E+03	  7.941589E-01	
  5.428220E+02	  2.076036E+03	  7.494354E-01	
  5.431210E+02	  2.059408E+03	  7.411022E-01	
  5.434210E+02	  2.143587E+03	  7.965924E-01	
  5.437210E+02	  2.132825E+03	  7.919964E-01	
  5.440200E+02	  2.125794E+03	  7.897461E-01	
  5.443200E+02	  2.087054E+03	  7.673612E-01	
  5.446190E+02	  2.046180E+03	  7.435688E-01	
  5.449190E+02	  2.035916E+03	  7.392027E-01	
  5.452191E+02	  2.092617E+03	  7.774451E-01	
  5.455180E+02	  2.005546E+03	  7.241536E-01	
  5.458181E+02	  1.985886E+03	  7.137514E-01	
  5.461180E+02	  1.980486E+03	  7.124239E-01	
  5.464171E+02	  1.988027E+03	  7.193450E-01	
  5.467170E+02	  1.978369E+03	  7.152853E-01	
  5.470170E+02	  1.931312E+03	  6.872894E-01	
  5.473160E+02	  1.921852E+03	  6.833039E-01	
  5.476160E+02	  1.896517E+03	  6.691396E-01	
  5.479160E+02	  1.936914E+03	  6.971000E-01	
  5.485150E+02	  1.849320E+03	  6.449669E-01	
  5.488140E+02	  1.806236E+03	  6.192816E-01	
  5.491140E+02	  1.769872E+03	  5.978772E-01	
  5.494141E+02	  1.749892E+03	  5.869824E-01	
  5.497130E+02	  1.743724E+03	  5.849590E-01	
  5.500131E+02	  1.761930E+03	  5.986558E-01	
  5.503130E+02	  1.725435E+03	  5.770537E-01	
  5.506121E+02	  1.673143E+03	  5.451968E-01	
  5.509120E+02	  1.742980E+03	  5.922650E-01	
  5.512120E+02	  1.679149E+03	  5.528941E-01	
  5.515110E+02	  1.606817E+03	  5.079396E-01	
  5.518110E+02	  1.679723E+03	  5.570662E-01	
  5.521110E+02	  1.664722E+03	  5.492329E-01	
  5.524100E+02	  1.675245E+03	  5.579485E-01	
  5.527100E+02	  1.569160E+03	  4.908953E-01	
  5.530090E+02	  1.579488E+03	  4.994393E-01	
  5.533090E+02	  1.567580E+03	  4.935220E-01	
  5.536090E+02	  1.591991E+03	  5.112522E-01	
  5.539080E+02	  1.563089E+03	  4.942371E-01	
  5.542080E+02	  1.590253E+03	  5.137827E-01	
  5.545081E+02	  1.560374E+03	  4.960985E-01	
  5.548070E+02	  1.578722E+03	  5.098979E-01	
  5.551071E+02	  1.546427E+03	  4.905894E-01	
  5.554070E+02	  1.593670E+03	  5.233218E-01	
  5.557061E+02	  1.547406E+03	  4.948212E-01	
  5.560060E+02	  1.573807E+03	  5.139310E-01	
  5.560060E+02	  1.567000E+03	  5.094669E-01	
  5.563060E+02	  1.597000E+03	  5.309613E-01	
  5.571430E+02	  1.515000E+03	  4.820769E-01	
  5.575920E+02	  1.478000E+03	  4.603467E-01	
  5.580410E+02	  1.549000E+03	  5.097780E-01	
  5.584910E+02	  1.508000E+03	  4.853688E-01	
  5.589401E+02	  1.479000E+03	  4.688156E-01	
  5.593900E+02	  1.431000E+03	  4.396381E-01	
  5.598391E+02	  1.539000E+03	  5.137630E-01	
  5.602891E+02	  1.443000E+03	  4.526943E-01	
  5.607380E+02	  1.384000E+03	  4.160405E-01	
  5.611880E+02	  1.462000E+03	  4.704243E-01	
  5.616370E+02	  1.396000E+03	  4.290174E-01	
  5.620870E+02	  1.513000E+03	  5.095340E-01	
  5.625360E+02	  1.394000E+03	  4.326653E-01	
  5.629860E+02	  1.416000E+03	  4.498566E-01	
  5.634351E+02	  1.430000E+03	  4.617190E-01	
  5.638840E+02	  1.411000E+03	  4.514857E-01	
  5.643340E+02	  1.427000E+03	  4.647039E-01	
  5.647830E+02	  1.397000E+03	  4.470381E-01	
  5.652330E+02	  1.347000E+03	  4.158731E-01	
  5.656820E+02	  1.452000E+03	  4.889864E-01	
  5.661320E+02	  1.362000E+03	  4.308078E-01	
  5.665811E+02	  1.339000E+03	  4.176964E-01	
  5.670310E+02	  1.334000E+03	  4.167119E-01	
  5.674800E+02	  1.364000E+03	  4.393915E-01	
  5.679301E+02	  1.434000E+03	  4.892182E-01	
  5.683790E+02	  1.331000E+03	  4.218096E-01	