energy	step1_	g1_	g2_	g3_
281.1448	0.030202929060304317	9.842569521351073e-19	1.3502988548100598e-32	5.257282090157428e-84
281.3394	0.030950447478858778	1.1602313556923416e-17	2.6646360747460927e-30	2.1733351335587225e-81
281.5098	0.03163596291324651	9.444452563292613e-17	2.3225719548770296e-28	3.9233966904525754e-79
281.7044	0.032456808039473116	9.63072117651823e-16	3.1809048677713097e-26	1.3530339156750447e-76
281.8991	0.03332168025967455	9.100582103817118e-15	3.594124286757104e-24	4.248716507223358e-74
282.0694	0.034116709104391525	6.091071102615826e-14	1.913977714001759e-22	5.995729801845812e-72
282.2641	0.03507323713762323	4.978718755482902e-13	1.500621872105744e-20	1.5704774826681507e-69
282.4344	0.035954780594228956	2.9352775773569253e-12	5.804923368068961e-19	1.8911536324583732e-67
282.6291	0.03701827535561216	2.0753276105183586e-11	3.158078140177658e-17	4.131969068406297e-65
282.8238	0.038146290708837655	1.358080871011617e-10	1.4138081591365506e-15	8.195493323379501e-63
282.9941	0.03919055501111532	6.591380493045085e-10	3.350023775549134e-14	7.738090374296024e-61
283.1888	0.04045635982160908	3.731031474125581e-09	1.0406567044330282e-12	1.2802430484725308e-58
283.3835	0.04180617532272253	1.9547126519278647e-08	2.6601634081886558e-11	1.9228209426121315e-56
283.5538	0.04306243388059413	7.810032506993442e-08	3.8609831629827525e-10	1.4235120240792722e-54
283.7484	0.04459303540617277	3.536649106624491e-07	6.8386599092111185e-09	1.779022468463541e-52
283.9431	0.046236534472173095	1.4834683463004312e-06	9.98271180581776e-08	2.0233816476151918e-50
284.1134	0.04777592813082693	4.879580225848845e-06	8.875817121379194e-07	1.1745799305473869e-48
284.3081	0.049665376555001	1.7704445774692504e-05	8.990376042515349e-06	1.1143446674373264e-46
284.5028	0.05170905691990915	5.945435751867281e-05	7.493567109059154e-05	9.597194375604955e-45
284.6731	0.053638308991742496	0.0001609930159830994	0.00040811316050274124	4.36830204313955e-43
284.8678	0.05602630815076238	0.00046765109216224645	0.002360387621588606	3.1381810898992157e-41
284.8836	0.056229359344422	0.0005081946121972095	0.0026985013867373685	4.4205872317539473e-41
284.9324	0.05686580285844616	0.0006548725300509099	0.004047361742472673	1.2685977855067924e-40
284.9812	0.057516659847542555	0.0008397940317292887	0.005996571479940567	3.6185007435979075e-40
285.0301	0.05818379982825325	0.001072242308616209	0.008783126212408295	1.0280607892239638e-39
285.0789	0.05886500687531842	0.0013617055625935984	0.012697916006311922	2.8969404689601922e-39
285.1033	0.0592115576762488	0.001531746273864274	0.0151977648044694	4.8518820372059976e-39
285.1522	0.05991836225312978	0.0019320353779380126	0.02158697067316892	1.3576357182010662e-38
285.201	0.06064054027427862	0.0024239533351165217	0.030266915880486363	3.7679094355204424e-38
285.2498	0.06138012019306677	0.0030263749127915325	0.04192048069707854	1.039389653139888e-37
285.2986	0.062137730382952706	0.0037601961035033087	0.057354296127958296	2.849817545997336e-37
285.3475	0.0629156398474625	0.0046512991865662	0.07756215852263751	7.782263980218809e-37
285.3719	0.06331103221968068	0.005162607739502308	0.08975542379230483	1.2817792275928922e-36
285.4207	0.06411671107459005	0.00633688467070422	0.11909500416247508	3.4613723554309435e-36
285.4696	0.06494458557302879	0.007743684852901943	0.15618644864133202	9.309366235244935e-36
285.5184	0.06579205055867374	0.009413011875454796	0.20222205802296173	2.48354061023543e-35
285.5672	0.06666159675969366	0.01138672511399217	0.2586397773893879	6.585415006620593e-35
285.6161	0.06755593811251742	0.01371264628893252	0.3269236630858396	1.7390637381579236e-34
285.6649	0.06847232386423284	0.01642728399016003	0.40800499697841697	4.55557751650035e-34
285.6893	0.06893975619760645	0.01794719146059588	0.45371240228603676	7.356439819574487e-34
285.7382	0.06989570036981035	0.021351432578155412	0.5561571989797487	1.9132993765711948e-33
285.787	0.070876046048342	0.025269137524942913	0.6731468697773474	4.936365360870887e-33
285.8358	0.07188380776403766	0.029760697944076694	0.804829180466253	1.2658795837523217e-32
285.8847	0.07292228456402053	0.03489186680009039	0.950871561570331	3.232720776657661e-32
285.9335	0.07398843995173593	0.04069594712741938	1.1093486930807934	8.189725623786603e-32
285.9823	0.07508564457798438	0.04723537942595672	1.2784858018480862	2.0622021862676866e-31
286.0067	0.07564630899436207	0.050796526644591215	1.3662036208702635	3.2649193917632455e-31
286.0556	0.07679502518014328	0.0585474744168876	1.5462160182508824	8.16180999112407e-31
286.1044	0.07797599905649334	0.0671341232519511	1.7281886285827743	2.02415980146923e-30
286.1532	0.07919309915533325	0.07660687928943183	1.9080674999794265	4.9895783288083004e-30
286.2021	0.08045058302544673	0.08701467243738907	2.0813719760485094	1.2247245313113762e-29
286.2509	0.08174505588092548	0.09833116862046372	2.2423563341186727	2.982452420681626e-29
286.2997	0.08308090185386345	0.11058066692295551	2.386388616224655	7.218872386228545e-29
286.3242	0.08376777564786192	0.11707976606644481	2.4508094055963006	1.1225580733684931e-28
286.373	0.08516949938015632	0.13070718609919932	2.5606935351450373	2.6924047597926717e-28
286.4218	0.08661775048353484	0.1452132942088312	2.642939901689644	6.418486246548539e-28
286.4707	0.08811794110236881	0.16057937119439994	2.694699628099258	1.5235286843074278e-27
286.5195	0.08966638098130027	0.17667330238126203	2.713890863167094	3.5880539032505434e-27
286.5683	0.09126868902771654	0.19343782231016476	2.69995180166159	8.399008399213574e-27
286.5927	0.09209090370269266	0.20203895475464642	2.6806704912482293	1.2821027122199803e-26
286.6416	0.09378279687807808	0.219640054485338	2.6182016950955327	2.979058675505119e-26
286.6904	0.09553245937137174	0.23757509868736792	2.5261542989739376	6.868225390984412e-26
286.7393	0.09735035000724371	0.25576608175457083	2.4074099701098466	1.5765436783376851e-25
286.7881	0.0992325422653066	0.27397225692994037	2.266517949900787	3.590769661914812e-25
286.8369	0.10118643774106902	0.29205155155711204	2.1078994325742664	8.128863300172873e-25
286.8857	0.1032160573299861	0.30981450128175475	1.9365210720530561	1.829080528887771e-24
286.9102	0.1042649225047427	0.31855142665508435	1.8472583024271567	2.7419587583223207e-24
286.959	0.10641648909458473	0.335468226769058	1.666140008284622	6.113636541871515e-24
287.0078	0.10865518166105007	0.3515705797068321	1.4844889696218146	1.3548744322938566e-23
287.0567	0.11099104126300106	0.36668925306152556	1.3061858646894804	2.989229704369559e-23
287.1055	0.11342008534446008	0.38056914570572653	1.1355932313632278	6.544474480976671e-23
287.1543	0.11595298754145375	0.3930594682088647	0.9752640755366186	1.424134479497079e-22
287.2032	0.1186017463705578	0.40401220892361867	0.8270875130752353	3.085118134040927e-22
287.2276	0.11996701089834151	0.40884416307862037	0.7583019012423713	4.526868169582772e-22
287.2764	0.12278923325516718	0.41715878794500943	0.6315892338718566	9.70220607250923e-22
287.3253	0.12574649767581883	0.4235900112019916	0.5194333491042876	2.0700183003159727e-21
287.3741	0.12883521150661517	0.4280195114130948	0.4221577207549732	4.382913408596652e-21
287.4229	0.13207048124596565	0.4303984680866312	0.3389231699536281	9.223852075149934e-21
287.4717	0.13546227264375676	0.4306923523333204	0.2687877049496465	1.9294010105008802e-20
287.5206	0.13902886976361228	0.42889107816529254	0.210463340861245	4.01737222067388e-20
287.545	0.14087499741008938	0.4272147147133904	0.18542636921613675	5.779431167772993e-20
287.5938	0.14470783284591326	0.4223393569739122	0.14261748570749824	1.1906707714738245e-19
287.6427	0.14874777445948112	0.41547939690054564	0.10829432790449996	2.4417104178447227e-19
287.6915	0.15299277658971913	0.4067608119435452	0.08127543923564785	4.969547103416324e-19
287.7403	0.15746661140210363	0.39629446986064853	0.06025520331089952	1.0053104566411567e-18
287.7892	0.16219631230786674	0.384199256868628	0.04409899815643254	2.0242456687172584e-18
287.838	0.16718116287878282	0.37068899116055537	0.03190188079850499	4.045411133459978e-18
287.8624	0.16977905161923637	0.363450070446074	0.02700944600069689	5.705880392474423e-18
287.9113	0.1752106289207476	0.34808984389082454	0.019169717686236976	1.1315365204763082e-17
287.9601	0.18094989431927652	0.33179010378459023	0.013449199120496014	2.2272268161156596e-17
288.0089	0.18703248094786026	0.3147203298599828	0.009320919260636737	4.3573360144673476e-17
288.0577	0.19348527851236735	0.297081399129051	0.006381204821043101	8.473023086491659e-17
288.1066	0.20035179983576928	0.2790343013953455	0.004311959524406626	1.6398351140832262e-16
288.131	0.2039376741666444	0.26995034971308157	0.0035296984946045365	2.2745568094365843e-16
288.1798	0.21144886466217738	0.251740717373317	0.002343552516688912	4.356227488172663e-16
288.2287	0.21945861865986468	0.23358431939567098	0.001535721819015272	8.303386165337992e-16
288.2775	0.22797099680338373	0.2157185625093449	0.000994951632050355	1.571032094067246e-15
288.3263	0.23704057632649028	0.19825339972814143	0.0006367559310834341	2.954442972463505e-15
288.3752	0.2467281090767575	0.1812848174071699	0.00040217224545318047	5.529436205768608e-15
288.424	0.25703540171979694	0.1649942543507622	0.0002511513169930193	1.0272767628368776e-14
288.4484	0.2624416769764735	0.157119829663934	0.00019756169694030502	1.3970149241492052e-14
288.4973	0.2738092153415458	0.1419318540172799	0.00012100622665306047	2.5750708280846406e-14
288.5461	0.28589531502062276	0.12761630663758664	7.328654099998277e-05	4.711858244603912e-14
288.5949	0.2987591347279834	0.11418834025480973	4.384522932945951e-05	8.569509941397351e-14
288.6437	0.31243200374721974	0.1016779175238184	2.591206854028405e-05	1.5491036985363375e-13
288.6926	0.32696795031192594	0.0900764076245354	1.5110505895259906e-05	2.78666334106706e-13
288.7414	0.3423200824681244	0.07943103132492312	8.713869993340494e-06	4.976512124873442e-13
288.7658	0.350313168877828	0.07445403830189296	6.5869249920025195e-06	6.635224514297799e-13
288.8147	0.3669592565321472	0.06515995255491631	3.724993441933749e-06	1.1755538524502101e-12
288.8635	0.3843789421993591	0.0567647607128461	2.08329478072749e-06	2.0676618559525734e-12
288.9123	0.40255396430768364	0.04921144946764312	1.1509529097377708e-06	3.6147414253632426e-12
288.9612	0.42144804446451595	0.04244330830738885	6.273379814582127e-07	6.28817613615783e-12
289.01	0.440883519907416	0.036439367932484666	3.381899872409241e-07	1.086021633551128e-11
289.0588	0.46077479873457144	0.031133054757730365	1.8009494563785492e-07	1.8642879313971046e-11
289.0833	0.47088858602489636	0.028715162702941187	1.306489228674599e-07	2.439697580363409e-11
289.1321	0.4911901019463611	0.024355205397101575	6.830588749421365e-08	4.149981863127514e-11
289.1809	0.5115634653746854	0.0205570884728666	3.5277033657085735e-08	7.016445160718368e-11
289.2297	0.5318426114577074	0.017267151792814302	1.799730996251021e-08	1.179095019612001e-10
289.2786	0.5519066818166414	0.014428042171429071	9.057105931850345e-09	1.9714920951661773e-10
289.3274	0.5715238733458607	0.012001644720889224	4.508762071163572e-09	3.272975602857912e-10
289.3518	0.5811385155930626	0.010926119172247567	3.1666266283433056e-09	4.2075269557974083e-10
289.4007	0.5999458122020672	0.009019048359358838	1.5454130807969997e-09	6.928768242441639e-10
289.4495	0.6180225498765634	0.00741161731326091	7.461146998192361e-10	1.1329224629481479e-09
289.4983	0.6353356143759208	0.006061143302339591	3.558346410697658e-10	1.8412174146039717e-09
289.5471	0.6518366865298314	0.004932708033258737	1.6763799955772065e-10	2.9742035879975483e-09
289.596	0.6675304520711416	0.003993150982560746	7.78918725148624e-11	4.779865778890518e-09
289.6448	0.6823449920532716	0.003218257952901803	3.580706484744286e-11	7.627766308028199e-09
289.6693	0.689465456983136	0.0028826078747102844	2.412737432526205e-11	9.622967632431585e-09
289.7181	0.7030273309542303	0.002306323920181937	1.0889254955776781e-11	1.5216907270611046e-08
289.7669	0.7157839929743596	0.0018363029475607368	4.854761358069441e-12	2.391687845495809e-08
289.8157	0.7277676317811198	0.0014549821076098631	2.138056721893596e-12	3.7363136976978137e-08
289.8646	0.7390377586626913	0.001146691597885381	9.285515162196644e-13	5.806732085281565e-08
289.9134	0.7495884858648805	0.0008997756028083733	3.990337903443773e-13	8.961623260363757e-08
289.9622	0.7594850661468422	0.0007026047627855124	1.6939280495691665e-13	1.3746822012098934e-07
289.9867	0.7642200818368391	0.0006194176177204111	1.096654358237428e-13	1.7001833313233447e-07
290.0355	0.7732119762274429	0.00048016449604701796	4.5705301764933323e-14	2.5843246657699537e-07
290.0843	0.7816520065353233	0.0003704126663558909	1.881676705349959e-14	3.9044433374873693e-07
290.1331	0.7895786295541989	0.0002843615722988048	7.652530203181066e-15	5.863162213435292e-07
290.182	0.7970431242221482	0.0002171218392691683	3.0685249366824063e-15	8.758286338475127e-07
290.2308	0.8040493376696631	0.00016506798453083885	1.2177048466427233e-15	1.2992956458243534e-06
290.2797	0.8106582085841139	0.00012481335385273752	4.764278646717814e-16	1.9173457864217366e-06
290.3041	0.8138111960262742	0.00010836566289184916	2.9692331984237025e-16	2.322912240695899e-06
290.3529	0.8198458239811115	8.138979216848032e-05	1.1427463086228957e-16	3.39404870920841e-06
290.4017	0.8255406073562609	6.083275431199844e-05	4.3444715995866375e-17	4.929059631137425e-06
290.4506	0.8309308286220597	4.5219810645596834e-05	1.6282784431141533e-17	7.120241932689671e-06
290.4994	0.8360171233073945	3.3471142889690584e-05	6.040433986684409e-18	1.0215433714208087e-05
290.5482	0.8408316734022018	2.4654808725102153e-05	2.213549446424897e-18	1.4567318073905916e-05
290.5727	0.8431524444520017	2.1108106337605654e-05	1.3310705276324015e-18	1.73684749259227e-05
290.6215	0.847594362511617	1.5435119065897865e-05	4.788876954889031e-19	2.4542577469312914e-05
290.6703	0.8518096517942827	1.1232074823961195e-05	1.701954343238313e-19	3.446984958641558e-05
290.7191	0.8558138535786752	8.13390854844791e-06	5.975080332453777e-20	4.811930425533731e-05
290.768	0.8596288684924737	5.8577950010734674e-06	2.0676321817275916e-20	6.68111259369491e-05
290.8168	0.8632522612985479	4.20095208292293e-06	7.083068795533918e-21	9.213927698416959e-05
290.8657	0.8667110334333973	2.9960441851174283e-06	2.391561257194107e-21	0.00012638032908331834
290.8901	0.86837599976527	2.5264223953702806e-06	1.3848303169338062e-21	0.00014762687410079097
290.9389	0.8715908834601692	1.7899398190875916e-06	4.600847954393992e-22	0.00020052007484279931
290.9877	0.8746604982621647	1.2620024262748538e-06	1.5099439137752767e-22	0.0002707141928952478
291.0366	0.8775998159872294	8.848175546222594e-07	4.883795345177539e-23	0.00036348285040752054
291.0854	0.8804052266864373	6.178026292806401e-07	1.5639855097584275e-23	0.00048478943940927894
291.1342	0.8830906383607763	4.2927447675061176e-07	4.9475433653665755e-24	0.0006426627224494294
291.1831	0.885668390717857	2.9660548527146023e-07	1.542366140725827e-24	0.0008472597291131366
291.2075	0.8869143689482287	2.4619135867048223e-07	8.58236320287217e-25	0.0009703300504838509
291.2563	0.8893298366723762	1.689962347318553e-07	2.6330367216923686e-25	0.0012669102943630025
291.3051	0.8916482161266507	1.15443781824554e-07	7.979736640644714e-26	0.0016441179919872769
291.354	0.8938794864556028	7.841654628568803e-08	2.382994406070255e-26	0.0021218010251554485
291.4028	0.8960196460288614	5.304879080145634e-08	7.04704425628831e-27	0.0027202438055644023
291.4517	0.8980822439559939	3.568438830093411e-08	2.053392532121665e-27	0.003468045074547624
291.5005	0.9000632793535791	2.390673658694653e-08	5.925271953464134e-28	0.004392421075825675
291.5249	0.9010261238342563	1.953213877613836e-08	3.168341960032154e-28	0.004932008976357425
291.5737	0.9028989122086896	1.2990497425792194e-08	8.976164083665404e-29	0.006189907962450593
291.6226	0.9047078689913353	8.590562525052282e-09	2.5054881526891532e-29	0.0077250146694569895
291.6714	0.9064490720935534	5.658115968959094e-09	6.926333856259237e-30	0.009578019220303506
291.7202	0.9081295326653378	3.7086118297958764e-09	1.891455398410653e-30	0.011803555023614597
291.7691	0.9097555538384099	2.4168949351299034e-09	5.0886069643188334e-31	0.014464003076717113
291.8179	0.9113233320718777	1.5688144030790665e-09	1.3559507805359712e-31	0.017609283620191915
291.8423	0.9120874877705758	1.2616443612985617e-09	6.96742079134127e-32	0.0193855690879791
291.8912	0.9135809221829945	8.12253197426074e-10	1.8177774723694658e-32	0.023395758208062938
291.94	0.9150227497403093	5.208637508862652e-10	4.6976307437923125e-33	0.02805347931596227
291.9888	0.9164183491895824	3.323886089192296e-10	1.1992194162339122e-33	0.03343467245921051
292.0377	0.9177725831591068	2.1088766628751931e-10	3.0155640740067696e-34	0.0396201575281935
292.0865	0.9190819266283715	1.3327461610806835e-10	7.511742114055433e-35	0.0466490277949685
292.1109	0.9197214154397696	1.0575576592440843e-10	3.73192004233977e-35	0.05050287146176129
292.1597	0.9209711582236647	6.634898054880761e-11	9.126975051067279e-36	0.0589228263878419
292.2086	0.9221858000723961	4.1383989737004335e-11	2.1985348993883334e-36	0.06835037686974495
292.2574	0.9233620092769091	2.571205678820424e-11	5.246627494886566e-37	0.07878154086397256
292.3062	0.9245038494917641	1.5897563665481605e-11	1.2368263062360632e-37	0.09025447853511748
292.3551	0.9256150168430801	9.771905234146977e-12	2.871550424006537e-38	0.10279847203387185
292.4039	0.926692345947424	5.983389326946591e-12	6.60537173159978e-39	0.11634480826101484
292.4283	0.927219595548886	4.673473186569873e-12	3.153503213252574e-39	0.1234916113812292
292.4772	0.928254132084177	2.83789625788654e-12	7.10013954849934e-40	0.1385282183368946
292.526	0.9292581202741506	1.7166566464638776e-12	1.5839477196962357e-40	0.15441696850989542
292.5748	0.930234842678018	1.033379059437474e-12	3.4905705283247156e-41	0.17108523435473516
292.6237	0.9311872990950926	6.183964489745139e-13	7.574801503878553e-42	0.18844033840845784
292.6725	0.9321126186717273	3.686527398263961e-13	1.6288427719188448e-42	0.20625640342876286
292.7213	0.9330137467671453	2.1870425783085996e-13	3.4599409693473213e-43	0.2243890907814047
292.7457	0.9334555291228341	1.6814563949655472e-13	1.5873366999297423e-43	0.2335119781772612
292.7946	0.9343238383102473	9.89204296705213e-14	3.2997458246857903e-44	0.2517727521579752
292.8434	0.9351683806714794	5.797552291974558e-14	6.797718155886515e-45	0.26977360183372834
292.8922	0.9359917684792474	3.381369634774609e-14	1.3833352260717115e-45	0.2873101089174604
292.9411	0.9367964012160154	1.9603950781186922e-14	2.771660925551239e-46	0.30416625208832715
292.9899	0.9375797267348149	1.1323112931244621e-14	5.503724865682736e-47	0.32002104649856106
293.0388	0.9383456613088498	6.5010333830041535e-15	1.0759693320098387e-47	0.3346908898507041
293.0632	0.9387209451098874	4.919766408832719e-15	4.7435028491911e-48	0.341480246257281
293.112	0.9394581353955943	2.8072793198184356e-15	9.13500781959421e-49	0.3538584129454092
293.2384	0.9412885121942175	6.417345092247729e-16	1.210605915328383e-50	0.3772352290040315
293.4331	0.9439031743439438	6.200037600854101e-17	1.3209060553098126e-53	0.3843828028455505
293.6278	0.9462970041829772	5.544146958794846e-18	1.1859934813859853e-56	0.3555522599614121
293.7981	0.9482307880636399	6.297022284631806e-19	2.1863019041577965e-59	0.3067904026834058
293.9928	0.9502790939835336	4.870675570637641e-20	1.362110965096451e-62	0.23671286038082212
