energy	step1_	g1_	g2_	g3_
396.129	0.01058665668259362	1.4512822258282417e-34	1.5325191550380646e-19	2.4251847072080424e-32
396.379	0.010888320805357121	2.3019524661899555e-31	3.99892936025423e-18	1.6918328782205127e-30
396.628	0.0112063588351895	2.456756019693699e-28	9.073035769371792e-17	1.0221929241069535e-28
396.878	0.011544921671795771	1.8658310995919447e-25	1.8353657129237596e-15	5.528122778581433e-27
397.128	0.011904569068481752	9.798172092929959e-23	3.268119295620257e-14	2.631647917432175e-25
397.378	0.012287332929975914	3.557789386228657e-20	5.122458913689446e-13	1.1027655402250361e-23
397.627	0.01269382805389202	8.743752314513298e-18	6.9954485156511995e-12	4.0103916450504964e-22
397.877	0.01312992738131552	1.5201933996083956e-15	8.500183815684477e-11	1.3027898252986506e-20
398.127	0.01359703848006405	1.827520574682459e-13	9.091726565391795e-10	3.725351232447414e-19
398.376	0.014096509159099324	1.4935798090575757e-11	8.485643120508682e-09	9.259171777240313e-18
398.626	0.014636288631830863	8.59721306684258e-10	7.036148249371587e-08	2.052566225270425e-16
398.876	0.015219019443165172	3.42175872184169e-08	5.135591786126472e-07	4.005230467472635e-15
399.046	0.01564249672712531	3.393501440467546e-07	1.8448573471775098e-06	2.8080877977551857e-14
399.146	0.015902783676153553	1.2082410312419806e-06	3.807913891155806e-06	8.58944174669172e-14
399.246	0.016171871830911844	4.055282486881703e-06	7.701020780333293e-06	2.574281539350575e-13
399.346	0.016450214862440804	1.2830708371822255e-05	1.5259711355514526e-05	7.559341984137508e-13
399.446	0.016738298137710383	3.8268562228460755e-05	2.9626557411745664e-05	2.174947566594321e-12
399.546	0.017036641534180164	0.00010759588139206593	5.6357654176458456e-05	6.131269938874341e-12
399.646	0.01734580255939039	0.0002851747956757383	0.0001050416350511278	1.6935145407870873e-11
399.746	0.0176663798148205	0.0007125061551742484	0.00019182574166586112	4.583152097684677e-11
399.845	0.017995628551212117	0.0016643114659804599	0.0003412763521987058	1.203608395242469e-10
399.945	0.018340887026611352	0.003697366027221587	0.0005984307963019399	3.127684044619975e-10
400.045	0.018699637146594783	0.007743053813359475	0.0010281548327051996	7.963379049865494e-10
400.145	0.01907268452139821	0.01528600856431479	0.0017307723748018371	1.9865923062645256e-09
400.245	0.019460900121057834	0.028447094104944087	0.002854685279470293	4.8557571399931214e-09
400.345	0.019865227032123567	0.04990495981135973	0.004613317699945649	1.1628990426386772e-08
400.445	0.020286688069080405	0.08252993457006283	0.007304749697826185	2.7287510500867835e-08
400.545	0.020726394369142864	0.12865932876334074	0.01133272008333729	6.273684377518203e-08
400.645	0.021185555121676802	0.18907453963821266	0.017226610407795304	1.4132476223881987e-07
400.744	0.02166058183031422	0.2611549021549779	0.02555737213940686	3.0949686654506726e-07
400.844	0.022162498312675083	0.341248155495493	0.037303037165666665	6.694438868080304e-07
400.944	0.02268818693993241	0.4203435935146978	0.05334688144148382	1.4187600501164878e-06
401.044	0.023239374465238605	0.4880907110994742	0.0747499191537384	2.946053092252242e-06
401.144	0.023817958705434128	0.5342673597711312	0.10262407730871456	5.99389367464587e-06
401.244	0.024426030219109385	0.5512882449075814	0.13804626183671623	1.19485264034978e-05
401.344	0.02506589735981113	0.5362419821418185	0.18194364190608855	2.3337616974336157e-05
401.444	0.025740115332372915	0.49170529052451545	0.2349556882169275	4.4661727274810624e-05
401.543	0.026444211820321695	0.4257658142684028	0.2966155426664365	8.322716168912362e-05
401.643	0.0271955390896631	0.3471324530111179	0.36779456776968544	0.00015293483457961
401.743	0.02799069461435999	0.26679742668258616	0.4468415648331028	0.0002753496942608317
401.843	0.028833617803542266	0.19329919500841722	0.5319106241905583	0.00048573525590346026
401.943	0.029728733329773882	0.1320202176222597	0.6203840347757593	0.0008395595427643437
402.043	0.03068102797838279	0.08499880755707696	0.7089562057422341	0.0014218056155970397
402.143	0.03169614252710529	0.051587824260739504	0.7938072318038619	0.002359205626753224
402.243	0.03278048218794111	0.02951505386871135	0.8708583918293954	0.0038355549832729896
402.342	0.03392933613547394	0.01602176152217977	0.9355070350522459	0.006082041196965464
402.442	0.035174201566860575	0.008150551417297012	0.9854665193135282	0.009494543774225534
402.542	0.03651347814703715	0.003908640337828741	1.0171231461551755	0.014522309627820073
402.642	0.03795827616000774	0.0017669587779080996	1.0285894090163668	0.021763770132110612
402.742	0.03952151082557748	0.0007529898389549025	1.0191718185946117	0.031957251151308395
402.842	0.041218282124308614	0.00030249193747027003	0.9894403376680605	0.04597709723647839
402.942	0.04306635409936843	0.00011455142109189351	0.9411712764664815	0.06481126956303641
403.042	0.04508676518296861	4.089301660497149e-05	0.8771716047871961	0.08951511134652744
403.142	0.04730461296993338	1.3761310888220674e-05	0.8010088452855972	0.12113761837632629
403.241	0.049724378620914056	4.417185473966205e-06	0.7175528326084417	0.16018329776208726
403.341	0.05243120000698881	1.3217114508695587e-06	0.6291713765895043	0.20814320200976966
403.441	0.05544653229845564	3.7281180845588087e-07	0.5405313376009027	0.2649989050864248
403.541	0.05882565976651838	9.912989742564354e-08	0.4549981654454314	0.3305694955535953
403.641	0.06263772525155026	2.484743960694035e-08	0.3752625807755919	0.404034376569719
403.741	0.06697028828853202	5.871115450245961e-09	0.30324784530329885	0.4838499583652905
403.841	0.07193577061235396	1.3077405401004743e-09	0.24010269443512372	0.5677275183656164
403.941	0.07768074341957659	2.7458989033993236e-10	0.18626582961812718	0.6526886043993289
404.04	0.08432678305590846	5.525494471529422e-11	0.14198463138357215	0.7344053053511117
404.14	0.09226824638150838	1.0316074387018417e-11	0.105764475925021	0.8107075479260253
404.24	0.10180465988734355	1.8155983162587195e-12	0.07719250819068411	0.8768584159943342
404.34	0.1134464900335711	3.012222633398241e-13	0.05520104897738537	0.9292478825548033
404.44	0.12793296645049146	4.7110352453540116e-14	0.03867731843261096	0.9648738425731146
404.54	0.14636252389855547	6.9455657874952504e-15	0.02655230504214617	0.9816266333673783
404.64	0.1704059974988405	9.652968633082098e-16	0.01786014369758118	0.9784958330301157
404.74	0.20263818751969764	1.264666895926933e-16	0.01177076030789485	0.9556711492136165
404.839	0.24643369302856438	1.5953777531936818e-17	0.007634915576739747	0.9150183982728941
404.939	0.30789092544667207	1.8584853720495352e-18	0.004831546155287908	0.8581074004252646
405.039	0.39113597784150883	2.0408766292755401e-19	0.002995745209070421	0.7884793351099993
405.139	0.4927874969215762	2.1126927775851807e-20	0.0018199542110410123	0.7098651100766662
405.239	0.5958804947615031	2.061664214516652e-21	0.001083310361202628	0.6261785605249514
405.339	0.6821205494918541	1.8965378198418687e-22	0.0006318037214108656	0.5411995215922178
405.439	0.7463519518999902	1.6446256994792558e-23	0.0003610341717330916	0.4583038034375052
405.539	0.7925417888574641	1.3444189553208368e-24	0.00020213954646960015	0.38026501038427724
405.639	0.8260503505861378	1.0360105348040517e-25	0.00011088967524511338	0.3091406517665273
405.738	0.8507440539326443	7.72806380051414e-27	5.998019721817763e-05	0.24682805681019393
405.838	0.8698227322006566	5.295178481525061e-28	3.159439475926373e-05	0.19267554778070237
405.938	0.8847707809344967	3.420207834391036e-29	1.6306060083795946e-05	0.1473654002036619
406.038	0.8967496384500746	2.0825065765347192e-30	8.245649755509575e-06	0.110433618002652
406.138	0.9065382603546828	1.19531468644651e-31	4.085428143693976e-06	0.08108563474882843
406.238	0.9146726669719732	6.467554833216533e-33	1.983294083652203e-06	0.05833421905933252
406.338	0.9215311231596622	3.2988302866312056e-34	9.43351411609531e-07	0.04111873098587612
406.438	0.9273869007748117	1.58614109306268e-35	4.396395334040398e-07	0.02839833414512659
406.537	0.9323945630728223	7.417355938028122e-37	2.0235087746472885e-07	0.01929402543902746
406.637	0.9368059358665544	3.171110119494099e-38	9.05504583024571e-08	0.012794942395562527
406.737	0.9406831568128391	1.2780137220061286e-39	3.970206177892708e-08	0.00831362958342871
406.837	0.9441167360967047	4.855362950503054e-41	1.7055808696903076e-08	0.005292731383540931
407.133	0.9523061508281632	2.1470074556124725e-45	1.241030762369958e-09	0.0012338054066399178
407.383	0.9575689995896337	3.0141262639887326e-49	1.1805029109316087e-10	0.0003137660880331737
407.632	0.9617756180279873	3.0382436481368247e-53	9.985634380118928e-12	7.067749043660897e-05
407.882	0.9652390122531184	2.0422848279175379e-57	7.363636574618895e-13	1.3933897924759351e-05
408.132	0.9681288593191739	9.492321957709573e-62	4.779850655912808e-14	2.4180730935769636e-06
408.382	0.9705763576069261	3.0506405998558944e-66	2.7311251688014067e-15	3.6937842072667817e-07
408.631	0.9726678167241454	7.081155597207415e-71	1.3905236930415216e-16	5.008121171205458e-08
408.881	0.9744890794990688	1.0896538228557284e-75	6.159391939658034e-18	5.930742847772148e-09
