*********************  Core Excitation Data  ********************
****************  A.P. Hitchcock & D.C. Mancini  ****************
*
* Formula: p-NH2C6H4NO2
* Name: para nitroaniline
* Edge: C 1s
* Alpha Formula: C6H6N2O2
* Data Source: Hitchcock
* Filename:  nq-0cckk.os
* Ref. Code: TUH96
* Write Date: 08/05/98
* Reference: Can. J. Chem. 74 (1996) 851.
* Source and Purity: scavenged from chem fume hood
* Acquisition Mode: EELS, 2 deg, 2500eV CRE mode, 0.7eV fwhm
*--------------------------------------------------------------
* No. of Spectra: 2	name1- 0nqc	name2- 0nqc.os
*   E (eV)        Raw data             Osc. Str. per atom (E-2)
*--------------------------------------------------------------

  2.767092E+02	  1.620571E+04	 -7.196083E-04	
  2.769147E+02	  1.616678E+04	 -1.285070E-03	
  2.771088E+02	  1.604581E+04	 -4.519275E-03	
  2.773143E+02	  1.613388E+04	 -1.019022E-03	
  2.775085E+02	  1.615152E+04	  1.892623E-04	
  2.777140E+02	  1.606585E+04	 -1.885718E-03	
  2.779081E+02	  1.616545E+04	  1.961432E-03	
  2.781136E+02	  1.604668E+04	 -1.185899E-03	
  2.783077E+02	  1.607067E+04	  2.290914E-04	
  2.785132E+02	  1.618284E+04	  4.534199E-03	
  2.787073E+02	  1.596101E+04	 -1.998275E-03	
  2.789128E+02	  1.596803E+04	 -1.094743E-03	
  2.791069E+02	  1.592814E+04	 -1.749569E-03	
  2.793125E+02	  1.611405E+04	  4.965492E-03	
  2.795066E+02	  1.594319E+04	  5.446956E-05	
  2.797121E+02	  1.602041E+04	  3.246749E-03	
  2.799062E+02	  1.593323E+04	  1.047729E-03	
  2.801117E+02	  1.583405E+04	 -1.511914E-03	
  2.803058E+02	  1.581443E+04	 -1.515866E-03	
  2.805114E+02	  1.572962E+04	 -3.617019E-03	
  2.807169E+02	  1.590148E+04	  2.686109E-03	
  2.809110E+02	  1.588667E+04	  2.841898E-03	
  2.811165E+02	  1.584631E+04	  2.195022E-03	
  2.813106E+02	  1.572370E+04	 -1.197141E-03	
  2.815161E+02	  1.556525E+04	 -5.741776E-03	
  2.817102E+02	  1.569608E+04	 -7.976135E-04	
  2.819157E+02	  1.575674E+04	  1.878481E-03	
  2.821098E+02	  1.567618E+04	 -1.454409E-04	
  2.823154E+02	  1.590037E+04	  7.948083E-03	
  2.825095E+02	  1.596424E+04	  1.071016E-02	
  2.827150E+02	  1.592475E+04	  1.008681E-02	
  2.829091E+02	  1.594492E+04	  1.140465E-02	
  2.831146E+02	  1.588928E+04	  1.024156E-02	
  2.833087E+02	  1.598782E+04	  1.417024E-02	
  2.835143E+02	  1.599631E+04	  1.514344E-02	
  2.837083E+02	  1.617323E+04	  2.170222E-02	
  2.839138E+02	  1.713972E+04	  5.470492E-02	
  2.841080E+02	  1.855154E+04	  1.026494E-01	
  2.843135E+02	  2.299652E+04	  2.523836E-01	
  2.845076E+02	  3.239679E+04	  5.686606E-01	
  2.846139E+02	  4.052915E+04	  8.423662E-01	
  2.847479E+02	  5.522049E+04	  1.337062E+00	
  2.848080E+02	  6.107038E+04	  1.534356E+00	
  2.849108E+02	  7.003576E+04	  1.837159E+00	
  2.850135E+02	  7.634853E+04	  2.051083E+00	
  2.851163E+02	  7.956231E+04	  2.160926E+00	
  2.852076E+02	  7.980367E+04	  2.170568E+00	
  2.853104E+02	  7.707545E+04	  2.080299E+00	
  2.854132E+02	  7.244451E+04	  1.925730E+00	
  2.855159E+02	  6.712886E+04	  1.747853E+00	
  2.856073E+02	  6.207987E+04	  1.578608E+00	
  2.857100E+02	  5.663846E+04	  1.396047E+00	
  2.858128E+02	  5.254844E+04	  1.258954E+00	
  2.859156E+02	  4.916298E+04	  1.145527E+00	
  2.860069E+02	  4.699508E+04	  1.073068E+00	
  2.861096E+02	  4.493927E+04	  1.004433E+00	
  2.862124E+02	  4.367727E+04	  9.626194E-01	
  2.863152E+02	  4.200241E+04	  9.067481E-01	
  2.864065E+02	  4.001144E+04	  8.399805E-01	
  2.865093E+02	  3.745020E+04	  7.538618E-01	
  2.866120E+02	  3.506026E+04	  6.734550E-01	
  2.867461E+02	  3.269239E+04	  5.939123E-01	
  2.868062E+02	  3.187888E+04	  5.666482E-01	
  2.869089E+02	  3.137982E+04	  5.503483E-01	
  2.870117E+02	  3.189168E+04	  5.684646E-01	
  2.871144E+02	  3.327464E+04	  6.162960E-01	
  2.872058E+02	  3.477554E+04	  6.681259E-01	
  2.873085E+02	  3.684534E+04	  7.395151E-01	
  2.874113E+02	  3.870881E+04	  8.039474E-01	
  2.875140E+02	  3.968192E+04	  8.380365E-01	
  2.876168E+02	  4.044196E+04	  8.648829E-01	
  2.877082E+02	  4.039195E+04	  8.639506E-01	
  2.878109E+02	  3.981530E+04	  8.450863E-01	
  2.879137E+02	  3.912218E+04	  8.222078E-01	
  2.880164E+02	  3.839906E+04	  7.982716E-01	
  2.881078E+02	  3.813009E+04	  7.897883E-01	
  2.882105E+02	  3.794300E+04	  7.841962E-01	
  2.883133E+02	  3.806898E+04	  7.893463E-01	
  2.884160E+02	  3.864107E+04	  8.098295E-01	
  2.885074E+02	  3.883618E+04	  8.172843E-01	
  2.886102E+02	  3.877580E+04	  8.160514E-01	
  2.887129E+02	  3.897075E+04	  8.236052E-01	
  2.888157E+02	  3.873047E+04	  8.161777E-01	
  2.889070E+02	  3.875196E+04	  8.176677E-01	
  2.890098E+02	  3.861591E+04	  8.138206E-01	
  2.891125E+02	  3.852639E+04	  8.115730E-01	
  2.892153E+02	  3.873329E+04	  8.195561E-01	
  2.893066E+02	  3.938195E+04	  8.427151E-01	
  2.894094E+02	  3.985276E+04	  8.598489E-01	
  2.895122E+02	  4.056752E+04	  8.854408E-01	
  2.896149E+02	  4.132553E+04	  9.125606E-01	
  2.897063E+02	  4.195180E+04	  9.350499E-01	
  2.898091E+02	  4.282532E+04	  9.662341E-01	
  2.899118E+02	  4.366973E+04	  9.964474E-01	
  2.900146E+02	  4.412754E+04	  1.013285E+00	
  2.901059E+02	  4.459375E+04	  1.030325E+00	
  2.902086E+02	  4.552566E+04	  1.063670E+00	
  2.903114E+02	  4.605708E+04	  1.083136E+00	
  2.904142E+02	  4.610190E+04	  1.085701E+00	
  2.905169E+02	  4.605062E+04	  1.084925E+00	
  2.906083E+02	  4.629287E+04	  1.094256E+00	
  2.907111E+02	  4.665840E+04	  1.108005E+00	
  2.908138E+02	  4.676164E+04	  1.112626E+00	
  2.909166E+02	  4.644967E+04	  1.102767E+00	
  2.910079E+02	  4.653340E+04	  1.106594E+00	
  2.911107E+02	  4.685289E+04	  1.118773E+00	
  2.912134E+02	  4.711752E+04	  1.129049E+00	
  2.913162E+02	  4.746521E+04	  1.142241E+00	
  2.914075E+02	  4.789938E+04	  1.158358E+00	
  2.915103E+02	  4.830420E+04	  1.173582E+00	
  2.917165E+02	  4.953470E+04	  1.218845E+00	
  2.919106E+02	  5.031986E+04	  1.248457E+00	
  2.921161E+02	  5.101775E+04	  1.275193E+00	
  2.923102E+02	  5.101639E+04	  1.277266E+00	
  2.925157E+02	  5.192016E+04	  1.311347E+00	
  2.927098E+02	  5.257846E+04	  1.336723E+00	
  2.929153E+02	  5.287326E+04	  1.349451E+00	
  2.931095E+02	  5.287859E+04	  1.351843E+00	
  2.933150E+02	  5.286769E+04	  1.353793E+00	
  2.935091E+02	  5.341049E+04	  1.375234E+00	
  2.937146E+02	  5.363094E+04	  1.385418E+00	
  2.939087E+02	  5.385564E+04	  1.395642E+00	
  2.941142E+02	  5.403621E+04	  1.404450E+00	
  2.943083E+02	  5.440301E+04	  1.419773E+00	
  2.945139E+02	  5.504214E+04	  1.444971E+00	
  2.947079E+02	  5.560486E+04	  1.467363E+00	
  2.949135E+02	  5.562871E+04	  1.470686E+00	
  2.951076E+02	  5.536380E+04	  1.463544E+00	
  2.953131E+02	  5.512036E+04	  1.457287E+00	
  2.955072E+02	  5.484482E+04	  1.449723E+00	
  2.957127E+02	  5.413461E+04	  1.426664E+00	
  2.959068E+02	  5.370262E+04	  1.413415E+00	
  2.961124E+02	  5.336867E+04	  1.403792E+00	
  2.963065E+02	  5.285150E+04	  1.387407E+00	
  2.965120E+02	  5.197787E+04	  1.358249E+00	
  2.967061E+02	  5.154776E+04	  1.344910E+00	
  2.969116E+02	  5.110373E+04	  1.331160E+00	
  2.971057E+02	  5.056542E+04	  1.313832E+00	
  2.973112E+02	  4.983854E+04	  1.289748E+00	
  2.975168E+02	  4.951067E+04	  1.280085E+00	
  2.977108E+02	  4.924095E+04	  1.272385E+00	
  2.979164E+02	  4.917092E+04	  1.272052E+00	
  2.981105E+02	  4.930972E+04	  1.279199E+00	
  2.983160E+02	  4.906400E+04	  1.272458E+00	
  2.985101E+02	  4.913554E+04	  1.277159E+00	
  2.987156E+02	  4.913979E+04	  1.279531E+00	
  2.989097E+02	  4.917287E+04	  1.282838E+00	
  2.991153E+02	  4.943070E+04	  1.294508E+00	
  2.993094E+02	  4.946832E+04	  1.297999E+00	
  2.995149E+02	  4.999100E+04	  1.319437E+00	
  2.997090E+02	  4.985239E+04	  1.316478E+00	
  2.999145E+02	  5.007123E+04	  1.326795E+00	
  3.001086E+02	  5.010788E+04	  1.330290E+00	
  3.003141E+02	  4.990887E+04	  1.325219E+00	
  3.005082E+02	  5.032390E+04	  1.342695E+00	
  3.007137E+02	  5.063666E+04	  1.356553E+00	
  3.009079E+02	  5.066005E+04	  1.359595E+00	
  3.011134E+02	  5.049311E+04	  1.355710E+00	
  3.013075E+02	  5.041838E+04	  1.355108E+00	
  3.015130E+02	  5.020902E+04	  1.349624E+00	
  3.017071E+02	  5.060536E+04	  1.366537E+00	
  3.019126E+02	  5.076248E+04	  1.374702E+00	
  3.021067E+02	  5.064663E+04	  1.372570E+00	
  3.023123E+02	  5.101907E+04	  1.388796E+00	
  3.025063E+02	  5.114659E+04	  1.395768E+00	
  3.027119E+02	  5.095518E+04	  1.390945E+00	
  3.029060E+02	  5.081908E+04	  1.388050E+00	
  3.031115E+02	  5.057963E+04	  1.381395E+00	
  3.033170E+02	  5.031896E+04	  1.373924E+00	
  3.035111E+02	  5.033718E+04	  1.376792E+00	
  3.037166E+02	  5.028466E+04	  1.377128E+00	
  3.039108E+02	  5.020119E+04	  1.376166E+00	
  3.041163E+02	  4.973286E+04	  1.360800E+00	
  3.043104E+02	  4.952227E+04	  1.355006E+00	
  3.045159E+02	  4.880091E+04	  1.329997E+00	
  3.047100E+02	  4.865100E+04	  1.326446E+00	
  3.049155E+02	  4.839739E+04	  1.319075E+00	
  3.051096E+02	  4.757877E+04	  1.290107E+00	
  3.053152E+02	  4.717668E+04	  1.277025E+00	
  3.055092E+02	  4.678755E+04	  1.264279E+00	
  3.057148E+02	  4.615791E+04	  1.242457E+00	
  3.059089E+02	  4.543060E+04	  1.216735E+00	
  3.061144E+02	  4.507421E+04	  1.205234E+00	
  3.063085E+02	  4.427941E+04	  1.176822E+00	
  3.065140E+02	  4.369309E+04	  1.156436E+00	
  3.067081E+02	  4.344946E+04	  1.149020E+00	
  3.069137E+02	  4.269793E+04	  1.122208E+00	
  3.071078E+02	  4.211269E+04	  1.101606E+00	
  3.073133E+02	  4.176915E+04	  1.090359E+00	
  3.075074E+02	  4.117146E+04	  1.069189E+00	
  3.077129E+02	  4.095027E+04	  1.062587E+00	
  3.079070E+02	  4.069018E+04	  1.054358E+00	
  3.081125E+02	  4.004829E+04	  1.031461E+00	
  3.083066E+02	  3.959423E+04	  1.015669E+00	
  3.085121E+02	  3.929740E+04	  1.006030E+00	
  3.087063E+02	  3.907193E+04	  9.990305E-01	
  3.089118E+02	  3.870990E+04	  9.868116E-01	
  3.091059E+02	  3.855263E+04	  9.824190E-01	
  3.093114E+02	  3.810102E+04	  9.666608E-01	
  3.095169E+02	  3.795876E+04	  9.629137E-01	
  3.097110E+02	  3.748246E+04	  9.460277E-01	
  3.099165E+02	  3.709502E+04	  9.326673E-01	
  3.101107E+02	  3.698753E+04	  9.301202E-01	
  3.103162E+02	  3.694899E+04	  9.303596E-01	
  3.105103E+02	  3.633519E+04	  9.079599E-01	
  3.107158E+02	  3.627598E+04	  9.073576E-01	
  3.109099E+02	  3.645136E+04	  9.158689E-01	
  3.111154E+02	  3.606652E+04	  9.024649E-01	
  3.113095E+02	  3.581024E+04	  8.939930E-01	
  3.115150E+02	  3.550482E+04	  8.836567E-01	
  3.117091E+02	  3.540719E+04	  8.813987E-01	
  3.119147E+02	  3.536648E+04	  8.814750E-01	
  3.121088E+02	  3.496686E+04	  8.672614E-01	
  3.123143E+02	  3.475651E+04	  8.605990E-01	
  3.125084E+02	  3.456675E+04	  8.546426E-01	
  3.127139E+02	  3.463032E+04	  8.588156E-01	
  3.129080E+02	  3.442340E+04	  8.521565E-01	
  3.131136E+02	  3.420068E+04	  8.449427E-01	
  3.133076E+02	  3.402594E+04	  8.395296E-01	
  3.135132E+02	  3.392927E+04	  8.373048E-01	
  3.137073E+02	  3.358294E+04	  8.250167E-01	
  3.139128E+02	  3.333718E+04	  8.168067E-01	
  3.141069E+02	  3.348127E+04	  8.240826E-01	
  3.143124E+02	  3.346113E+04	  8.248838E-01	
  3.145065E+02	  3.339547E+04	  8.237702E-01	
  3.147120E+02	  3.310505E+04	  8.137175E-01	
  3.149062E+02	  3.300558E+04	  8.112254E-01	
  3.151117E+02	  3.282857E+04	  8.056933E-01	
  3.153058E+02	  3.260852E+04	  7.983243E-01	
  3.155113E+02	  3.268301E+04	  8.029021E-01	
  3.157168E+02	  3.254961E+04	  7.990944E-01	
  3.159109E+02	  3.254100E+04	  8.002325E-01	
  3.161165E+02	  3.249709E+04	  8.000297E-01	
  3.163105E+02	  3.204358E+04	  7.831410E-01	
  3.165161E+02	  3.218311E+04	  7.903535E-01	
  3.167102E+02	  3.204684E+04	  7.862938E-01	
  3.169157E+02	  3.195828E+04	  7.842482E-01	
  3.171098E+02	  3.179530E+04	  7.790807E-01	
  3.173153E+02	  3.192900E+04	  7.860742E-01	
  3.175094E+02	  3.188596E+04	  7.857854E-01	
  3.177149E+02	  3.167452E+04	  7.787014E-01	
  3.179091E+02	  3.178659E+04	  7.847413E-01	
  3.181146E+02	  3.168747E+04	  7.822329E-01	
  3.183087E+02	  3.144789E+04	  7.738746E-01	
  3.185142E+02	  3.121738E+04	  7.659522E-01	
  3.187083E+02	  3.142155E+04	  7.757796E-01	
  3.189138E+02	  3.124927E+04	  7.702312E-01	
  3.191079E+02	  3.101947E+04	  7.622151E-01	
  3.193134E+02	  3.091611E+04	  7.594744E-01	
  3.195075E+02	  3.111720E+04	  7.692030E-01	
  3.197131E+02	  3.112867E+04	  7.712034E-01	
  3.199072E+02	  3.106380E+04	  7.699638E-01	
  3.201127E+02	  3.107512E+04	  7.719581E-01	
  3.203068E+02	  3.115044E+04	  7.765228E-01	
  3.205123E+02	  3.111411E+04	  7.765482E-01	
  3.207064E+02	  3.112901E+04	  7.786134E-01	
  3.209120E+02	  3.091945E+04	  7.714307E-01	
  3.211060E+02	  3.097523E+04	  7.751933E-01	
  3.213116E+02	  3.064989E+04	  7.631589E-01	
  3.215057E+02	  3.058387E+04	  7.618331E-01	
  3.217112E+02	  3.078989E+04	  7.719527E-01	
  3.219167E+02	  3.078016E+04	  7.730682E-01	
  3.221108E+02	  3.087649E+04	  7.785411E-01	
  3.223163E+02	  3.073556E+04	  7.741615E-01	
  3.225104E+02	  3.068051E+04	  7.732899E-01	
  3.227160E+02	  3.064012E+04	  7.731140E-01	
  3.229101E+02	  3.044777E+04	  7.664590E-01	
  3.231156E+02	  3.050926E+04	  7.705617E-01	
  3.233097E+02	  3.050344E+04	  7.717482E-01	
  3.235152E+02	  3.053730E+04	  7.746952E-01	
  3.237093E+02	  3.036310E+04	  7.687697E-01	
  3.239149E+02	  3.023973E+04	  7.650636E-01	
  3.241089E+02	  3.035641E+04	  7.714292E-01	
  3.243145E+02	  3.035344E+04	  7.728179E-01	
  3.245086E+02	  3.011167E+04	  7.639868E-01	
  3.247141E+02	  3.001253E+04	  7.612785E-01	
  3.249082E+02	  3.015511E+04	  7.687619E-01	
  3.251137E+02	  3.030475E+04	  7.766447E-01	
  3.253078E+02	  3.044012E+04	  7.838501E-01	
  3.255133E+02	  3.017907E+04	  7.742315E-01	
  3.257075E+02	  3.011070E+04	  7.727393E-01	
  3.259130E+02	  3.006867E+04	  7.724521E-01	
  3.261071E+02	  3.020464E+04	  7.797025E-01	
  3.263126E+02	  3.011736E+04	  7.774782E-01	
  3.265067E+02	  3.016209E+04	  7.808288E-01	
  3.268081E+02	  2.997100E+04	  7.748387E-01	
  3.271164E+02	  2.977304E+04	  7.685776E-01	
  3.274132E+02	  2.972324E+04	  7.685995E-01	
  3.277101E+02	  2.969487E+04	  7.695420E-01	
  3.280184E+02	  2.976674E+04	  7.749063E-01	
  3.283152E+02	  2.970303E+04	  7.743205E-01	
  3.286235E+02	  2.956600E+04	  7.706260E-01	
  3.289204E+02	  2.928790E+04	  7.606928E-01	
  3.292173E+02	  2.928607E+04	  7.627625E-01	
  3.295255E+02	  2.893568E+04	  7.496997E-01	
  3.298224E+02	  2.895132E+04	  7.525117E-01	
  3.301193E+02	  2.889371E+04	  7.521204E-01	
  3.304276E+02	  2.876378E+04	  7.486312E-01	
  3.307244E+02	  2.871301E+04	  7.485227E-01	
  3.310327E+02	  2.854170E+04	  7.431835E-01	
  3.313296E+02	  2.836952E+04	  7.377021E-01	
  3.316264E+02	  2.819222E+04	  7.319716E-01	
  3.319347E+02	  2.804161E+04	  7.274785E-01	
  3.322316E+02	  2.788063E+04	  7.224252E-01	
  3.325399E+02	  2.786666E+04	  7.239569E-01	
  3.328367E+02	  2.796037E+04	  7.301975E-01	
  3.331336E+02	  2.783797E+04	  7.268280E-01	
  3.334419E+02	  2.758496E+04	  7.176948E-01	
  3.337387E+02	  2.752312E+04	  7.169905E-01	
  3.340356E+02	  2.712857E+04	  7.013860E-01	
  3.343439E+02	  2.706697E+04	  7.007322E-01	
  3.346407E+02	  2.713777E+04	  7.059399E-01	
  3.349490E+02	  2.689741E+04	  6.972394E-01	
  3.352459E+02	  2.681408E+04	  6.955039E-01	
  3.355428E+02	  2.684519E+04	  6.989240E-01	
  3.358510E+02	  2.660854E+04	  6.903216E-01	
  3.361479E+02	  2.656160E+04	  6.902009E-01	
  3.364448E+02	  2.658662E+04	  6.933390E-01	
  3.367531E+02	  2.638207E+04	  6.861292E-01	
  3.370499E+02	  2.618812E+04	  6.792966E-01	
  3.373582E+02	  2.616650E+04	  6.803693E-01	
  3.376551E+02	  2.616769E+04	  6.824064E-01	
  3.379519E+02	  2.597922E+04	  6.757710E-01	
  3.382602E+02	  2.584513E+04	  6.716757E-01	
  3.385571E+02	  2.563356E+04	  6.639319E-01	
  3.388654E+02	  2.573385E+04	  6.705683E-01	
  3.391622E+02	  2.566348E+04	  6.692892E-01	
  3.394591E+02	  2.540303E+04	  6.592357E-01	
  3.397674E+02	  2.531841E+04	  6.573417E-01	
  3.400642E+02	  2.521343E+04	  6.544200E-01	
  3.403611E+02	  2.524831E+04	  6.579666E-01	
  3.406694E+02	  2.515162E+04	  6.554870E-01	
  3.409975E+02	  2.491937E+04	  6.468191E-01	
  3.412745E+02	  2.484905E+04	  6.453303E-01	
  3.415714E+02	  2.493439E+04	  6.512223E-01	
  3.418683E+02	  2.493456E+04	  6.531492E-01	
  3.421765E+02	  2.476616E+04	  6.472626E-01	
  3.424734E+02	  2.453702E+04	  6.384311E-01	
  3.427703E+02	  2.446465E+04	  6.369283E-01	
  3.430786E+02	  2.455361E+04	  6.430768E-01	
  3.433754E+02	  2.443621E+04	  6.394463E-01	
  3.436837E+02	  2.444389E+04	  6.417754E-01	
  3.439806E+02	  2.427495E+04	  6.356863E-01	
  3.442774E+02	  2.419091E+04	  6.335933E-01	
  3.445857E+02	  2.428382E+04	  6.399522E-01	
  3.448826E+02	  2.423619E+04	  6.395797E-01	
  3.451909E+02	  2.404952E+04	  6.326600E-01	
  3.454877E+02	  2.393325E+04	  6.289957E-01	
  3.457846E+02	  2.382747E+04	  6.258159E-01	
  3.460929E+02	  2.381989E+04	  6.273882E-01	
  3.463897E+02	  2.388121E+04	  6.321885E-01	
  3.466866E+02	  2.385601E+04	  6.328509E-01	
  3.469949E+02	  2.363366E+04	  6.241121E-01	
  3.472917E+02	  2.362080E+04	  6.253493E-01	
  3.476000E+02	  2.356925E+04	  6.247931E-01	
  3.478969E+02	  2.342779E+04	  6.198193E-01	
  3.481937E+02	  2.355559E+04	  6.278436E-01	
  3.485020E+02	  2.350624E+04	  6.273826E-01	
  3.487989E+02	  2.344250E+04	  6.261463E-01	
  3.491072E+02	  2.331194E+04	  6.217269E-01	
  3.494040E+02	  2.327010E+04	  6.215349E-01	
  3.497009E+02	  2.319589E+04	  6.197610E-01	
  3.500092E+02	  2.323573E+04	  6.236161E-01	
  3.503060E+02	  2.316518E+04	  6.220100E-01	
  3.506029E+02	  2.307064E+04	  6.192207E-01	
  3.509112E+02	  2.290661E+04	  6.130795E-01	