*********************  Core Excitation Data  ********************
****************  A.P. Hitchcock & D.C. Mancini  ****************
*
* Formula: (C6H5)CO(CH3)
* Name: Phenyl methyl ketone
* Edge: C1s
* Alpha Formula: C8H8O
* Data Source: Hitchcock
* Filename: pt-0cckk.os
* Ref. Code: HH13
* Write Date: 05 / 07 / 2013
* Reference: Hitchcock (unpublished)
* Source and Purity: Leigh Group, purity unknown
* Acquisition Mode:EELS, 2 deg, 2500 eV CRE mode, 0.7 eV fwhm
*--------------------------------------------------------------
* No. of Spectra: 2 files         0ptc      0ptc.os
*   E (eV)        Raw data             Osc. Str. per atom (E-2)
*--------------------------------------------------------------
 2.7633E+02 3.5412E+02 -3.2141E-04
 2.7662E+02 3.6023E+02 1.1111E-03
 2.7692E+02 3.5755E+02 5.5613E-04
 2.7722E+02 3.6328E+02 1.9190E-03
 2.7752E+02 3.6010E+02 1.2483E-03
 2.7782E+02 3.4943E+02 -1.1564E-03
 2.7812E+02 3.5224E+02 -4.5913E-04
 2.7842E+02 3.5210E+02 -4.4355E-04
 2.7872E+02 3.5331E+02 -1.1031E-04
 2.7902E+02 3.5961E+02 1.4235E-03
 2.7932E+02 3.4527E+02 -1.9077E-03
 2.7962E+02 3.5572E+02 6.1661E-04
 2.7992E+02 3.4131E+02 -2.7649E-03
 2.8022E+02 3.4914E+02 -8.4885E-04
 2.8052E+02 3.4970E+02 -6.6570E-04
 2.8082E+02 3.4517E+02 -1.7133E-03
 2.8112E+02 3.4723E+02 -1.1670E-03
 2.8142E+02 3.5084E+02 -2.3551E-04
 2.8172E+02 3.5391E+02 5.6855E-04
 2.8180E+02 3.3473E+02 -4.1295E-03
 2.8200E+02 3.4573E+02 -1.3943E-03
 2.8220E+02 3.6049E+02 2.2870E-03
 2.8240E+02 3.6175E+02 2.6422E-03
 2.8260E+02 3.6136E+02 2.5893E-03
 2.8280E+02 3.5593E+02 1.2778E-03
 2.8299E+02 3.5373E+02 7.6675E-04
 2.8319E+02 3.4984E+02 -1.7125E-04
 2.8339E+02 3.4204E+02 -2.1020E-03
 2.8359E+02 3.4303E+02 -1.8212E-03
 2.8379E+02 3.6198E+02 3.0180E-03
 2.8386E+02 4.1133E+02 1.5562E-02
 2.8396E+02 4.4912E+02 2.5215E-02
 2.8401E+02 4.8492E+02 3.4356E-02
 2.8411E+02 5.6962E+02 5.6018E-02
 2.8416E+02 6.9373E+02 8.7735E-02
 2.8425E+02 8.5801E+02 1.2986E-01
 2.8435E+02 1.1054E+03 1.9339E-01
 2.8440E+02 1.5522E+03 3.0798E-01
 2.8450E+02 2.1052E+03 4.5035E-01
 2.8455E+02 2.6504E+03 5.9066E-01
 2.8465E+02 3.4065E+03 7.8603E-01
 2.8475E+02 4.4206E+03 1.0484E+00
 2.8480E+02 5.5064E+03 1.3291E+00
 2.8490E+02 6.3505E+03 1.5491E+00
 2.8495E+02 6.6125E+03 1.6180E+00
 2.8505E+02 6.4359E+03 1.5749E+00
 2.8515E+02 6.1418E+03 1.5011E+00
 2.8520E+02 5.7726E+03 1.4066E+00
 2.8530E+02 5.3206E+03 1.2914E+00
 2.8535E+02 4.8247E+03 1.1635E+00
 2.8545E+02 4.3305E+03 1.0367E+00
 2.8555E+02 3.8663E+03 9.1728E-01
 2.8560E+02 3.4604E+03 8.1208E-01
 2.8570E+02 3.1524E+03 7.3287E-01
 2.8575E+02 2.8591E+03 6.5673E-01
 2.8585E+02 2.5839E+03 5.8566E-01
 2.8595E+02 2.4337E+03 5.4719E-01
 2.8600E+02 2.3758E+03 5.3240E-01
 2.8610E+02 2.3627E+03 5.2981E-01
 2.8615E+02 2.3995E+03 5.3992E-01
 2.8625E+02 2.5055E+03 5.6875E-01
 2.8635E+02 2.5921E+03 5.9253E-01
 2.8640E+02 2.6068E+03 5.9688E-01
 2.8650E+02 2.5729E+03 5.8885E-01
 2.8655E+02 2.4546E+03 5.5800E-01
 2.8665E+02 2.2838E+03 5.1358E-01
 2.8675E+02 2.1400E+03 4.7618E-01
 2.8680E+02 2.0453E+03 4.5136E-01
 2.8690E+02 1.9739E+03 4.3308E-01
 2.8695E+02 1.9385E+03 4.2398E-01
 2.8705E+02 1.9715E+03 4.3347E-01
 2.8715E+02 2.0713E+03 4.6086E-01
 2.8720E+02 2.2102E+03 4.9840E-01
 2.8730E+02 2.3426E+03 5.3467E-01
 2.8735E+02 2.4286E+03 5.5816E-01
 2.8745E+02 2.5170E+03 5.8282E-01
 2.8755E+02 2.6113E+03 6.0911E-01
 2.8760E+02 2.6851E+03 6.2946E-01
 2.8770E+02 2.7881E+03 6.5824E-01
 2.8775E+02 2.9278E+03 6.9648E-01
 2.8785E+02 3.0288E+03 7.2486E-01
 2.8795E+02 3.0242E+03 7.2479E-01
 2.8800E+02 3.0022E+03 7.1938E-01
 2.8810E+02 2.9784E+03 7.1407E-01
 2.8820E+02 2.8991E+03 6.9364E-01
 2.8825E+02 2.8078E+03 6.6938E-01
 2.8835E+02 2.7443E+03 6.5313E-01
 2.8840E+02 2.6950E+03 6.4018E-01
 2.8850E+02 2.6046E+03 6.1654E-01
 2.8860E+02 2.5199E+03 5.9434E-01
 2.8865E+02 2.4923E+03 5.8727E-01
 2.8875E+02 2.4638E+03 5.8038E-01
 2.8880E+02 2.4300E+03 5.7158E-01
 2.8890E+02 2.4903E+03 5.8905E-01
 2.8900E+02 2.6184E+03 6.2524E-01
 2.8905E+02 2.6861E+03 6.4437E-01
 2.8915E+02 2.7104E+03 6.5208E-01
 2.8920E+02 2.7790E+03 6.7154E-01
 2.8930E+02 2.8624E+03 6.9566E-01
 2.8940E+02 2.8961E+03 7.0609E-01
 2.8945E+02 2.9014E+03 7.0810E-01
 2.8955E+02 2.8570E+03 6.9690E-01
 2.8960E+02 2.8295E+03 6.8982E-01
 2.8970E+02 2.8729E+03 7.0298E-01
 2.8980E+02 2.8865E+03 7.0788E-01
 2.8985E+02 2.8401E+03 6.9550E-01
 2.8995E+02 2.7819E+03 6.8034E-01
 2.9000E+02 2.7406E+03 6.6934E-01
 2.9010E+02 2.7325E+03 6.6813E-01
 2.9020E+02 2.7617E+03 6.7735E-01
 2.9025E+02 2.8231E+03 6.9511E-01
 2.9035E+02 2.9187E+03 7.2309E-01
 2.9040E+02 2.9505E+03 7.3259E-01
 2.9050E+02 2.9386E+03 7.3041E-01
 2.9060E+02 2.9894E+03 7.4586E-01
 2.9065E+02 3.0996E+03 7.7756E-01
 2.9075E+02 3.2264E+03 8.1464E-01
 2.9080E+02 3.2523E+03 8.2260E-01
 2.9090E+02 3.1843E+03 8.0463E-01
 2.9100E+02 3.1909E+03 8.0777E-01
 2.9121E+02 3.2661E+03 8.3182E-01
 2.9141E+02 3.3149E+03 8.4839E-01
 2.9161E+02 3.3839E+03 8.7081E-01
 2.9181E+02 3.4852E+03 9.0265E-01
 2.9206E+02 3.6996E+03 9.6815E-01
 2.9236E+02 3.9293E+03 1.0393E+00
 2.9266E+02 4.1016E+03 1.0943E+00
 2.9296E+02 4.2567E+03 1.1448E+00
 2.9326E+02 4.3215E+03 1.1691E+00
 2.9356E+02 4.3128E+03 1.1721E+00
 2.9386E+02 4.2477E+03 1.1582E+00
 2.9416E+02 4.1576E+03 1.1367E+00
 2.9446E+02 4.0746E+03 1.1172E+00
 2.9476E+02 4.0294E+03 1.1087E+00
 2.9506E+02 3.9571E+03 1.0921E+00
 2.9536E+02 3.9203E+03 1.0860E+00
 2.9566E+02 3.8988E+03 1.0844E+00
 2.9596E+02 3.8986E+03 1.0894E+00
 2.9626E+02 3.8357E+03 1.0751E+00
 2.9656E+02 3.7951E+03 1.0675E+00
 2.9686E+02 3.7535E+03 1.0595E+00
 2.9716E+02 3.7470E+03 1.0624E+00
 2.9746E+02 3.7046E+03 1.0540E+00
 2.9776E+02 3.7472E+03 1.0723E+00
 2.9806E+02 3.7114E+03 1.0659E+00
 2.9836E+02 3.7520E+03 1.0837E+00
 2.9866E+02 3.6972E+03 1.0712E+00
 2.9895E+02 3.7054E+03 1.0787E+00
 2.9925E+02 3.6874E+03 1.0779E+00
 2.9955E+02 3.6861E+03 1.0824E+00
 2.9985E+02 3.7249E+03 1.1000E+00
 3.0015E+02 3.7013E+03 1.0973E+00
 3.0045E+02 3.6484E+03 1.0850E+00
 3.0075E+02 3.6342E+03 1.0853E+00
 3.0105E+02 3.6756E+03 1.1039E+00
 3.0135E+02 3.6620E+03 1.1045E+00
 3.0165E+02 3.6506E+03 1.1057E+00
 3.0195E+02 3.6723E+03 1.1180E+00
 3.0225E+02 3.6261E+03 1.1075E+00
 3.0255E+02 3.6326E+03 1.1148E+00
 3.0285E+02 3.6058E+03 1.1108E+00
 3.0315E+02 3.5643E+03 1.1016E+00
 3.0345E+02 3.5776E+03 1.1112E+00
 3.0375E+02 3.5102E+03 1.0930E+00
 3.0405E+02 3.4200E+03 1.0668E+00
 3.0435E+02 3.3816E+03 1.0583E+00
 3.0465E+02 3.3582E+03 1.0549E+00
 3.0495E+02 3.2878E+03 1.0350E+00
 3.0525E+02 3.2343E+03 1.0208E+00
 3.0555E+02 3.1687E+03 1.0022E+00
 3.0585E+02 3.0933E+03 9.7997E-01
 3.0615E+02 3.0495E+03 9.6879E-01
 3.0645E+02 2.9830E+03 9.4932E-01
 3.0675E+02 2.9464E+03 9.4041E-01
 3.0705E+02 2.8632E+03 9.1456E-01
 3.0764E+02 2.7451E+03 8.7965E-01
 3.0824E+02 2.6709E+03 8.6030E-01
 3.0884E+02 2.6007E+03 8.4196E-01
 3.0943E+02 2.5296E+03 8.2290E-01
 3.1003E+02 2.4652E+03 8.0599E-01
 3.1063E+02 2.4124E+03 7.9311E-01
 3.1123E+02 2.3318E+03 7.6923E-01
 3.1183E+02 2.3065E+03 7.6633E-01
 3.1243E+02 2.2478E+03 7.5021E-01
 3.1303E+02 2.2273E+03 7.4884E-01
 3.1363E+02 2.1919E+03 7.4144E-01
 3.1423E+02 2.1540E+03 7.3283E-01
 3.1483E+02 2.1316E+03 7.3029E-01
 3.1543E+02 2.0911E+03 7.2024E-01
 3.1603E+02 2.0606E+03 7.1406E-01
 3.1663E+02 2.0586E+03 7.1959E-01
 3.1723E+02 2.0443E+03 7.1998E-01
 3.1782E+02 2.0000E+03 7.0761E-01
 3.1842E+02 1.9902E+03 7.0967E-01
 3.1902E+02 1.9821E+03 7.1245E-01
 3.1962E+02 1.9615E+03 7.0981E-01
 3.2022E+02 1.9514E+03 7.1160E-01
 3.2082E+02 1.9433E+03 7.1432E-01
 3.2209E+02 1.9223E+03 7.1822E-01
 3.2329E+02 1.8809E+03 7.1194E-01
 3.2449E+02 1.8948E+03 7.3086E-01
 3.2569E+02 1.8541E+03 7.2438E-01
 3.2689E+02 1.8090E+03 7.1532E-01
 3.2809E+02 1.7752E+03 7.1118E-01
 3.2929E+02 1.7776E+03 7.2471E-01
 3.3048E+02 1.7142E+03 7.0518E-01
 3.3168E+02 1.6846E+03 7.0212E-01
 3.3288E+02 1.6524E+03 6.9737E-01
 3.3408E+02 1.6275E+03 6.9609E-01
 3.3528E+02 1.5865E+03 6.8587E-01
 3.3648E+02 1.5629E+03 6.8463E-01
 3.3768E+02 1.5245E+03 6.7487E-01
 3.3887E+02 1.4964E+03 6.7038E-01
 3.4007E+02 1.4586E+03 6.6001E-01
 3.4127E+02 1.4264E+03 6.5233E-01
 3.4247E+02 1.3795E+03 6.3543E-01
 3.4372E+02 1.3827E+03 6.4850E-01
 3.4492E+02 1.3506E+03 6.3965E-01