*********************  Core Excitation Data  ********************
****************  A.P. Hitchcock & D.C. Mancini  ****************
*
* Formula: B3N3H6
* Name: Borazine
* Edge: N 1s
* Alpha Formula: B3H6N3
* Data Source: Hitchcock
* Filename:  bo-0nnkk.os
* Ref. Code: DG&86
* Write Date: 93/06/16
* Reference: Am. Chem. Soc. 108 (86) 3602.
* Source and Purity: Callery Chem. Co.
* Acquisition Mode: EELS, 2 deg., 2500 eV CRE, 0.7 eV fwhm
*--------------------------------------------------------------
* No. of Spectra: 2    name1- 0bon1    name2- 0bon.os
*   E (eV)        Raw data             Osc. Str. per atom (E-2)
*--------------------------------------------------------------
  3.960010E+02	  1.275300E+04	 -4.688232E-03	
  3.961580E+02	  1.294700E+04	  1.901470E-03	
  3.963150E+02	  1.287600E+04	 -3.074347E-04	
  3.964710E+02	  1.292100E+04	  1.350093E-03	
  3.966280E+02	  1.287300E+04	 -1.022082E-04	
  3.967850E+02	  1.295500E+04	  2.812532E-03	
  3.969410E+02	  1.311600E+04	  8.411231E-03	
  3.970980E+02	  1.284400E+04	 -6.188446E-04	
  3.972540E+02	  1.271900E+04	 -4.711515E-03	
  3.974110E+02	  1.271900E+04	 -4.569121E-03	
  3.975680E+02	  1.280600E+04	 -1.452519E-03	
  3.977240E+02	  1.268800E+04	 -5.345206E-03	
  3.978810E+02	  1.289500E+04	  1.914205E-03	
  3.980380E+02	  1.263300E+04	 -6.957369E-03	
  3.981940E+02	  1.266500E+04	 -5.713302E-03	
  3.983510E+02	  1.273100E+04	 -3.280952E-03	
  3.985080E+02	  1.265700E+04	 -5.706320E-03	
  3.986640E+02	  1.274000E+04	 -2.666526E-03	
  3.988210E+02	  1.278600E+04	 -9.028310E-04	
  3.989780E+02	  1.291200E+04	  3.681300E-03	
  3.991340E+02	  1.273700E+04	 -2.311371E-03	
  3.992910E+02	  1.307600E+04	  9.822546E-03	
  3.994480E+02	  1.331100E+04	  1.834424E-02	
  3.996040E+02	  1.394100E+04	  4.095767E-02	
  3.997610E+02	  1.486900E+04	  7.433503E-02	
  3.999170E+02	  1.753100E+04	  1.699256E-01	
  4.000740E+02	  2.194200E+04	  3.288378E-01	
  4.002310E+02	  2.951800E+04	  6.025903E-01	
  4.003870E+02	  3.927400E+04	  9.566538E-01	
  4.005440E+02	  4.988400E+04	  1.343781E+00	
  4.007010E+02	  5.864300E+04	  1.666034E+00	
  4.008570E+02	  6.336100E+04	  1.843023E+00	
  4.010140E+02	  6.292300E+04	  1.832765E+00	
  4.011710E+02	  5.732600E+04	  1.633413E+00	
  4.013270E+02	  4.850200E+04	  1.314225E+00	
  4.014840E+02	  3.987300E+04	  1.000311E+00	
  4.016410E+02	  3.289400E+04	  7.454894E-01	
  4.017970E+02	  2.808900E+04	  5.697218E-01	
  4.019540E+02	  2.526900E+04	  4.667289E-01	
  4.021110E+02	  2.392500E+04	  4.181704E-01	
  4.022670E+02	  2.239200E+04	  3.622349E-01	
  4.024240E+02	  2.145000E+04	  3.281467E-01	
  4.025800E+02	  2.100500E+04	  3.125502E-01	
  4.027370E+02	  2.103500E+04	  3.147978E-01	
  4.028940E+02	  2.207300E+04	  3.552270E-01	
  4.030500E+02	  2.348500E+04	  4.100921E-01	
  4.032070E+02	  2.523900E+04	  4.783210E-01	
  4.033640E+02	  2.669900E+04	  5.357220E-01	
  4.035200E+02	  2.777200E+04	  5.786189E-01	
  4.036770E+02	  2.924400E+04	  6.371171E-01	
  4.038340E+02	  2.976500E+04	  6.592950E-01	
  4.039900E+02	  3.010100E+04	  6.744310E-01	
  4.041470E+02	  3.053600E+04	  6.935057E-01	
  4.043040E+02	  3.068200E+04	  7.014443E-01	
  4.044600E+02	  3.036200E+04	  6.912268E-01	
  4.046170E+02	  3.007200E+04	  6.821297E-01	
  4.047740E+02	  2.976700E+04	  6.723815E-01	
  4.049300E+02	  2.946200E+04	  6.625546E-01	
  4.050870E+02	  2.909800E+04	  6.503468E-01	
  4.052430E+02	  2.885500E+04	  6.428381E-01	
  4.054000E+02	  2.911000E+04	  6.550732E-01	
  4.055570E+02	  2.920700E+04	  6.610802E-01	
  4.057130E+02	  2.900100E+04	  6.549950E-01	
  4.058700E+02	  2.928200E+04	  6.683990E-01	
  4.060270E+02	  2.962200E+04	  6.842484E-01	
  4.061830E+02	  2.995500E+04	  6.998886E-01	
  4.063400E+02	  3.029100E+04	  7.157511E-01	
  4.064970E+02	  3.015500E+04	  7.125573E-01	
  4.066530E+02	  3.111700E+04	  7.539894E-01	
  4.068100E+02	  3.187700E+04	  7.874338E-01	
  4.069670E+02	  3.232200E+04	  8.081796E-01	
  4.071230E+02	  3.251200E+04	  8.185577E-01	
  4.072800E+02	  3.314800E+04	  8.473669E-01	
  4.074360E+02	  3.343700E+04	  8.619943E-01	
  4.075930E+02	  3.413400E+04	  8.936126E-01	
  4.077500E+02	  3.450700E+04	  9.119547E-01	
  4.079060E+02	  3.467800E+04	  9.219634E-01	
  4.080630E+02	  3.459600E+04	  9.214699E-01	
  4.082200E+02	  3.496500E+04	  9.398637E-01	
  4.083760E+02	  3.497800E+04	  9.433763E-01	
  4.085330E+02	  3.508700E+04	  9.509658E-01	
  4.086900E+02	  3.449400E+04	  9.289120E-01	
  4.088460E+02	  3.454600E+04	  9.340494E-01	
  4.090030E+02	  3.441400E+04	  9.314018E-01	
  4.091600E+02	  3.391500E+04	  9.130750E-01	
  4.093160E+02	  3.418300E+04	  9.274242E-01	
  4.094730E+02	  3.373300E+04	  9.110603E-01	
  4.096300E+02	  3.383100E+04	  9.181741E-01	
  4.097860E+02	  3.379100E+04	  9.193461E-01	
  4.099430E+02	  3.383700E+04	  9.242569E-01	
  4.101000E+02	  3.348300E+04	  9.118213E-01	
  4.102560E+02	  3.325600E+04	  9.048154E-01	
  4.104130E+02	  3.333600E+04	  9.111844E-01	
  4.105690E+02	  3.337100E+04	  9.155925E-01	
  4.107260E+02	  3.292800E+04	  8.990381E-01	
  4.108830E+02	  3.285300E+04	  8.985904E-01	
  4.110390E+02	  3.301200E+04	  9.084544E-01	
  4.111960E+02	  3.299800E+04	  9.107181E-01	
  4.113530E+02	  3.293000E+04	  9.105857E-01	
  4.115090E+02	  3.295700E+04	  9.146610E-01	
  4.116660E+02	  3.298600E+04	  9.188586E-01	
  4.118230E+02	  3.306400E+04	  9.252699E-01	
  4.119790E+02	  3.288800E+04	  9.202672E-01	
  4.121360E+02	  3.292500E+04	  9.248528E-01	
  4.122930E+02	  3.293400E+04	  9.281902E-01	
  4.124490E+02	  3.329600E+04	  9.475350E-01	
  4.126060E+02	  3.326700E+04	  9.492104E-01	
  4.127620E+02	  3.331500E+04	  9.543824E-01	
  4.129190E+02	  3.326900E+04	  9.552916E-01	
  4.130760E+02	  3.375800E+04	  9.807574E-01	
  4.132320E+02	  3.350000E+04	  9.719509E-01	
  4.133890E+02	  3.360000E+04	  9.796339E-01	
  4.135460E+02	  3.373800E+04	  9.891120E-01	
  4.137020E+02	  3.358300E+04	  9.850067E-01	
  4.138590E+02	  3.366700E+04	  9.920223E-01	
  4.140160E+02	  3.333700E+04	  9.797267E-01	
  4.141720E+02	  3.285400E+04	  9.601620E-01	
  4.143290E+02	  3.289900E+04	  9.653049E-01	
  4.144860E+02	  3.268400E+04	  9.582140E-01	
  4.146420E+02	  3.224800E+04	  9.406083E-01	
  4.147990E+02	  3.224300E+04	  9.433411E-01	
  4.149560E+02	  3.188200E+04	  9.291549E-01	
  4.151120E+02	  3.179700E+04	  9.280178E-01	
  4.152690E+02	  3.145800E+04	  9.147384E-01	
  4.154260E+02	  3.151100E+04	  9.201723E-01	
  4.155820E+02	  3.100700E+04	  8.988200E-01	
  4.157390E+02	  3.090100E+04	  8.965517E-01	
  4.158950E+02	  3.092200E+04	  9.003879E-01	
  4.160520E+02	  3.083600E+04	  8.990644E-01	
  4.162090E+02	  3.062400E+04	  8.915932E-01	
  4.163650E+02	  3.055800E+04	  8.911764E-01	
  4.165220E+02	  3.024700E+04	  8.787759E-01	
  4.166790E+02	  3.024800E+04	  8.816102E-01	
  4.168350E+02	  2.965100E+04	  8.549945E-01	
  4.169920E+02	  2.968300E+04	  8.592896E-01	
  4.171490E+02	  2.941200E+04	  8.485977E-01	
  4.173050E+02	  2.951000E+04	  8.561435E-01	
  4.174620E+02	  2.929300E+04	  8.480542E-01	
  4.176190E+02	  2.890900E+04	  8.315670E-01	
  4.177750E+02	  2.863800E+04	  8.206213E-01	
  4.179320E+02	  2.848000E+04	  8.152972E-01	
  4.180880E+02	  2.840600E+04	  8.141502E-01	
  4.182450E+02	  2.828600E+04	  8.106809E-01	
  4.184020E+02	  2.774700E+04	  7.859509E-01	
  4.185580E+02	  2.784500E+04	  7.934281E-01	
  4.187150E+02	  2.778400E+04	  7.928529E-01	
  4.188720E+02	  2.715300E+04	  7.631297E-01	
  4.190280E+02	  2.717100E+04	  7.664832E-01	
  4.191850E+02	  2.698200E+04	  7.592214E-01	
  4.193420E+02	  2.680900E+04	  7.527353E-01	
  4.194980E+02	  2.673700E+04	  7.514119E-01	
  4.196550E+02	  2.633800E+04	  7.331314E-01	
  4.198120E+02	  2.662100E+04	  7.502091E-01	
  4.199680E+02	  2.618400E+04	  7.298077E-01	
  4.201250E+02	  2.609000E+04	  7.272395E-01	
  4.202820E+02	  2.588000E+04	  7.185642E-01	
  4.204380E+02	  2.564800E+04	  7.086596E-01	
  4.205950E+02	  2.576900E+04	  7.173319E-01	
  4.207510E+02	  2.538700E+04	  6.994159E-01	
  4.209080E+02	  2.510400E+04	  6.866587E-01	
  4.210650E+02	  2.524300E+04	  6.962808E-01	
  4.212210E+02	  2.505800E+04	  6.886442E-01	
  4.213780E+02	  2.501100E+04	  6.883575E-01	
  4.215350E+02	  2.463100E+04	  6.701882E-01	
  4.216910E+02	  2.456700E+04	  6.689057E-01	
  4.218480E+02	  2.468700E+04	  6.775569E-01	
  4.220050E+02	  2.445300E+04	  6.670850E-01	
  4.221610E+02	  2.399500E+04	  6.443704E-01	
  4.223180E+02	  2.398500E+04	  6.459278E-01	
  4.224750E+02	  2.385000E+04	  6.406622E-01	
  4.226310E+02	  2.393200E+04	  6.472316E-01	
  4.227880E+02	  2.387800E+04	  6.463760E-01	
  4.229450E+02	  2.367000E+04	  6.370274E-01	
  4.231010E+02	  2.373100E+04	  6.424654E-01	
  4.232580E+02	  2.338700E+04	  6.255058E-01	
  4.234140E+02	  2.352400E+04	  6.351525E-01	
  4.235710E+02	  2.315200E+04	  6.165033E-01	
  4.237280E+02	  2.288400E+04	  6.035519E-01	
  4.238840E+02	  2.318000E+04	  6.221107E-01	
  4.240410E+02	  2.310600E+04	  6.199911E-01	
  4.241980E+02	  2.278200E+04	  6.037660E-01	
  4.243540E+02	  2.284500E+04	  6.093005E-01	
  4.245110E+02	  2.253100E+04	  5.935071E-01	
  4.246680E+02	  2.276800E+04	  6.089356E-01	
  4.248240E+02	  2.244700E+04	  5.926284E-01	
  4.249810E+02	  2.257900E+04	  6.021290E-01	
  4.251380E+02	  2.246200E+04	  5.974048E-01	
  4.252940E+02	  2.231400E+04	  5.908535E-01	
  4.254510E+02	  2.226200E+04	  5.898065E-01	
  4.256080E+02	  2.221600E+04	  5.890951E-01	
  4.257640E+02	  2.219200E+04	  5.896373E-01	
  4.259210E+02	  2.176100E+04	  5.665244E-01	
  4.260770E+02	  2.177000E+04	  5.689196E-01	
  4.262340E+02	  2.158100E+04	  5.597569E-01	
  4.263910E+02	  2.175800E+04	  5.719996E-01	
  4.265470E+02	  2.171900E+04	  5.715922E-01	
  4.267040E+02	  2.178200E+04	  5.772050E-01	
  4.268610E+02	  2.153800E+04	  5.646874E-01	
  4.270170E+02	  2.145900E+04	  5.618678E-01	
  4.271740E+02	  2.115800E+04	  5.458353E-01	
  4.273310E+02	  2.157500E+04	  5.725325E-01	
  4.274870E+02	  2.120000E+04	  5.519908E-01	
  4.276440E+02	  2.167700E+04	  5.824466E-01	
  4.278010E+02	  2.115900E+04	  5.532151E-01	
  4.279570E+02	  2.107000E+04	  5.496811E-01	
  4.281140E+02	  2.134800E+04	  5.683361E-01	
  4.282710E+02	  2.102100E+04	  5.503873E-01	
  4.284270E+02	  2.112600E+04	  5.586027E-01	
  4.285840E+02	  2.111800E+04	  5.599776E-01	
  4.287400E+02	  2.109000E+04	  5.601191E-01	
  4.288970E+02	  2.085300E+04	  5.474456E-01	
  4.290540E+02	  2.075700E+04	  5.433703E-01	
  4.292100E+02	  2.085000E+04	  5.509178E-01	
  4.293670E+02	  2.081400E+04	  5.505326E-01	
  4.295240E+02	  2.072100E+04	  5.466027E-01	
  4.296800E+02	  2.063900E+04	  5.433192E-01	
  4.298370E+02	  2.041900E+04	  5.314124E-01	
  4.299940E+02	  2.061300E+04	  5.453403E-01	
  4.301500E+02	  2.041600E+04	  5.347936E-01	
  4.303070E+02	  2.053300E+04	  5.439547E-01	
  4.304640E+02	  2.032300E+04	  5.325263E-01	
  4.306200E+02	  2.027600E+04	  5.313329E-01	
  4.307770E+02	  2.039000E+04	  5.403568E-01	
  4.309340E+02	  2.026500E+04	  5.342162E-01	
  4.310900E+02	  2.018000E+04	  5.305781E-01	
  4.312470E+02	  2.013400E+04	  5.294223E-01	
  4.314030E+02	  2.026700E+04	  5.397312E-01	
  4.315600E+02	  2.014500E+04	  5.336934E-01	
  4.317170E+02	  2.008000E+04	  5.312960E-01	
  4.318730E+02	  2.032100E+04	  5.486730E-01	
  4.320300E+02	  2.009900E+04	  5.361053E-01	
  4.321860E+02	  2.022400E+04	  5.460342E-01	
  4.323430E+02	  2.020600E+04	  5.466926E-01	
  4.325000E+02	  1.995800E+04	  5.322969E-01	
  4.326560E+02	  1.986800E+04	  5.281738E-01	
  4.328130E+02	  1.972500E+04	  5.205463E-01	
  4.329700E+02	  1.962800E+04	  5.159076E-01	
  4.331260E+02	  1.967100E+04	  5.204927E-01	
  4.332830E+02	  1.989500E+04	  5.371225E-01	
  4.334390E+02	  1.992500E+04	  5.409182E-01	
  4.335960E+02	  1.969300E+04	  5.272562E-01	
  4.337530E+02	  1.997800E+04	  5.481132E-01	
  4.339090E+02	  1.998300E+04	  5.502790E-01	
  4.340660E+02	  1.939300E+04	  5.124208E-01	
  4.342220E+02	  1.959900E+04	  5.280547E-01	
  4.343790E+02	  1.951000E+04	  5.238186E-01	
  4.345360E+02	  1.968200E+04	  5.372669E-01	
  4.346920E+02	  1.946400E+04	  5.242329E-01	
  4.348490E+02	  1.940700E+04	  5.221206E-01	
  4.350060E+02	  1.954500E+04	  5.333365E-01	
  4.351620E+02	  1.939300E+04	  5.246975E-01	
  4.353190E+02	  1.932100E+04	  5.215227E-01	
  4.354750E+02	  1.938300E+04	  5.275607E-01	
  4.356320E+02	  1.936900E+04	  5.283802E-01	
  4.357890E+02	  1.905200E+04	  5.081747E-01	
  4.359450E+02	  1.927400E+04	  5.253461E-01	
  4.361020E+02	  1.964800E+04	  5.532251E-01	
  4.362580E+02	  1.919900E+04	  5.236586E-01	
  4.364150E+02	  1.912800E+04	  5.204565E-01	
  4.365720E+02	  1.907900E+04	  5.187797E-01	
  4.367280E+02	  1.932600E+04	  5.379611E-01	
  4.368850E+02	  1.913400E+04	  5.261977E-01	
  4.370420E+02	  1.893000E+04	  5.135125E-01	
  4.371980E+02	  1.928400E+04	  5.404385E-01	
  4.373550E+02	  1.922900E+04	  5.383433E-01	
  4.375110E+02	  1.916400E+04	  5.355043E-01	
  4.376680E+02	  1.919700E+04	  5.396867E-01	
  4.378250E+02	  1.912700E+04	  5.364788E-01	
  4.379810E+02	  1.896100E+04	  5.263119E-01	
  4.381380E+02	  1.876400E+04	  5.138539E-01	
  4.382940E+02	  1.870900E+04	  5.116106E-01	
  4.384510E+02	  1.854500E+04	  5.014336E-01	
  4.386080E+02	  1.893800E+04	  5.318189E-01	
  4.387640E+02	  1.873200E+04	  5.185503E-01	
  4.389210E+02	  1.870900E+04	  5.186346E-01	
  4.390780E+02	  1.890500E+04	  5.348200E-01	
  4.392340E+02	  1.873900E+04	  5.243849E-01	
  4.393910E+02	  1.845800E+04	  5.053960E-01	
  4.395470E+02	  1.855400E+04	  5.142395E-01	
  4.397040E+02	  1.883900E+04	  5.371912E-01	
  4.398610E+02	  1.858200E+04	  5.198557E-01	
  4.400170E+02	  1.862000E+04	  5.244632E-01	
  4.401740E+02	  1.838800E+04	  5.088627E-01	
  4.403300E+02	  1.841300E+04	  5.124791E-01	
  4.404870E+02	  1.842100E+04	  5.148414E-01	
  4.406440E+02	  1.844700E+04	  5.185724E-01	
  4.408000E+02	  1.815500E+04	  4.982060E-01	
  4.409570E+02	  1.836000E+04	  5.155075E-01	
  4.411140E+02	  1.834100E+04	  5.158287E-01	
  4.412700E+02	  1.839100E+04	  5.214086E-01	
  4.414270E+02	  1.815800E+04	  5.053406E-01	
  4.415830E+02	  1.810500E+04	  5.029998E-01	
  4.417400E+02	  1.795900E+04	  4.934870E-01	