*********************  Core Excitation Data  ********************
****************  A.P. Hitchcock & D.C. Mancini  ****************
*
* Formula: (CH3)2CO
* Name: Acetone
* Edge: O1s
* Alpha Formula: C3H6O
* Data Source:Hitchcock
* Filename:at-1ookk.os
* Ref. Code: HH13
* Write Date: 17 / 06 / 2013
* Reference: Hitchcock (unpublished)
* Source and Purity: Aldrich (solvent grade)
* Acquisition Mode:EELS, 2 deg, 2500 eV CRE mode, 0.7 eV fwhm
*--------------------------------------------------------------
* No. of Spectra: 2 files         0ato-2013      0ato-2013.os
*   E (eV)        Raw data             Osc. Str. per atom (E-2)
*--------------------------------------------------------------
 5.2256E+02 5.8753E+04 4.2648E-03
 5.2291E+02 5.8973E+04 1.0183E-02
 5.2326E+02 5.8928E+04 1.0926E-02
 5.2361E+02 5.8261E+04 -6.9336E-04
 5.2396E+02 5.8079E+04 -2.7167E-03
 5.2431E+02 5.8352E+04 4.3112E-03
 5.2466E+02 5.8097E+04 7.9539E-04
 5.2501E+02 5.7842E+04 -2.7472E-03
 5.2536E+02 5.8188E+04 5.8382E-03
 5.2571E+02 5.7768E+04 -1.0588E-03
 5.2606E+02 5.8343E+04 1.2267E-02
 5.2641E+02 5.7030E+04 -1.2976E-02
 5.2676E+02 5.7114E+04 -9.6937E-03
 5.2711E+02 5.7523E+04 3.2367E-04
 5.2746E+02 5.7117E+04 -6.4658E-03
 5.2781E+02 5.7967E+04 1.2822E-02
 5.2816E+02 5.7917E+04 1.3455E-02
 5.2851E+02 5.7477E+04 5.9170E-03
 5.2886E+02 5.7003E+04 -2.4204E-03
 5.2921E+02 5.7895E+04 1.8076E-02
 5.2956E+02 5.9863E+04 6.1611E-02
 5.2991E+02 6.4342E+04 1.5906E-01
 5.3044E+02 9.4327E+04 8.0628E-01
 5.3059E+02 1.1272E+05 1.2038E+00
 5.3074E+02 1.2604E+05 1.4937E+00
 5.3089E+02 1.3523E+05 1.6953E+00
 5.3104E+02 1.4251E+05 1.8563E+00
 5.3119E+02 1.4431E+05 1.8992E+00
 5.3134E+02 1.3942E+05 1.7970E+00
 5.3149E+02 1.3353E+05 1.6730E+00
 5.3164E+02 1.2185E+05 1.4222E+00
 5.3179E+02 1.0811E+05 1.1260E+00
 5.3194E+02 9.5722E+04 8.5799E-01
 5.3209E+02 8.7598E+04 6.8243E-01
 5.3224E+02 7.8580E+04 4.8667E-01
 5.3239E+02 7.3074E+04 3.6734E-01
 5.3254E+02 6.7846E+04 2.5371E-01
 5.3269E+02 6.4746E+04 1.8657E-01
 5.3284E+02 6.2983E+04 1.4869E-01
 5.3299E+02 6.0848E+04 1.0247E-01
 5.3314E+02 5.9858E+04 8.1444E-02
 5.3329E+02 5.9341E+04 7.0840E-02
 5.3344E+02 5.9281E+04 7.0356E-02
 5.3359E+02 5.8306E+04 4.9482E-02
 5.3374E+02 5.9030E+04 6.6432E-02
 5.3389E+02 5.8751E+04 6.1054E-02
 5.3404E+02 5.8972E+04 6.6817E-02
 5.3419E+02 5.8979E+04 6.7827E-02
 5.3434E+02 5.8764E+04 6.3827E-02
 5.3449E+02 5.8670E+04 6.2561E-02
 5.3464E+02 5.9347E+04 7.8636E-02
 5.3479E+02 6.0429E+04 1.0393E-01
 5.3494E+02 6.1755E+04 1.3480E-01
 5.3509E+02 6.3167E+04 1.6773E-01
 5.3524E+02 6.4488E+04 1.9873E-01
 5.3539E+02 6.6618E+04 2.4819E-01
 5.3554E+02 6.7855E+04 2.7750E-01
 5.3569E+02 6.8203E+04 2.8665E-01
 5.3584E+02 6.8672E+04 2.9859E-01
 5.3598E+02 6.7818E+04 2.8030E-01
 5.3613E+02 6.7903E+04 2.8346E-01
 5.3628E+02 6.7800E+04 2.8232E-01
 5.3643E+02 6.6795E+04 2.6042E-01
 5.3658E+02 6.8024E+04 2.8992E-01
 5.3673E+02 6.8710E+04 3.0696E-01
 5.3688E+02 6.8754E+04 3.0924E-01
 5.3703E+02 6.9165E+04 3.2003E-01
 5.3718E+02 7.0007E+04 3.4085E-01
 5.3733E+02 6.9645E+04 3.3376E-01
 5.3748E+02 7.0716E+04 3.5999E-01
 5.3763E+02 7.0139E+04 3.4790E-01
 5.3778E+02 6.9876E+04 3.4309E-01
 5.3793E+02 7.0185E+04 3.5165E-01
 5.3808E+02 7.0383E+04 3.5763E-01
 5.3823E+02 7.0413E+04 3.5968E-01
 5.3838E+02 7.1086E+04 3.7688E-01
 5.3853E+02 7.1372E+04 3.8500E-01
 5.3868E+02 7.1445E+04 3.8811E-01
 5.3926E+02 7.1878E+04 4.0388E-01
 5.3966E+02 7.1734E+04 4.0429E-01
 5.4006E+02 7.3865E+04 4.5920E-01
 5.4046E+02 7.5050E+04 4.9182E-01
 5.4086E+02 7.5918E+04 5.1708E-01
 5.4126E+02 7.7663E+04 5.6382E-01
 5.4166E+02 7.9826E+04 6.2120E-01
 5.4206E+02 7.9947E+04 6.2900E-01
 5.4246E+02 8.2037E+04 6.8538E-01
 5.4286E+02 8.3683E+04 7.3124E-01
 5.4326E+02 8.4099E+04 7.4692E-01
 5.4366E+02 8.5156E+04 7.7872E-01
 5.4406E+02 8.5231E+04 7.8615E-01
 5.4446E+02 8.5965E+04 8.1026E-01
 5.4486E+02 8.6766E+04 8.3622E-01
 5.4526E+02 8.6433E+04 8.3360E-01
 5.4566E+02 8.5735E+04 8.2161E-01
 5.4606E+02 8.4905E+04 8.0609E-01
 5.4645E+02 8.2936E+04 7.6106E-01
 5.4685E+02 8.2063E+04 7.4398E-01
 5.4725E+02 8.1145E+04 7.2554E-01
 5.4765E+02 8.0037E+04 7.0197E-01
 5.4805E+02 7.9220E+04 6.8579E-01
 5.4845E+02 7.7445E+04 6.4422E-01
 5.4885E+02 7.7618E+04 6.5378E-01
 5.4925E+02 7.6513E+04 6.2944E-01
 5.4965E+02 7.5181E+04 5.9882E-01
 5.5005E+02 7.5108E+04 6.0166E-01
 5.5045E+02 7.4126E+04 5.8003E-01
 5.5085E+02 7.3491E+04 5.6756E-01
 5.5176E+02 7.2800E+04 5.5938E-01
 5.5256E+02 7.1130E+04 5.2261E-01
 5.5336E+02 7.1921E+04 5.5362E-01
 5.5416E+02 7.0420E+04 5.2078E-01
 5.5496E+02 7.0058E+04 5.1954E-01
 5.5576E+02 6.9170E+04 5.0316E-01
 5.5656E+02 6.8590E+04 4.9534E-01
 5.5735E+02 6.7208E+04 4.6398E-01
 5.5815E+02 6.7565E+04 4.8302E-01
 5.5895E+02 6.7081E+04 4.7742E-01
 5.5975E+02 6.6361E+04 4.6465E-01
 5.6055E+02 6.5708E+04 4.5361E-01
 5.6135E+02 6.5576E+04 4.5811E-01
 5.6215E+02 6.5105E+04 4.5226E-01
 5.6295E+02 6.4608E+04 4.4547E-01
 5.6375E+02 6.4458E+04 4.4930E-01
 5.6455E+02 6.4202E+04 4.4979E-01
 5.6534E+02 6.4145E+04 4.5657E-01
 5.6614E+02 6.3564E+04 4.4662E-01
 5.6694E+02 6.2961E+04 4.3575E-01
 5.6774E+02 6.2993E+04 4.4528E-01
 5.6854E+02 6.2957E+04 4.5269E-01
 5.6934E+02 6.2389E+04 4.4256E-01
 5.7014E+02 6.1742E+04 4.2956E-01
 5.7094E+02 6.1183E+04 4.1925E-01