energy	step1_	g1_	g2_	g3_
279.5571	0.010494520561072307	9.574831478796191e-46	2.4589249240326234e-21	4.695943146208546e-35
279.7628	0.010737155736534554	2.5927824750728398e-42	6.115129352046882e-20	2.993760202211547e-33
279.9571	0.010976873900610085	3.3973774619480176e-39	1.1477760463457274e-18	1.3679311612727847e-31
280.1628	0.011242598621703237	5.0011610690444264e-36	2.2936760943098737e-17	7.015169347931001e-30
280.3571	0.011505683398056465	3.6847744204622245e-33	3.501565800367753e-16	2.609777541104719e-28
280.5628	0.011797956026957768	2.948696287510754e-30	5.622788856376034e-15	1.0766068586104519e-26
280.7571	0.01208799659550075	1.2216096427678326e-27	6.98169180806565e-14	3.260923195687676e-25
280.9628	0.012411001949156564	5.3142708627890965e-25	9.00875362350118e-13	1.0821163499564776e-23
281.1571	0.012732361668624903	1.2379652113058814e-22	9.098133455236355e-12	2.6685508611824773e-22
281.3628	0.013091212183266088	2.927600221318846e-20	9.433457367913447e-11	7.12342095831276e-21
281.5571	0.013449249044400702	3.834766023916747e-18	7.748848662551211e-10	1.430237738722518e-19
281.7628	0.01385025664445999	4.929856733575981e-16	6.456101053483153e-09	3.0711504660155107e-18
281.9571	0.014251623529849045	3.630979050365042e-14	4.313355984137355e-08	5.020405722841713e-17
282.1628	0.014702672968151309	2.5375304798949764e-12	2.8877726240284214e-07	8.67184313541503e-16
282.2572	0.014919360380344637	1.6042380839606304e-11	6.655240526456458e-07	3.088129259547242e-15
282.3601	0.015162947650818381	1.1106566704406386e-10	1.6095162380259646e-06	1.200284694557757e-14
282.4629	0.015414366055839013	7.096745680209298e-10	3.7813651428974643e-06	4.5305845503957486e-14
282.5544	0.01564526055536014	3.462585818211664e-09	7.89885253894748e-06	1.4434501478239473e-13
282.6572	0.01591305549582578	1.9081841383402162e-08	1.7597820548297845e-05	5.168045301986098e-13
282.7601	0.016190443824618983	9.738969233238176e-08	3.8148255191413e-05	1.8014906096857308e-12
282.8629	0.0164773814405198	4.5888387629391204e-07	8.034489686926114e-05	6.099086847330143e-12
282.9544	0.01674146242394342	1.7072458107471577e-06	0.000152272689187218	1.7638742559494627e-11
283.0572	0.017048429408200894	6.9378703986566924e-06	0.00030412159575316997	5.664414001603224e-11
283.1601	0.0173671677361259	2.6103611690589437e-05	0.0005909452455152636	1.7708328556425262e-10
283.2629	0.017697711254192616	9.069864447015907e-05	0.0011157354340064914	5.377410976413189e-10
283.3544	0.018002675272074053	0.00025730368583916667	0.0019185506805547347	1.411663832552077e-09
283.4572	0.018358072142547144	0.0007710570744536937	0.0034350169430777274	4.066132226409719e-09
283.5601	0.018728133967440885	0.002138664442635002	0.005982918041619254	1.1400423211341803e-08
283.6629	0.01911302172876056	0.005479655257659901	0.010126454158633294	3.105127769493568e-08
283.7544	0.01946913987050336	0.011853603638582318	0.015798570100380792	7.399336674252877e-08
283.8572	0.01988538511190363	0.02619396913771852	0.025357343484717236	1.911638819279103e-07
283.9601	0.02032022472027828	0.053559823778509597	0.0395887793628839	4.806868154703707e-07
284.0629	0.020774028112193033	0.10119524789326086	0.06006850501157001	1.1743121520058864e-06
284.1544	0.021195318129828722	0.16692033086303612	0.08502674116044324	2.540107652292175e-06
284.2572	0.021689462129304338	0.27200102384186053	0.1223409562057547	5.886105186769649e-06
284.3601	0.022207674221217055	0.4100058675624516	0.1712081428061748	1.3273983724019869e-05
284.4629	0.02275067071095921	0.5712437252840127	0.23287855232882237	2.908609839585849e-05
284.5544	0.023256771764519957	0.7184929557101493	0.299079422717064	5.7109622740635546e-05
284.6572	0.023852871723977598	0.8633645412590267	0.38577424918291403	0.00011869926523121505
284.7601	0.024480897580160088	0.9593905721580478	0.48391598493315335	0.00024007016191356987
284.8629	0.025142157218640215	0.9856828691644905	0.5900725462289994	0.00047182963719380976
284.9544	0.02576145135041985	0.9453447881562389	0.6875602809378896	0.0008409386120136321
285.0572	0.026494568706720012	0.8376687601805042	0.7950379248560981	0.0015677105335514978
285.1601	0.02727130605955863	0.6862071877625607	0.8939408163195884	0.0028436289303233864
285.2629	0.02809401561901631	0.5198851551832837	0.9771800064743197	0.005012827947682734
285.3544	0.028869079235331496	0.3802002480156232	1.0330664892863082	0.008109930458442558
285.4572	0.029792352497419572	0.2484304765718927	1.0708674156474953	0.013560682762212901
285.5601	0.030777430605310296	0.15002703323234626	1.079296610417328	0.022059999415583304
285.6629	0.031828597097671496	0.08381699119138995	1.0576378461168685	0.03488013962999784
285.7544	0.032826287183066516	0.04674003135897227	1.0144695475314893	0.051223329105884605
285.8572	0.0340242281310108	0.022521217647383993	0.9427071680310225	0.07682367349273352
285.9601	0.03531384249413749	0.010026242895609614	0.8516597176941723	0.11208200808118046
286.0629	0.036703213158112424	0.004130581149370535	0.7481568224341074	0.15895400131635537
286.1544	0.03803470455799185	0.001756386316622591	0.6510929647476099	0.2118928514037878
286.2572	0.039650144339657356	0.0006240699985010489	0.542389360273111	0.28504039943750165
286.3601	0.04140987203350466	0.0002048148133220881	0.43922256753512073	0.3729616211383459
286.4629	0.0433300878052304	6.222210403932872e-05	0.34589281853614046	0.4744195189369873
286.5544	0.04519442472049928	2.017462786322408e-05	0.27311165725671743	0.5740670811962021
286.6572	0.04748860403979105	5.286024649532603e-06	0.20395706843170905	0.6926528090247941
286.7601	0.05002873296279314	1.2789069524993858e-06	0.1480459167154287	0.8128122093937102
286.8629	0.052850418597564564	2.865053054828147e-07	0.10451622061293758	0.927366635298417
286.9544	0.055640951064165334	7.083460265734832e-08	0.0748739455927859	1.0186073751829985
287.0572	0.05914548932380659	1.368609357677918e-08	0.050125602692283944	1.1023578922175983
287.1601	0.06311910564172135	2.441017959152402e-09	0.03261380481726412	1.160149954448125
287.2629	0.06765175289273401	4.032506596680584e-10	0.020640446871176492	1.1872391761714065
287.3544	0.07226107593115172	7.602209499659162e-11	0.013415734302404527	1.1837195569924748
287.4572	0.07823462733961539	1.0831391862313868e-11	0.008051442596768734	1.1490196759550675
287.5601	0.0852664663945662	1.4241556033117068e-12	0.0046956935801499115	1.0845157663848564
287.6629	0.09363818754980979	1.7348900106277293e-13	0.0026640829398922937	0.9954576878468677
287.7544	0.10255242209026627	2.4939551959434738e-14	0.0015710551278342395	0.9009250520776471
287.8572	0.11473642821145763	2.620254486449228e-15	0.0008452419465242184	0.784386570723778
287.9601	0.13004010915995728	2.5397931831086067e-16	0.00044186670402330923	0.6639806861430182
288.0629	0.1496864973759855	2.2815145788292413e-17	0.00022473444113721108	0.5466448048696797
288.1544	0.17238119181622524	2.5008745243354935e-18	0.00012024351069755928	0.4490827135462623
288.2572	0.2064016316275502	1.9375687453392223e-19	5.799380835862246e-05	0.35069588307165883
288.3601	0.25374668947311807	1.3845023761607158e-20	2.717540672930563e-05	0.26623972595236506
288.4629	0.3201258133311682	9.17125971408849e-22	1.2390384229197548e-05	0.196600889849077
288.5544	0.3988079674826704	7.665660832738818e-23	6.014854384516876e-06	0.14660941027145094
288.6572	0.5043292784620907	4.3795068436646786e-24	2.600611410571177e-06	0.10269020470486526
288.7601	0.6090351062803648	2.306978247954835e-25	1.0923305379771076e-06	0.06991785599939382
288.8629	0.6942437518988104	1.126909857626075e-26	4.4647090344232505e-07	0.04630880427246192
288.9544	0.7506778784615808	7.182270199199872e-28	1.9664451404838904e-07	0.03134694266115603
289.0572	0.796715749051164	3.025852405963191e-29	7.621887696813015e-08	0.019693604215577063
289.1601	0.829919739504778	1.1750267019348747e-30	2.8696263053543086e-08	0.01202544568802499
289.2629	0.8544651230869091	4.2325666502784734e-32	1.051464937500779e-08	0.007143967818252746
289.3544	0.8713294414570647	2.0569717194269086e-33	4.201765388685767e-09	0.004389614342564406
289.4572	0.8863311512873809	6.390351002779808e-35	1.4599664446281727e-09	0.0024735416394618378
289.5601	0.8983191359138556	1.8293904770988228e-36	4.92708280758296e-10	0.0013546031901190568
289.6629	0.9080756508778522	4.859290639133485e-38	1.6184141847598587e-10	0.0007217939635581327
289.7544	0.9153432991382651	1.800733085707232e-39	5.867796052843172e-11	0.00040258294907960344
289.8572	0.9222747360569388	4.1253056182395323e-41	1.8277485584300735e-11	0.00020347501057011588
289.9601	0.9281802726776722	8.706017467558625e-43	5.529013177131942e-12	9.993574189831142e-05
290.0629	0.9332594764038002	1.705282703870423e-44	1.6280877339110466e-12	4.776225642294178e-05
290.1544	0.9372192546940274	4.818643639825508e-46	5.355641140534171e-13	2.4181443464015704e-05
290.2572	0.941148594772715	8.140329514829767e-48	1.4954891720760306e-13	1.0962276898171012e-05
290.3601	0.944622912298041	1.2664472238008573e-49	4.0550726154278515e-14	4.828668842004352e-06
290.4629	0.9477105392764964	1.829255379493364e-51	1.070432236290765e-14	2.0699233330856237e-06
290.5544	0.9501851008454103	3.9414381581018953e-53	3.1947815997882452e-15	9.512767895732097e-07
290.6572	0.9527019390556772	4.9100089536751804e-55	7.997299171047031e-16	3.8680162497168084e-07
290.7601	0.9549804144209413	5.631305653279682e-57	1.9437611310856904e-16	1.5280298445765216e-07
290.8629	0.9570488114557874	5.998003800064964e-59	4.5997454842762054e-17	5.875184621138479e-08
290.9544	0.9587371160238866	9.85460147944793e-61	1.2455584918235171e-17	2.45092156575092e-08
291.0572	0.9604830728148002	9.052676999273141e-63	2.79509555677716e-18	8.93868526882815e-09
291.1601	0.9620894436179942	7.65394868960946e-65	6.089482660628101e-19	3.1668980719867404e-09
291.2629	0.9635694822612832	6.011648426644848e-67	1.2918190094265168e-19	1.0921608652277903e-09
291.3544	0.9647932736199878	7.531437169068158e-69	3.173805632247565e-20	4.135706971860537e-10
291.4572	0.9660740467482476	5.101832638370625e-71	6.38474010726267e-21	1.3528723980486762e-10
291.5601	0.967266340716237	3.179921759757547e-73	1.2468412160186436e-21	4.2986706144943695e-11
291.6629	0.9683768987650535	1.841767706861271e-75	2.3711705224629283e-22	1.329687349516859e-11
291.7544	0.9693040444310301	1.7594263447684622e-77	5.285544981011997e-23	4.570544490976844e-12
291.8572	0.9702830898474522	8.788805078879641e-80	9.531978080208746e-24	1.3410280449570846e-12
291.9601	0.9712026438061001	4.038329621434062e-82	1.668534338702762e-24	3.821484351695391e-13
292.0629	0.9720663237092345	1.7247675610577781e-84	2.8445734403482185e-25	1.060254922040158e-13
292.1544	0.9727927251772698	1.2563734951474253e-86	5.752974735024608e-26	3.3081405724189144e-14
292.2572	0.9735651492370476	4.627941914377148e-89	9.300709786193585e-27	8.705961024708119e-15
292.3601	0.974295708481161	1.5676226743955896e-91	1.4593262512301612e-27	2.2249888377202394e-15
