276.446053	0.0
276.496053	0.0
276.556053	0.0
276.60605300000003	0.0
276.66605300000003	0.0
276.716053	0.0
276.766053	0.0
276.826053	0.0
276.876053	0.0
276.936053	0.0
276.986053	0.0
277.04605300000003	0.0
277.096053	0.0
277.146053	0.0
277.206053	0.0
277.256053	0.0
277.316053	0.0
277.366053	0.0
277.41605300000003	0.0
277.476053	0.0
277.526053	0.0
277.586053	0.0
277.636053	0.0
277.686053	0.0
277.746053	0.0
277.79605300000003	0.0
277.85605300000003	0.0
277.906053	0.0
277.966053	0.0
278.016053	0.0
278.066053	0.0
278.126053	0.0
278.176053	0.0
278.236053	0.0
278.286053	0.0
278.336053	0.0
278.396053	0.0
278.446053	0.0
278.506053	0.0
278.556053	0.0
278.60605300000003	0.0
278.66605300000003	0.0
278.716053	0.0
278.776053	0.0
278.826053	0.0
278.876053	0.0
278.936053	0.0
278.986053	0.0
279.04605300000003	0.0
279.096053	0.0
279.156053	0.0
279.206053	0.0
279.256053	0.0
279.316053	0.0
279.366053	0.0
279.426053	0.0
279.476053	0.0
279.526053	0.0
279.586053	0.0
279.636053	0.0
279.696053	0.0
279.746053	0.0
279.79605300000003	0.0
279.85605300000003	0.0
279.906053	0.0
279.966053	0.0
280.016053	0.0
280.076053	0.0
280.126053	0.0
280.176053	0.0
280.236053	0.0
280.286053	0.0
280.346053	0.0
280.396053	0.0
280.446053	0.0
280.506053	0.0
280.556053	0.0
280.616053	0.0
280.66605300000003	0.0
280.716053	0.0
280.776053	0.0
280.826053	0.0
280.886053	0.0
280.936053	0.0
280.996053	0.0
281.04605300000003	0.0
281.096053	2.0638258131178836e-10
281.156053	4.127651626235767e-10
281.206053	1.0319129065589418e-09
281.266053	2.6829735570532485e-09
281.316053	6.39786002066544e-09
281.366053	1.4859545854448763e-08
281.426053	3.302121300988614e-08
281.476053	7.07892253899434e-08
281.536053	1.4467418949956363e-07
281.586053	2.8274413639715006e-07
281.636053	5.279266429955546e-07
281.696053	9.425492488509375e-07
281.746053	1.6083394561627666e-06
281.806053	2.6235353736354537e-06
281.85605300000003	4.0911219093435806e-06
281.906053	6.097986130019411e-06
281.966053	8.68870667322629e-06
282.016053	1.1834183594999257e-05
282.076053	1.5564135987047207e-05
282.126053	1.9665577025456376e-05
282.186053	2.427967239584403e-05
282.236053	3.014093770509882e-05
282.286053	3.9684274647537224e-05
282.346053	5.932714958904931e-05
282.396053	0.00010414106329509103
282.456053	0.00020689255267020978
282.506053	0.000434442969816823
282.556053	0.0009153826969077042
282.616053	0.0018827828851395566
282.66605300000003	0.003733909778044605
282.726053	0.00710320778371988
282.776053	0.012934945937066393
282.826053	0.022528406604262828
282.886053	0.03751518608179483
282.936053	0.05972233921104837
282.996053	0.09088592799160461
283.04605300000003	0.13221401492699789
283.10605300000003	0.1838551193206002
283.156053	0.24439364323446616
283.206053	0.31054136399616306
283.266053	0.3771934577823807
283.316053	0.43794936529467277
283.376053	0.48606983422508
283.426053	0.515689681297424
283.476053	0.5229897916849657
283.536053	0.5070058592871323
283.586053	0.46983756827139667
283.646053	0.4161956115817121
283.696053	0.35242138028152364
283.746053	0.28526073298521815
283.806053	0.22071748262543217
283.85605300000003	0.16324747371132475
283.91605300000003	0.11541737661113737
283.966053	0.07800293123322795
284.026053	0.05039246955117302
284.076053	0.031119696777840912
284.126053	0.018370461317211793
284.186053	0.010366204313238894
284.236053	0.005591578998777236
284.29605300000003	0.0028831295758868602
284.346053	0.0014210482955352255
284.396053	0.0006695275894768044
284.456053	0.0003015387789294707
284.506053	0.00012987697118467106
284.566053	5.361055846929409e-05
284.616053	2.157358398968386e-05
284.66605300000003	9.495868948736695e-06
284.726053	7.1932584890410725e-06
284.776053	1.2345186866327245e-05
284.836053	2.8725565962462575e-05
284.886053	6.791225220645708e-05
284.936053	0.0001547613445437586
284.996053	0.00033766274766679823
285.04605300000003	0.0007043383458492451
285.10605300000003	0.0014046856653410827
285.156053	0.002678592261234581
285.216053	0.004884319307489523
285.266053	0.008517768649194152
285.316053	0.014208400142341655
285.376053	0.022675682039817246
285.426053	0.03463402271276012
285.486053	0.05064636243461569
285.536053	0.07094612671547279
285.586053	0.09526860430335896
285.646053	0.12274659911921632
285.696053	0.15192108104277538
285.756053	0.18089182847992347
285.806053	0.20758848133863575
285.85605300000003	0.23009785781784095
285.91605300000003	0.24695674442234644
285.966053	0.25732762536487785
286.026053	0.26101774158469837
286.076053	0.2583624594104927
286.136053	0.2500447832142971
286.186053	0.23693998688940207
286.236053	0.220050826024044
286.29605300000003	0.20054652687313632
286.346053	0.1798645771367286
286.406053	0.15980139973434085
286.456053	0.142517834326323
286.506053	0.13041241201106957
286.566053	0.12585494327419453
286.616053	0.13081118422829763
286.676053	0.14642008913764815
286.726053	0.17260829126479812
286.776053	0.20784102447999664
286.836053	0.24910720819842094
286.886053	0.292206700150445
286.946053	0.3323425107859484
286.996053	0.36492907072854996
287.056053	0.3864383310463512
287.10605300000003	0.395059154567315
287.156053	0.390972298173162
287.216053	0.37614818820792445
287.266053	0.3537238952180734
287.326053	0.3271533953632486
287.376053	0.2993951022509652
287.426053	0.27237442626300246
287.486053	0.24684885276840113
287.536053	0.22265704507357706
287.596053	0.1992089613636546
287.646053	0.17601733091947855
287.696053	0.15309204091137182
287.756053	0.13109729941777792
287.806053	0.11126609170275042
287.866053	0.09513871598113231
287.91605300000003	0.08422243666541923
287.976053	0.07965960837929008
288.026053	0.08196233069834477
288.076053	0.09084368993889592
288.136053	0.10516139174097835
288.186053	0.12298664331868779
288.246053	0.1418072892307234
288.29605300000003	0.15885747762855904
288.346053	0.17153433182856595
288.406053	0.17782584187316852
288.456053	0.17665260312810924
288.516053	0.16803397613695834
288.566053	0.15303129075388464
288.616053	0.13348296978561797
288.676053	0.11160567153821503
288.726053	0.0895700520531233
288.786053	0.06915573986730844
288.836053	0.05155471883654263
288.886053	0.037340351761010096
288.946053	0.026572015528501972
288.996053	0.018977258714716297
289.056053	0.014148466640728712
289.10605300000003	0.011704224689929805
289.16605300000003	0.01138683758619882
289.216053	0.013087953442434163
289.266053	0.016809273883018748
289.326053	0.02257534233728734
289.376053	0.030322240881512183
