*********************  Core Excitation Data  ********************
****************  A.P. Hitchcock & D.C. Mancini  ****************
*
* Formula: o-NO2C6H4NH2
* Name: ortho nitro aniline
* Edge: O 1s
* Alpha Formula: C6H6N2O2
* Data Source: Hitchcock
* Filename:  ng-0ookk.os
* Ref. Code: TUH 96
* Write Date: 08/05/98
* Reference: Can. J. Chem. 74 (1996) 851.
* Source and Purity: scavenged from chem fume hoods
* Acquisition Mode: EELS, 2 deg, 2500eV CRE mode, 0.7eV fwhm
*--------------------------------------------------------------
* No. of Spectra: 2	name1- 0ngo	name2- 0ngo.os
*   E (eV)        Raw data             Osc. Str. per atom (E-2)
*--------------------------------------------------------------

  5.196561E+02	  7.226346E+04	  3.997143E-02	
  5.198502E+02	  7.210774E+04	  2.616425E-02	
  5.200557E+02	  7.163598E+04	 -2.496116E-02	
  5.202499E+02	  7.213885E+04	  3.951755E-02	
  5.204556E+02	  7.166736E+04	 -1.162807E-02	
  5.206497E+02	  7.150856E+04	 -2.587713E-02	
  5.208552E+02	  7.214567E+04	  5.497727E-02	
  5.210494E+02	  7.168783E+04	  5.087956E-03	
  5.212551E+02	  7.218072E+04	  6.884915E-02	
  5.214492E+02	  7.116895E+04	 -4.722643E-02	
  5.216547E+02	  7.183413E+04	  3.714577E-02	
  5.218489E+02	  7.162583E+04	  1.694220E-02	
  5.220546E+02	  7.188739E+04	  5.318269E-02	
  5.222487E+02	  7.148271E+04	  9.457585E-03	
  5.224542E+02	  7.121398E+04	 -1.776951E-02	
  5.226484E+02	  7.162039E+04	  3.557884E-02	
  5.228541E+02	  7.195123E+04	  8.020768E-02	
  5.230482E+02	  7.177730E+04	  6.405852E-02	
  5.232537E+02	  7.157452E+04	  4.470252E-02	
  5.234479E+02	  7.112499E+04	 -4.582612E-03	
  5.236536E+02	  7.102552E+04	 -1.158972E-02	
  5.238477E+02	  7.130341E+04	  2.647797E-02	
  5.240532E+02	  7.171243E+04	  8.063914E-02	
  5.242474E+02	  7.123848E+04	  2.830510E-02	
  5.244531E+02	  7.124374E+04	  3.390304E-02	
  5.246472E+02	  7.109385E+04	  2.052464E-02	
  5.248527E+02	  7.136640E+04	  5.833983E-02	
  5.250583E+02	  7.110111E+04	  3.130870E-02	
  5.252526E+02	  7.105144E+04	  3.000102E-02	
  5.254581E+02	  7.105363E+04	  3.522330E-02	
  5.256522E+02	  7.125573E+04	  6.433279E-02	
  5.258578E+02	  7.105046E+04	  4.448746E-02	
  5.260521E+02	  7.086681E+04	  2.696056E-02	
  5.262576E+02	  7.062320E+04	  2.419462E-03	
  5.264517E+02	  7.071095E+04	  1.771509E-02	
  5.266573E+02	  7.046103E+04	 -7.629962E-03	
  5.268516E+02	  7.044488E+04	 -4.923802E-03	
  5.270571E+02	  7.071812E+04	  3.316842E-02	
  5.272512E+02	  7.074713E+04	  4.137202E-02	
  5.274568E+02	  7.053343E+04	  2.037014E-02	
  5.276511E+02	  7.045750E+04	  1.581875E-02	
  5.278566E+02	  6.989534E+04	 -4.761688E-02	
  5.280507E+02	  7.019113E+04	 -6.983024E-03	
  5.282563E+02	  7.032764E+04	  1.457447E-02	
  5.284506E+02	  7.005288E+04	 -1.423013E-02	
  5.286561E+02	  7.032103E+04	  2.338919E-02	
  5.288502E+02	  7.044561E+04	  4.325917E-02	
  5.290558E+02	  7.039377E+04	  4.189267E-02	
  5.292501E+02	  7.032762E+04	  3.850193E-02	
  5.294556E+02	  7.065989E+04	  8.406398E-02	
  5.296497E+02	  7.060577E+04	  8.215304E-02	
  5.298553E+02	  7.079277E+04	  1.100146E-01	
  5.300496E+02	  7.219037E+04	  2.858273E-01	
  5.302551E+02	  7.500257E+04	  6.353890E-01	
  5.304492E+02	  7.916216E+04	  1.150187E+00	
  5.306548E+02	  8.463675E+04	  1.827149E+00	
  5.307496E+02	  8.841399E+04	  2.293251E+00	
  5.308524E+02	  8.964619E+04	  2.447589E+00	
  5.309553E+02	  9.016865E+04	  2.514911E+00	
  5.310580E+02	  8.960999E+04	  2.449532E+00	
  5.311495E+02	  8.936308E+04	  2.422052E+00	
  5.312523E+02	  8.745459E+04	  2.190798E+00	
  5.313550E+02	  8.546708E+04	  1.949689E+00	
  5.314578E+02	  8.229680E+04	  1.563063E+00	
  5.315491E+02	  8.065005E+04	  1.363202E+00	
  5.316520E+02	  7.905812E+04	  1.170295E+00	
  5.317548E+02	  7.662751E+04	  8.740970E-01	
  5.318575E+02	  7.507305E+04	  6.855341E-01	
  5.319490E+02	  7.397065E+04	  5.522158E-01	
  5.320518E+02	  7.313031E+04	  4.513799E-01	
  5.321545E+02	  7.197796E+04	  3.120505E-01	
  5.322573E+02	  7.193930E+04	  3.098466E-01	
  5.323486E+02	  7.091626E+04	  1.860462E-01	
  5.324515E+02	  7.083788E+04	  1.789078E-01	
  5.325543E+02	  7.085934E+04	  1.840742E-01	
  5.326570E+02	  7.034216E+04	  1.228006E-01	
  5.327485E+02	  6.994402E+04	  7.590678E-02	
  5.328513E+02	  6.947384E+04	  2.037235E-02	
  5.329540E+02	  6.958869E+04	  3.701619E-02	
  5.330568E+02	  7.021991E+04	  1.174379E-01	
  5.331481E+02	  6.969438E+04	  5.474576E-02	
  5.332510E+02	  6.971852E+04	  6.021096E-02	
  5.333538E+02	  6.984414E+04	  7.822046E-02	
  5.334565E+02	  6.935309E+04	  1.999919E-02	
  5.335480E+02	  7.021605E+04	  1.289073E-01	
  5.336508E+02	  6.996083E+04	  9.984197E-02	
  5.337535E+02	  6.979277E+04	  8.153895E-02	
  5.338563E+02	  6.970755E+04	  7.348166E-02	
  5.339476E+02	  6.992213E+04	  1.022511E-01	
  5.340505E+02	  7.022875E+04	  1.427184E-01	
  5.341533E+02	  6.990347E+04	  1.049325E-01	
  5.342560E+02	  6.984407E+04	  1.000639E-01	
  5.343475E+02	  7.010468E+04	  1.345838E-01	
  5.344503E+02	  6.989546E+04	  1.111494E-01	
  5.345530E+02	  6.977986E+04	  9.930666E-02	
  5.346558E+02	  6.987941E+04	  1.141503E-01	
  5.347471E+02	  6.994027E+04	  1.239177E-01	
  5.348500E+02	  6.949325E+04	  7.093631E-02	
  5.349528E+02	  6.952626E+04	  7.752010E-02	
  5.350555E+02	  6.978657E+04	  1.123320E-01	
  5.351583E+02	  7.018087E+04	  1.638124E-01	
  5.352498E+02	  7.071927E+04	  2.329500E-01	
  5.353525E+02	  7.049596E+04	  2.077207E-01	
  5.354553E+02	  7.042088E+04	  2.009116E-01	
  5.355582E+02	  7.051819E+04	  2.155380E-01	
  5.356495E+02	  7.075420E+04	  2.471403E-01	
  5.357523E+02	  7.130157E+04	  3.177921E-01	
  5.358550E+02	  7.131329E+04	  3.218043E-01	
  5.359578E+02	  7.128323E+04	  3.206199E-01	
  5.360493E+02	  7.188781E+04	  3.981933E-01	
  5.361520E+02	  7.207745E+04	  4.243954E-01	
  5.362548E+02	  7.177428E+04	  3.892024E-01	
  5.363577E+02	  7.219856E+04	  4.446712E-01	
  5.364490E+02	  7.225913E+04	  4.545246E-01	
  5.365518E+02	  7.299635E+04	  5.490713E-01	
  5.366545E+02	  7.353116E+04	  6.184143E-01	
  5.367573E+02	  7.324652E+04	  5.855362E-01	
  5.368488E+02	  7.401073E+04	  6.832771E-01	
  5.369515E+02	  7.418969E+04	  7.082829E-01	
  5.370543E+02	  7.505873E+04	  8.195014E-01	
  5.371572E+02	  7.475951E+04	  7.848203E-01	
  5.372485E+02	  7.491435E+04	  8.065612E-01	
  5.373513E+02	  7.509509E+04	  8.318536E-01	
  5.374540E+02	  7.490419E+04	  8.106847E-01	
  5.375568E+02	  7.586023E+04	  9.329697E-01	
  5.376483E+02	  7.511681E+04	  8.423901E-01	
  5.377510E+02	  7.566582E+04	  9.138042E-01	
  5.378538E+02	  7.629193E+04	  9.949160E-01	
  5.379567E+02	  7.562698E+04	  9.144031E-01	
  5.380480E+02	  7.599718E+04	  9.631959E-01	
  5.381508E+02	  7.598212E+04	  9.640529E-01	
  5.382535E+02	  7.667834E+04	  1.054051E+00	
  5.383563E+02	  7.589971E+04	  9.592054E-01	
  5.384478E+02	  7.609841E+04	  9.865621E-01	
  5.385505E+02	  7.548158E+04	  9.119344E-01	
  5.386533E+02	  7.563828E+04	  9.343249E-01	
  5.387562E+02	  7.571406E+04	  9.465725E-01	
  5.388475E+02	  7.559453E+04	  9.339958E-01	
  5.389503E+02	  7.602781E+04	  9.911424E-01	
  5.390530E+02	  7.545928E+04	  9.224717E-01	
  5.391558E+02	  7.578232E+04	  9.657936E-01	
  5.392473E+02	  7.585352E+04	  9.771822E-01	
  5.393500E+02	  7.557045E+04	  9.443359E-01	
  5.394528E+02	  7.597227E+04	  9.976062E-01	
  5.395557E+02	  7.624448E+04	  1.034602E+00	
  5.396583E+02	  7.576435E+04	  9.769430E-01	
  5.397498E+02	  7.603571E+04	  1.013541E+00	
  5.398527E+02	  7.561553E+04	  9.633977E-01	
  5.399553E+02	  7.604136E+04	  1.019761E+00	
  5.400582E+02	  7.618877E+04	  1.041091E+00	
  5.401495E+02	  7.612270E+04	  1.035218E+00	
  5.402523E+02	  7.592067E+04	  1.012516E+00	
  5.403552E+02	  7.618838E+04	  1.049026E+00	
  5.404578E+02	  7.620249E+04	  1.053566E+00	
  5.405493E+02	  7.675259E+04	  1.125425E+00	
  5.406522E+02	  7.654859E+04	  1.102470E+00	
  5.408530E+02	  7.658084E+04	  1.111973E+00	
  5.410471E+02	  7.647296E+04	  1.103601E+00	
  5.412527E+02	  7.652267E+04	  1.115443E+00	
  5.414584E+02	  7.665868E+04	  1.138215E+00	
  5.416525E+02	  7.648909E+04	  1.122022E+00	
  5.418580E+02	  7.658234E+04	  1.139394E+00	
  5.420522E+02	  7.583702E+04	  1.050239E+00	
  5.422579E+02	  7.615982E+04	  1.096689E+00	
  5.424520E+02	  7.595652E+04	  1.076146E+00	
  5.426575E+02	  7.548145E+04	  1.021393E+00	
  5.428517E+02	  7.556633E+04	  1.037374E+00	
  5.430574E+02	  7.494947E+04	  9.645222E-01	
  5.432515E+02	  7.462580E+04	  9.285465E-01	
  5.434570E+02	  7.498034E+04	  9.790906E-01	
  5.436512E+02	  7.441155E+04	  9.118835E-01	
  5.438569E+02	  7.429063E+04	  9.019300E-01	
  5.440510E+02	  7.400889E+04	  8.711680E-01	
  5.442565E+02	  7.428832E+04	  9.122019E-01	
  5.444507E+02	  7.397165E+04	  8.769500E-01	
  5.446564E+02	  7.383492E+04	  8.649227E-01	
  5.448505E+02	  7.382230E+04	  8.684229E-01	
  5.450560E+02	  7.361968E+04	  8.479455E-01	
  5.452502E+02	  7.359570E+04	  8.499802E-01	
  5.454559E+02	  7.321086E+04	  8.061597E-01	
  5.456500E+02	  7.305001E+04	  7.906520E-01	
  5.458555E+02	  7.350327E+04	  8.540580E-01	
  5.460497E+02	  7.272459E+04	  7.593927E-01	
  5.462554E+02	  7.290315E+04	  7.876337E-01	
  5.464495E+02	  7.206611E+04	  6.853340E-01	
  5.466550E+02	  7.175633E+04	  6.508788E-01	
  5.468492E+02	  7.210693E+04	  7.008887E-01	
  5.470549E+02	  7.168209E+04	  6.516182E-01	
  5.472490E+02	  7.174523E+04	  6.647254E-01	
  5.474545E+02	  7.185501E+04	  6.841333E-01	
  5.476487E+02	  7.132579E+04	  6.210299E-01	
  5.478544E+02	  7.148725E+04	  6.470881E-01	
  5.480485E+02	  7.114600E+04	  6.081053E-01	
  5.482540E+02	  7.154984E+04	  6.654208E-01	
  5.484482E+02	  7.109295E+04	  6.114817E-01	
  5.486539E+02	  7.151814E+04	  6.716169E-01	
  5.488480E+02	  7.112326E+04	  6.256222E-01	
  5.490535E+02	  7.093441E+04	  6.064850E-01	
  5.492477E+02	  7.124491E+04	  6.515844E-01	
  5.494534E+02	  7.116424E+04	  6.464319E-01	
  5.496475E+02	  7.083775E+04	  6.091573E-01	
  5.498530E+02	  7.045025E+04	  5.642301E-01	
  5.500472E+02	  7.115139E+04	  6.600070E-01	
  5.502529E+02	  7.097277E+04	  6.421358E-01	
  5.504584E+02	  7.085577E+04	  6.322269E-01	
  5.506525E+02	  7.094810E+04	  6.491812E-01	
  5.508535E+02	  7.057622E+04	  6.060467E-01	
  5.511047E+02	  7.038541E+04	  5.876642E-01	
  5.513560E+02	  7.035669E+04	  5.903319E-01	
  5.516074E+02	  7.024598E+04	  5.823318E-01	
  5.518585E+02	  7.025573E+04	  5.899925E-01	
  5.521099E+02	  7.003115E+04	  5.671335E-01	
  5.523610E+02	  7.014398E+04	  5.882261E-01	
  5.526124E+02	  7.002698E+04	  5.793592E-01	
  5.528522E+02	  7.007724E+04	  5.920209E-01	
  5.531036E+02	  6.932908E+04	  5.006648E-01	
  5.533547E+02	  6.983569E+04	  5.732382E-01	
  5.536060E+02	  6.944247E+04	  5.281737E-01	
  5.538574E+02	  6.992127E+04	  5.972226E-01	
  5.541085E+02	  6.927016E+04	  5.183052E-01	
  5.543599E+02	  6.975416E+04	  5.881132E-01	
  5.546111E+02	  6.913515E+04	  5.132831E-01	
  5.548624E+02	  6.931888E+04	  5.437490E-01	
  5.551136E+02	  6.935009E+04	  5.542076E-01	
  5.553649E+02	  6.942064E+04	  5.698518E-01	
  5.556163E+02	  6.917812E+04	  5.443212E-01	
  5.558674E+02	  6.915677E+04	  5.478653E-01	
  5.561188E+02	  6.898652E+04	  5.317958E-01	
  5.563699E+02	  6.851416E+04	  4.758623E-01	
  5.566213E+02	  6.887942E+04	  5.303662E-01	
  5.568726E+02	  6.862351E+04	  5.029262E-01	
  5.571124E+02	  6.877560E+04	  5.290583E-01	
  5.573638E+02	  6.829939E+04	  4.724455E-01	
  5.576149E+02	  6.842756E+04	  4.957038E-01	
  5.578663E+02	  6.813339E+04	  4.630803E-01	
  5.581174E+02	  6.855552E+04	  5.252962E-01	
  5.583688E+02	  6.811911E+04	  4.737821E-01	
  5.586201E+02	  6.838354E+04	  5.151663E-01	
  5.588713E+02	  6.795070E+04	  4.640322E-01	
  5.591226E+02	  6.809395E+04	  4.893593E-01	
  5.593738E+02	  6.778695E+04	  4.548551E-01	
  5.596251E+02	  6.790677E+04	  4.770829E-01	
  5.598765E+02	  6.777995E+04	  4.665056E-01	
  5.601276E+02	  6.792389E+04	  4.919694E-01	
  5.603790E+02	  6.771317E+04	  4.701938E-01	
  5.606301E+02	  6.755966E+04	  4.560065E-01	
  5.608815E+02	  6.747877E+04	  4.514960E-01	
  5.611328E+02	  6.740483E+04	  4.479010E-01	
  5.613726E+02	  6.728709E+04	  4.381539E-01	
  5.616240E+02	  6.712838E+04	  4.231989E-01	
  5.618751E+02	  6.734823E+04	  4.588797E-01	
  5.621265E+02	  6.766911E+04	  5.081439E-01	
  5.623776E+02	  6.775612E+04	  5.261167E-01	
  5.626290E+02	  6.710478E+04	  4.450905E-01	
  5.628802E+02	  6.724493E+04	  4.701684E-01	
  5.631315E+02	  6.713893E+04	  4.622201E-01	
  5.633829E+02	  6.693395E+04	  4.409576E-01	
  5.636340E+02	  6.733598E+04	  5.012875E-01	
  5.638854E+02	  6.729217E+04	  5.017013E-01	
  5.641365E+02	  6.703718E+04	  4.736641E-01	
  5.643878E+02	  6.711630E+04	  4.906153E-01	
  5.646392E+02	  6.691376E+04	  4.696023E-01	
  5.648904E+02	  6.701436E+04	  4.894580E-01	
  5.651417E+02	  6.666677E+04	  4.488187E-01	
  5.653929E+02	  6.659848E+04	  4.458552E-01	
  5.656329E+02	  6.674349E+04	  4.714453E-01	
  5.658840E+02	  6.633210E+04	  4.220587E-01	
  5.661354E+02	  6.645274E+04	  4.446437E-01	
  5.663865E+02	  6.676168E+04	  4.927585E-01	
  5.666378E+02	  6.660768E+04	  4.781744E-01	
  5.668892E+02	  6.624468E+04	  4.352111E-01	
  5.671404E+02	  6.609007E+04	  4.204710E-01	
  5.673917E+02	  6.662129E+04	  4.988850E-01	
  5.676431E+02	  6.642215E+04	  4.781105E-01	
  5.678942E+02	  6.600659E+04	  4.278531E-01	
  5.681456E+02	  6.580207E+04	  4.062604E-01	
  5.683967E+02	  6.649890E+04	  5.074113E-01	
  5.686481E+02	  6.614668E+04	  4.656979E-01	
  5.688994E+02	  6.598309E+04	  4.496540E-01	
  5.691506E+02	  6.547812E+04	  3.869797E-01	
  5.694019E+02	  6.610873E+04	  4.793331E-01	
  5.696531E+02	  6.561049E+04	  4.175046E-01	
  5.698931E+02	  6.591613E+04	  4.652619E-01	
  5.701442E+02	  6.597183E+04	  4.791469E-01	
  5.703956E+02	  6.628899E+04	  5.288615E-01	
  5.706467E+02	  6.542601E+04	  4.168936E-01	
  5.708981E+02	  6.603053E+04	  5.060303E-01	
  5.711494E+02	  6.516344E+04	  3.933294E-01	