*********************  Core Excitation Data  ********************
****************  A.P. Hitchcock & D.C. Mancini  ****************
*
* Formula: o-NO2C6H4NH2
* Name: ortho nitro aniline
* Edge: C 1s
* Alpha Formula: C6H6N2O2
* Data Source: Hitchcock
* Filename:  ng-0cckk.os
* Ref. Code: TUH 96
* Write Date: 08/05/98
* Reference: Can. J. Chem. 74 (1996) 851.
* Source and Purity: scavenged from chem fume hoods
* Acquisition Mode: EELS, 2 deg, 2500eV CRE mode, 0.7eV fwhm
*--------------------------------------------------------------
* No. of Spectra: 2	name1- 0ngc-lr	name2- 0ngc.os
*   E (eV)        Raw data             Osc. Str. per atom (E-2)
*--------------------------------------------------------------

  2.753203E+02	  1.167641E+04	  5.370846E-03	
  2.753628E+02	  1.166050E+04	  4.742085E-03	
  2.755571E+02	  1.166505E+04	  2.419344E-03	
  2.757628E+02	  1.153236E+04	  1.751790E-03	
  2.759571E+02	  1.153083E+04	 -2.593915E-03	
  2.761628E+02	  1.154698E+04	 -2.118104E-03	
  2.763571E+02	  1.154410E+04	 -1.202680E-03	
  2.765628E+02	  1.162614E+04	 -1.640731E-04	
  2.767571E+02	  1.156789E+04	  2.700825E-03	
  2.769628E+02	  1.147928E+04	  6.749183E-05	
  2.771571E+02	  1.156837E+04	 -2.082702E-03	
  2.773628E+02	  1.155868E+04	  1.577598E-03	
  2.775571E+02	  1.153232E+04	  1.407348E-03	
  2.777628E+02	  1.146610E+04	  1.779876E-04	
  2.779571E+02	  1.139487E+04	 -2.344976E-03	
  2.781628E+02	  1.139962E+04	 -4.619815E-03	
  2.783571E+02	  1.152882E+04	 -3.149289E-03	
  2.785628E+02	  1.157248E+04	  2.558008E-03	
  2.787571E+02	  1.155450E+04	  4.365111E-03	
  2.789628E+02	  1.141469E+04	  2.754968E-03	
  2.791571E+02	  1.135910E+04	 -2.321193E-03	
  2.793628E+02	  1.135442E+04	 -4.104285E-03	
  2.795571E+02	  1.138018E+04	 -3.723640E-03	
  2.797628E+02	  1.133060E+04	 -2.823166E-03	
  2.799571E+02	  1.143018E+04	 -3.524921E-03	
  2.801628E+02	  1.138412E+04	  2.419175E-04	
  2.803571E+02	  1.145060E+04	 -5.743079E-04	
  2.805628E+02	  1.144712E+04	  2.334833E-03	
  2.807571E+02	  1.123945E+04	  1.049918E-03	
  2.809628E+02	  1.135066E+04	 -5.507367E-03	
  2.811571E+02	  1.129360E+04	 -1.518260E-03	
  2.813628E+02	  1.135327E+04	 -2.768228E-03	
  2.815571E+02	  1.138398E+04	  1.186493E-06	
  2.817628E+02	  1.156313E+04	  3.286917E-03	
  2.819571E+02	  1.143122E+04	  9.231835E-03	
  2.821628E+02	  1.142788E+04	  4.483154E-03	
  2.822572E+02	  1.148457E+04	  4.592143E-03	
  2.823601E+02	  1.133381E+04	  5.687003E-03	
  2.824629E+02	  1.129597E+04	  4.666977E-03	
  2.825544E+02	  1.137996E+04	  2.213489E-04	
  2.826572E+02	  1.142736E+04	  5.212373E-04	
  2.827601E+02	  1.166582E+04	  4.190098E-03	
  2.828629E+02	  1.154924E+04	  1.025238E-02	
  2.829544E+02	  1.169431E+04	  1.526564E-02	
  2.830572E+02	  1.169178E+04	  1.399614E-02	
  2.831601E+02	  1.163941E+04	  1.858789E-02	
  2.832629E+02	  1.176396E+04	  1.771523E-02	
  2.833544E+02	  1.174338E+04	  1.822730E-02	
  2.834572E+02	  1.213446E+04	  2.213813E-02	
  2.835601E+02	  1.216101E+04	  2.925573E-02	
  2.836629E+02	  1.270771E+04	  4.063741E-02	
  2.837544E+02	  1.311442E+04	  4.928377E-02	
  2.838572E+02	  1.432333E+04	  7.371608E-02	
  2.839601E+02	  1.571188E+04	  1.098155E-01	
  2.840629E+02	  1.861474E+04	  1.699123E-01	
  2.841544E+02	  2.228779E+04	  2.492571E-01	
  2.842572E+02	  2.677850E+04	  4.025089E-01	
  2.843601E+02	  3.211335E+04	  6.030283E-01	
  2.844629E+02	  3.735007E+04	  8.297395E-01	
  2.845544E+02	  4.146593E+04	  1.050913E+00	
  2.846572E+02	  4.466971E+04	  1.287990E+00	
  2.847601E+02	  4.636137E+04	  1.478067E+00	
  2.848629E+02	  4.661782E+04	  1.599773E+00	
  2.849544E+02	  4.585120E+04	  1.650809E+00	
  2.850572E+02	  4.416441E+04	  1.648005E+00	
  2.851601E+02	  4.270155E+04	  1.592573E+00	
  2.852629E+02	  4.149620E+04	  1.518814E+00	
  2.853544E+02	  3.981019E+04	  1.462271E+00	
  2.854572E+02	  3.770144E+04	  1.396753E+00	
  2.855601E+02	  3.616444E+04	  1.304379E+00	
  2.856629E+02	  3.413303E+04	  1.217240E+00	
  2.857544E+02	  3.226340E+04	  1.146584E+00	
  2.858572E+02	  3.106163E+04	  1.050721E+00	
  2.859601E+02	  3.008909E+04	  9.699644E-01	
  2.860629E+02	  2.983666E+04	  9.185240E-01	
  2.861544E+02	  2.993340E+04	  8.886462E-01	
  2.862572E+02	  3.020926E+04	  8.825758E-01	
  2.863601E+02	  3.047409E+04	  8.916547E-01	
  2.864629E+02	  3.099387E+04	  9.051371E-01	
  2.865544E+02	  3.177508E+04	  9.205382E-01	
  2.866572E+02	  3.266456E+04	  9.509377E-01	
  2.867601E+02	  3.429739E+04	  9.934466E-01	
  2.868629E+02	  3.564448E+04	  1.050851E+00	
  2.869544E+02	  3.703147E+04	  1.116208E+00	
  2.870572E+02	  3.816034E+04	  1.183859E+00	
  2.871601E+02	  3.867480E+04	  1.250213E+00	
  2.872629E+02	  3.832162E+04	  1.292540E+00	
  2.873544E+02	  3.715689E+04	  1.302545E+00	
  2.874572E+02	  3.513521E+04	  1.272875E+00	
  2.875601E+02	  3.254612E+04	  1.197482E+00	
  2.876629E+02	  2.978584E+04	  1.091069E+00	
  2.877544E+02	  2.781020E+04	  9.797612E-01	
  2.878572E+02	  2.576516E+04	  8.569160E-01	
  2.879601E+02	  2.448514E+04	  7.552263E-01	
  2.880629E+02	  2.366530E+04	  6.735405E-01	
  2.881544E+02	  2.342734E+04	  6.264325E-01	
  2.882572E+02	  2.313369E+04	  5.958596E-01	
  2.883601E+02	  2.340872E+04	  5.830806E-01	
  2.884629E+02	  2.373447E+04	  5.808164E-01	
  2.885544E+02	  2.407569E+04	  5.936862E-01	
  2.886572E+02	  2.452966E+04	  6.105942E-01	
  2.887601E+02	  2.507541E+04	  6.308616E-01	
  2.888629E+02	  2.565579E+04	  6.549214E-01	
  2.889544E+02	  2.643244E+04	  6.791412E-01	
  2.890572E+02	  2.739467E+04	  7.117274E-01	
  2.891601E+02	  2.809485E+04	  7.559304E-01	
  2.892629E+02	  2.930716E+04	  7.974327E-01	
  2.893544E+02	  2.993335E+04	  8.353051E-01	
  2.894572E+02	  3.088099E+04	  8.867125E-01	
  2.895601E+02	  3.163895E+04	  9.260374E-01	
  2.896629E+02	  3.233708E+04	  9.684531E-01	
  2.897544E+02	  3.259221E+04	  1.000609E+00	
  2.898572E+02	  3.281828E+04	  1.028899E+00	
  2.899601E+02	  3.312523E+04	  1.042235E+00	
  2.900629E+02	  3.359640E+04	  1.055470E+00	
  2.901544E+02	  3.355789E+04	  1.071687E+00	
  2.902572E+02	  3.377763E+04	  1.087630E+00	
  2.903601E+02	  3.434245E+04	  1.091570E+00	
  2.904629E+02	  3.436390E+04	  1.109829E+00	
  2.905544E+02	  3.432622E+04	  1.126808E+00	
  2.906572E+02	  3.479257E+04	  1.127700E+00	
  2.907601E+02	  3.535749E+04	  1.136630E+00	
  2.908629E+02	  3.532525E+04	  1.161934E+00	
  2.909544E+02	  3.552878E+04	  1.178182E+00	
  2.910572E+02	  3.579586E+04	  1.181271E+00	
  2.911601E+02	  3.561589E+04	  1.193942E+00	
  2.912629E+02	  3.606746E+04	  1.198731E+00	
  2.913544E+02	  3.582462E+04	  1.201001E+00	
  2.914572E+02	  3.607348E+04	  1.213058E+00	
  2.915601E+02	  3.653949E+04	  1.211139E+00	
  2.916629E+02	  3.639124E+04	  1.228410E+00	
  2.917544E+02	  3.687019E+04	  1.240232E+00	
  2.918572E+02	  3.682632E+04	  1.244004E+00	
  2.919601E+02	  3.696454E+04	  1.259308E+00	
  2.920629E+02	  3.684359E+04	  1.261701E+00	
  2.921544E+02	  3.718836E+04	  1.264621E+00	
  2.922572E+02	  3.761426E+04	  1.267103E+00	
  2.923601E+02	  3.760303E+04	  1.287633E+00	
  2.924629E+02	  3.791481E+04	  1.300429E+00	
  2.925544E+02	  3.796366E+04	  1.305508E+00	
  2.926572E+02	  3.822058E+04	  1.317791E+00	
  2.927601E+02	  3.816369E+04	  1.325449E+00	
  2.928629E+02	  3.873934E+04	  1.332535E+00	
  2.929544E+02	  3.876182E+04	  1.340247E+00	
  2.930572E+02	  3.894021E+04	  1.361111E+00	
  2.931601E+02	  3.938932E+04	  1.366363E+00	
  2.932629E+02	  3.930453E+04	  1.381487E+00	
  2.933544E+02	  3.944145E+04	  1.393927E+00	
  2.934572E+02	  3.961377E+04	  1.394251E+00	
  2.935601E+02	  3.964348E+04	  1.403098E+00	
  2.936629E+02	  4.017484E+04	  1.409579E+00	
  2.937544E+02	  4.003088E+04	  1.419177E+00	
  2.938572E+02	  4.018102E+04	  1.435868E+00	
  2.939601E+02	  4.047132E+04	  1.435215E+00	
  2.940629E+02	  4.065530E+04	  1.446387E+00	
  2.941544E+02	  4.024377E+04	  1.458340E+00	
  2.942572E+02	  4.066921E+04	  1.458700E+00	
  2.943601E+02	  4.049282E+04	  1.454994E+00	
  2.944629E+02	  4.042888E+04	  1.464616E+00	
  2.945544E+02	  4.060265E+04	  1.459424E+00	
  2.946572E+02	  4.052702E+04	  1.461109E+00	
  2.947601E+02	  4.044885E+04	  1.466170E+00	
  2.948629E+02	  4.068851E+04	  1.463349E+00	
  2.949544E+02	  4.034442E+04	  1.465536E+00	
  2.950572E+02	  4.023645E+04	  1.468943E+00	
  2.951601E+02	  3.985953E+04	  1.456491E+00	
  2.952629E+02	  3.968428E+04	  1.446606E+00	
  2.953544E+02	  3.935848E+04	  1.433899E+00	
  2.954572E+02	  3.953912E+04	  1.423300E+00	
  2.955601E+02	  3.951325E+04	  1.417322E+00	
  2.956629E+02	  3.905468E+04	  1.422965E+00	
  2.957544E+02	  3.902750E+04	  1.416149E+00	
  2.958572E+02	  3.900795E+04	  1.400787E+00	
  2.959601E+02	  3.883689E+04	  1.400422E+00	
  2.960629E+02	  3.849366E+04	  1.397262E+00	
  2.961544E+02	  3.852033E+04	  1.387935E+00	
  2.962572E+02	  3.822782E+04	  1.377427E+00	
  2.963601E+02	  3.819810E+04	  1.373185E+00	
  2.964629E+02	  3.799156E+04	  1.364966E+00	
  2.965544E+02	  3.780011E+04	  1.361783E+00	
  2.966572E+02	  3.773799E+04	  1.352277E+00	
  2.967601E+02	  3.765438E+04	  1.345609E+00	
  2.968629E+02	  3.765475E+04	  1.342965E+00	
  2.969544E+02	  3.742442E+04	  1.341323E+00	
  2.970572E+02	  3.692223E+04	  1.338310E+00	
  2.971601E+02	  3.703643E+04	  1.321236E+00	
  2.972629E+02	  3.700823E+04	  1.309796E+00	
  2.973544E+02	  3.639048E+04	  1.313489E+00	
  2.974572E+02	  3.703938E+04	  1.302844E+00	
  2.975601E+02	  3.659843E+04	  1.296817E+00	
  2.976629E+02	  3.663445E+04	  1.307559E+00	
  2.977544E+02	  3.693678E+04	  1.295950E+00	
  2.978572E+02	  3.639826E+04	  1.303241E+00	
  2.979601E+02	  3.664771E+04	  1.302904E+00	
  2.980629E+02	  3.659812E+04	  1.293147E+00	
  2.981544E+02	  3.680334E+04	  1.300493E+00	
  2.982572E+02	  3.677110E+04	  1.303139E+00	
  2.983601E+02	  3.687334E+04	  1.310130E+00	
  2.984629E+02	  3.698335E+04	  1.312182E+00	
  2.985544E+02	  3.690078E+04	  1.317650E+00	
  2.986572E+02	  3.692190E+04	  1.320961E+00	
  2.987601E+02	  3.689606E+04	  1.319543E+00	
  2.988629E+02	  3.683358E+04	  1.320504E+00	
  2.989544E+02	  3.728153E+04	  1.319566E+00	
  2.990572E+02	  3.733112E+04	  1.325948E+00	
  2.991601E+02	  3.721031E+04	  1.342748E+00	
  2.992629E+02	  3.716651E+04	  1.342578E+00	
  2.993544E+02	  3.742567E+04	  1.339125E+00	
  2.994572E+02	  3.765567E+04	  1.342938E+00	
  2.995601E+02	  3.721907E+04	  1.357266E+00	
  2.996629E+02	  3.745975E+04	  1.355829E+00	
  2.997544E+02	  3.740298E+04	  1.347384E+00	
  2.998572E+02	  3.767839E+04	  1.355774E+00	
  2.999601E+02	  3.743437E+04	  1.360555E+00	
  3.000629E+02	  3.742938E+04	  1.364498E+00	
  3.001544E+02	  3.751600E+04	  1.357976E+00	
  3.002606E+02	  3.761137E+04	  1.360384E+00	
  3.004549E+02	  3.767464E+04	  1.370166E+00	
  3.006606E+02	  3.768418E+04	  1.374764E+00	
  3.008663E+02	  3.768212E+04	  1.376932E+00	
  3.010606E+02	  3.748265E+04	  1.376923E+00	
  3.012663E+02	  3.775191E+04	  1.373043E+00	
  3.014606E+02	  3.781277E+04	  1.386128E+00	
  3.016663E+02	  3.762413E+04	  1.388553E+00	
  3.018606E+02	  3.769630E+04	  1.383218E+00	
  3.020663E+02	  3.794026E+04	  1.390712E+00	
  3.022720E+02	  3.773934E+04	  1.400300E+00	
  3.024663E+02	  3.767808E+04	  1.393354E+00	
  3.026720E+02	  3.779804E+04	  1.393808E+00	
  3.028663E+02	  3.751827E+04	  1.398099E+00	
  3.030720E+02	  3.730490E+04	  1.385573E+00	
  3.032777E+02	  3.747351E+04	  1.380472E+00	
  3.034721E+02	  3.742520E+04	  1.388658E+00	
  3.036777E+02	  3.686481E+04	  1.382399E+00	
  3.038720E+02	  3.660506E+04	  1.359007E+00	
  3.040778E+02	  3.642734E+04	  1.347608E+00	
  3.042835E+02	  3.607290E+04	  1.338288E+00	
  3.044778E+02	  3.584800E+04	  1.323526E+00	
  3.046835E+02	  3.571859E+04	  1.314092E+00	
  3.048778E+02	  3.537718E+04	  1.307554E+00	
  3.050835E+02	  3.525179E+04	  1.293046E+00	
  3.052777E+02	  3.450261E+04	  1.283248E+00	
  3.054835E+02	  3.438434E+04	  1.250932E+00	
  3.056892E+02	  3.372420E+04	  1.240584E+00	
  3.058835E+02	  3.348937E+04	  1.212892E+00	
  3.060892E+02	  3.293239E+04	  1.198202E+00	
  3.062835E+02	  3.260451E+04	  1.173901E+00	
  3.064892E+02	  3.232864E+04	  1.158103E+00	
  3.066949E+02	  3.219124E+04	  1.146729E+00	
  3.068892E+02	  3.184205E+04	  1.139547E+00	
  3.070949E+02	  3.150926E+04	  1.122101E+00	
  3.072892E+02	  3.081313E+04	  1.103816E+00	
  3.074949E+02	  3.064734E+04	  1.072818E+00	
  3.077006E+02	  3.050127E+04	  1.065788E+00	
  3.078949E+02	  3.024895E+04	  1.058937E+00	
  3.081006E+02	  2.977141E+04	  1.044020E+00	
  3.082949E+02	  2.965363E+04	  1.024410E+00	
  3.085006E+02	  2.924651E+04	  1.016155E+00	
  3.086949E+02	  2.923162E+04	  1.000305E+00	
  3.089006E+02	  2.901929E+04	  9.987128E-01	
  3.091063E+02	  2.886069E+04	  9.894540E-01	
  3.093006E+02	  2.854232E+04	  9.813815E-01	
  3.095063E+02	  2.809632E+04	  9.636737E-01	
  3.097006E+02	  2.797155E+04	  9.451079E-01	
  3.099063E+02	  2.805936E+04	  9.418456E-01	
  3.101120E+02	  2.765409E+04	  9.424136E-01	
  3.103063E+02	  2.737702E+04	  9.241873E-01	
  3.105120E+02	  2.721733E+04	  9.113403E-01	
  3.107063E+02	  2.695087E+04	  9.035243E-01	
  3.109120E+02	  2.682280E+04	  8.914503E-01	
  3.111177E+02	  2.675938E+04	  8.865988E-01	
  3.113121E+02	  2.662722E+04	  8.839763E-01	
  3.115178E+02	  2.649142E+04	  8.777993E-01	
  3.117120E+02	  2.641787E+04	  8.725854E-01	
  3.119178E+02	  2.594393E+04	  8.652585E-01	
  3.121120E+02	  2.598129E+04	  8.465685E-01	
  3.123178E+02	  2.617527E+04	  8.516590E-01	
  3.125235E+02	  2.618777E+04	  8.613122E-01	
  3.127178E+02	  2.555737E+04	  8.575686E-01	
  3.129235E+02	  2.556683E+04	  8.303648E-01	
  3.131177E+02	  2.545545E+04	  8.309551E-01	
  3.133235E+02	  2.553913E+04	  8.280517E-01	
  3.135292E+02	  2.528461E+04	  8.300018E-01	
  3.137235E+02	  2.515937E+04	  8.191308E-01	
  3.139292E+02	  2.493862E+04	  8.121514E-01	
  3.141235E+02	  2.520900E+04	  8.061419E-01	
  3.143292E+02	  2.506561E+04	  8.180475E-01	
  3.145349E+02	  2.477333E+04	  8.097691E-01	
  3.147292E+02	  2.502280E+04	  8.004653E-01	
  3.149349E+02	  2.432599E+04	  8.051910E-01	
  3.151292E+02	  2.442125E+04	  7.770172E-01	
  3.153349E+02	  2.463473E+04	  7.849580E-01	
  3.155292E+02	  2.455293E+04	  7.945870E-01	
  3.157349E+02	  2.475218E+04	  7.942593E-01	
  3.159406E+02	  2.424794E+04	  7.983643E-01	
  3.161349E+02	  2.433601E+04	  7.783485E-01	
  3.163406E+02	  2.435400E+04	  7.837653E-01	
  3.165349E+02	  2.431225E+04	  7.852775E-01	
  3.167406E+02	  2.410635E+04	  7.821698E-01	
  3.169463E+02	  2.399926E+04	  7.731301E-01	
  3.171406E+02	  2.400852E+04	  7.696242E-01	
  3.173463E+02	  2.398306E+04	  7.709085E-01	
  3.175406E+02	  2.407209E+04	  7.716676E-01	
  3.177463E+02	  2.408556E+04	  7.770963E-01	
  3.179520E+02	  2.373802E+04	  7.748579E-01	
  3.181463E+02	  2.395431E+04	  7.626240E-01	
  3.183520E+02	  2.376273E+04	  7.716167E-01	
  3.185463E+02	  2.382748E+04	  7.648573E-01	
  3.187521E+02	  2.368492E+04	  7.673709E-01	
  3.189463E+02	  2.375187E+04	  7.627671E-01	
  3.191520E+02	  2.375120E+04	  7.670236E-01	
  3.193578E+02	  2.377946E+04	  7.684607E-01	
  3.195520E+02	  2.376375E+04	  7.706452E-01	
  3.197578E+02	  2.367164E+04	  7.699862E-01	
  3.199520E+02	  2.389254E+04	  7.689671E-01	
  3.201578E+02	  2.363290E+04	  7.774582E-01	
  3.202569E+02	  2.373285E+04	  7.710237E-01	
  3.205084E+02	  2.349598E+04	  7.688361E-01	
  3.207598E+02	  2.352545E+04	  7.622060E-01	
  3.210112E+02	  2.343994E+04	  7.629761E-01	
  3.212626E+02	  2.360211E+04	  7.644462E-01	
  3.215141E+02	  2.361042E+04	  7.719086E-01	
  3.217655E+02	  2.363954E+04	  7.741818E-01	
  3.220169E+02	  2.359806E+04	  7.758191E-01	
  3.222684E+02	  2.353191E+04	  7.743858E-01	
  3.225198E+02	  2.332627E+04	  7.692764E-01	
  3.227712E+02	  2.343239E+04	  7.652292E-01	
  3.230341E+02	  2.340332E+04	  7.699478E-01	
  3.232855E+02	  2.330474E+04	  7.683490E-01	
  3.235369E+02	  2.334642E+04	  7.669365E-01	
  3.237884E+02	  2.336267E+04	  7.701797E-01	
  3.240398E+02	  2.318327E+04	  7.685779E-01	
  3.242912E+02	  2.327059E+04	  7.650821E-01	
  3.245426E+02	  2.329274E+04	  7.701339E-01	
  3.247941E+02	  2.321520E+04	  7.707807E-01	
  3.250455E+02	  2.299814E+04	  7.649307E-01	
  3.252969E+02	  2.302477E+04	  7.587874E-01	
  3.255484E+02	  2.304016E+04	  7.614556E-01	
  3.257998E+02	  2.299704E+04	  7.625300E-01	
  3.260512E+02	  2.304101E+04	  7.631820E-01	
  3.263027E+02	  2.310801E+04	  7.675489E-01	
  3.265541E+02	  2.308056E+04	  7.708703E-01	
  3.268055E+02	  2.281277E+04	  7.657987E-01	
  3.270569E+02	  2.288596E+04	  7.586371E-01	
  3.273084E+02	  2.300330E+04	  7.651283E-01	
  3.275598E+02	  2.294744E+04	  7.697619E-01	
  3.278112E+02	  2.280506E+04	  7.661430E-01	
  3.280627E+02	  2.275320E+04	  7.611046E-01	
  3.283141E+02	  2.279072E+04	  7.612833E-01	
  3.285655E+02	  2.273836E+04	  7.629922E-01	
  3.288169E+02	  2.292076E+04	  7.661109E-01	
  3.290798E+02	  2.276957E+04	  7.710877E-01	
  3.293312E+02	  2.232726E+04	  7.579347E-01	
  3.295827E+02	  2.241378E+04	  7.443196E-01	
  3.298341E+02	  2.232722E+04	  7.471600E-01	
  3.300855E+02	  2.230261E+04	  7.447135E-01	
  3.303369E+02	  2.229932E+04	  7.450517E-01	
  3.305884E+02	  2.226922E+04	  7.456466E-01	
  3.308398E+02	  2.207529E+04	  7.418383E-01	
  3.310912E+02	  2.217147E+04	  7.377687E-01	
  3.313427E+02	  2.194738E+04	  7.381312E-01	
  3.315941E+02	  2.175167E+04	  7.268504E-01	
  3.318455E+02	  2.173231E+04	  7.202786E-01	
  3.320969E+02	  2.196972E+04	  7.257723E-01	
  3.323484E+02	  2.166229E+04	  7.297981E-01	
  3.325998E+02	  2.165600E+04	  7.191881E-01	
  3.328512E+02	  2.168249E+04	  7.208032E-01	
  3.331026E+02	  2.138957E+04	  7.170210E-01	
  3.333541E+02	  2.163994E+04	  7.122712E-01	
  3.336055E+02	  2.150043E+04	  7.203019E-01	
  3.338569E+02	  2.120881E+04	  7.101197E-01	
  3.341084E+02	  2.122211E+04	  7.004175E-01	
  3.343598E+02	  2.120746E+04	  7.019055E-01	
  3.346112E+02	  2.089184E+04	  6.959945E-01	
  3.348626E+02	  2.116212E+04	  6.907033E-01	
  3.351141E+02	  2.103961E+04	  6.998906E-01	
  3.353769E+02	  2.095601E+04	  6.945631E-01	
  3.356284E+02	  2.082589E+04	  6.899748E-01	
  3.358798E+02	  2.067914E+04	  6.830729E-01	
  3.361312E+02	  2.070788E+04	  6.792124E-01	
  3.363826E+02	  2.059375E+04	  6.791708E-01	
  3.366341E+02	  2.071740E+04	  6.785823E-01	
  3.368855E+02	  2.054689E+04	  6.810532E-01	
  3.371369E+02	  2.056006E+04	  6.759033E-01	
  3.373884E+02	  2.034577E+04	  6.731066E-01	
  3.376398E+02	  2.029515E+04	  6.648582E-01	
  3.378912E+02	  2.049101E+04	  6.682727E-01	
  3.381426E+02	  2.033677E+04	  6.739305E-01	
  3.383941E+02	  2.048678E+04	  6.722974E-01	
  3.386455E+02	  2.053795E+04	  6.805472E-01	
  3.388970E+02	  2.022642E+04	  6.771458E-01	
  3.391484E+02	  2.008226E+04	  6.629853E-01	
  3.393998E+02	  2.009896E+04	  6.588618E-01	
  3.396512E+02	  1.988636E+04	  6.561779E-01	
  3.399027E+02	  1.988446E+04	  6.489212E-01	