*********************  Core Excitation Data  ********************
****************  A.P. Hitchcock & D.C. Mancini  ****************
*
* Formula: o-NO2C6H4NH2
* Name: ortho nitro aniline
* Edge: N 1s
* Alpha Formula: C6H6N2O2
* Data Source: Hitchcock
* Filename:  ng-0nnkk.os
* Ref. Code: TUH 96
* Write Date: 08/05/98
* Reference: Can. J. Chem. 74 (1996) 851.
* Source and Purity: scavenged from chem fume hoods
* Acquisition Mode: EELS, 2 deg, 2500eV CRE mode, 0.7eV fwhm
*--------------------------------------------------------------
* No. of Spectra: 2	name1- 0ngn	name2- 0ngn.os
*   E (eV)        Raw data             Osc. Str. per atom (E-2)
*--------------------------------------------------------------

  3.908941E+02	  3.146518E+04	  1.595841E-03	
  3.910997E+02	  3.156788E+04	  1.744546E-02	
  3.912939E+02	  3.129565E+04	 -9.100443E-03	
  3.914995E+02	  3.116445E+04	 -1.962065E-02	
  3.916936E+02	  3.117069E+04	 -1.490480E-02	
  3.918992E+02	  3.146526E+04	  2.263528E-02	
  3.920934E+02	  3.101549E+04	 -2.423003E-02	
  3.922990E+02	  3.106203E+04	 -1.471969E-02	
  3.924931E+02	  3.124954E+04	  1.054729E-02	
  3.926987E+02	  3.150300E+04	  4.367684E-02	
  3.928929E+02	  3.104366E+04	 -4.594030E-03	
  3.930985E+02	  3.125798E+04	  2.408051E-02	
  3.932926E+02	  3.091732E+04	 -1.084041E-02	
  3.934982E+02	  3.080154E+04	 -1.989622E-02	
  3.936924E+02	  3.062433E+04	 -3.625497E-02	
  3.938980E+02	  3.109186E+04	  2.160503E-02	
  3.940921E+02	  3.090855E+04	  4.506083E-03	
  3.942977E+02	  3.097809E+04	  1.672118E-02	
  3.943051E+02	  3.084410E+04	  1.432030E-03	
  3.944535E+02	  3.079029E+04	 -1.754639E-03	
  3.946019E+02	  3.079281E+04	  1.533883E-03	
  3.947503E+02	  3.063914E+04	 -1.320158E-02	
  3.948987E+02	  3.090390E+04	  2.048275E-02	
  3.950585E+02	  3.060078E+04	 -1.144681E-02	
  3.952068E+02	  3.078057E+04	  1.241289E-02	
  3.953552E+02	  3.079107E+04	  1.666839E-02	
  3.955036E+02	  3.053479E+04	 -1.012404E-02	
  3.956520E+02	  3.054630E+04	 -5.812367E-03	
  3.958004E+02	  3.048958E+04	 -9.431613E-03	
  3.959488E+02	  3.054691E+04	  2.362748E-04	
  3.961086E+02	  3.056042E+04	  5.023112E-03	
  3.962570E+02	  3.043131E+04	 -7.063830E-03	
  3.964054E+02	  3.040940E+04	 -6.684938E-03	
  3.965537E+02	  3.055076E+04	  1.282866E-02	
  3.967021E+02	  3.044907E+04	  3.878058E-03	
  3.968505E+02	  3.010281E+04	 -3.383503E-02	
  3.969989E+02	  3.031258E+04	 -6.246304E-03	
  3.971587E+02	  3.029841E+04	 -4.722654E-03	
  3.973071E+02	  3.045267E+04	  1.644017E-02	
  3.974555E+02	  3.035631E+04	  8.013035E-03	
  3.976038E+02	  3.020675E+04	 -6.708949E-03	
  3.977523E+02	  3.027147E+04	  3.857745E-03	
  3.979006E+02	  3.026236E+04	  5.718891E-03	
  3.980490E+02	  3.029820E+04	  1.293094E-02	
  3.982088E+02	  3.046274E+04	  3.563068E-02	
  3.983572E+02	  3.024105E+04	  1.223898E-02	
  3.985056E+02	  3.021216E+04	  1.169367E-02	
  3.986540E+02	  3.012422E+04	  4.117224E-03	
  3.988024E+02	  2.994934E+04	 -1.385915E-02	
  3.989507E+02	  3.018136E+04	  1.670063E-02	
  3.990991E+02	  3.009221E+04	  8.927153E-03	
  3.992589E+02	  3.006549E+04	  8.758001E-03	
  3.994073E+02	  3.006129E+04	  1.100141E-02	
  3.995557E+02	  3.011946E+04	  2.061677E-02	
  3.997041E+02	  3.033344E+04	  4.876812E-02	
  3.998525E+02	  3.074950E+04	  1.008934E-01	
  4.000008E+02	  3.067703E+04	  9.367687E-02	
  4.001043E+02	  3.084791E+04	  1.147909E-01	
  4.002070E+02	  3.117588E+04	  1.541326E-01	
  4.002983E+02	  3.146849E+04	  1.882665E-01	
  4.004011E+02	  3.127430E+04	  1.626102E-01	
  4.005038E+02	  3.128022E+04	  1.599989E-01	
  4.006065E+02	  3.149087E+04	  1.808535E-01	
  4.007092E+02	  3.155000E+04	  1.819523E-01	
  4.008005E+02	  3.125471E+04	  1.405306E-01	
  4.009033E+02	  3.119611E+04	  1.281601E-01	
  4.010060E+02	  3.139211E+04	  1.487340E-01	
  4.011087E+02	  3.151028E+04	  1.628813E-01	
  4.012000E+02	  3.201043E+04	  2.270451E-01	
  4.013028E+02	  3.179993E+04	  2.086588E-01	
  4.014055E+02	  3.258385E+04	  3.133998E-01	
  4.015082E+02	  3.286451E+04	  3.578010E-01	
  4.015995E+02	  3.311841E+04	  3.978623E-01	
  4.017023E+02	  3.336394E+04	  4.376799E-01	
  4.018050E+02	  3.330835E+04	  4.389405E-01	
  4.019077E+02	  3.330713E+04	  4.456189E-01	
  4.019990E+02	  3.307568E+04	  4.225830E-01	
  4.021018E+02	  3.286250E+04	  4.015640E-01	
  4.022045E+02	  3.242623E+04	  3.522253E-01	
  4.023072E+02	  3.200391E+04	  3.039080E-01	
  4.023986E+02	  3.171496E+04	  2.711455E-01	
  4.025013E+02	  3.201587E+04	  3.108750E-01	
  4.026040E+02	  3.234158E+04	  3.535274E-01	
  4.027067E+02	  3.285094E+04	  4.186891E-01	
  4.027980E+02	  3.314882E+04	  4.575393E-01	
  4.029008E+02	  3.388756E+04	  5.510005E-01	
  4.030035E+02	  3.507126E+04	  6.994101E-01	
  4.031062E+02	  3.619805E+04	  8.409896E-01	
  4.032089E+02	  3.783858E+04	  1.046194E+00	
  4.033003E+02	  3.950675E+04	  1.254803E+00	
  4.034030E+02	  4.166318E+04	  1.524431E+00	
  4.035057E+02	  4.389390E+04	  1.803641E+00	
  4.036085E+02	  4.568511E+04	  2.028850E+00	
  4.036998E+02	  4.690822E+04	  2.183593E+00	
  4.038025E+02	  4.772882E+04	  2.289054E+00	
  4.039052E+02	  4.686421E+04	  2.185534E+00	
  4.040080E+02	  4.565885E+04	  2.039486E+00	
  4.040993E+02	  4.424828E+04	  1.867294E+00	
  4.042020E+02	  4.242079E+04	  1.643353E+00	
  4.043047E+02	  4.047946E+04	  1.404905E+00	
  4.044075E+02	  3.862489E+04	  1.176939E+00	
  4.044988E+02	  3.720930E+04	  1.002986E+00	
  4.046015E+02	  3.605207E+04	  8.613088E-01	
  4.047042E+02	  3.500107E+04	  7.326958E-01	
  4.048069E+02	  3.409266E+04	  6.217255E-01	
  4.048983E+02	  3.381666E+04	  5.893722E-01	
  4.050010E+02	  3.377263E+04	  5.862262E-01	
  4.051037E+02	  3.343413E+04	  5.462039E-01	
  4.052064E+02	  3.337370E+04	  5.409753E-01	
  4.053092E+02	  3.331475E+04	  5.359016E-01	
  4.054005E+02	  3.348863E+04	  5.597859E-01	
  4.055032E+02	  3.332714E+04	  5.418109E-01	
  4.056059E+02	  3.301721E+04	  5.051156E-01	
  4.057087E+02	  3.309134E+04	  5.166710E-01	
  4.058000E+02	  3.306298E+04	  5.150617E-01	
  4.059027E+02	  3.299672E+04	  5.088480E-01	
  4.060055E+02	  3.303116E+04	  5.153214E-01	
  4.061082E+02	  3.296519E+04	  5.090960E-01	
  4.061995E+02	  3.328108E+04	  5.508669E-01	
  4.063022E+02	  3.313102E+04	  5.341020E-01	
  4.064050E+02	  3.310353E+04	  5.329512E-01	
  4.065077E+02	  3.287620E+04	  5.064767E-01	
  4.065990E+02	  3.317243E+04	  5.460355E-01	
  4.067017E+02	  3.311466E+04	  5.409580E-01	
  4.068045E+02	  3.301698E+04	  5.306990E-01	
  4.069072E+02	  3.313088E+04	  5.471742E-01	
  4.069985E+02	  3.344447E+04	  5.887852E-01	
  4.071564E+02	  3.334938E+04	  5.798640E-01	
  4.073047E+02	  3.320618E+04	  5.650431E-01	
  4.074531E+02	  3.317187E+04	  5.645322E-01	
  4.076015E+02	  3.331086E+04	  5.863174E-01	
  4.077499E+02	  3.325470E+04	  5.830257E-01	
  4.078983E+02	  3.327346E+04	  5.890225E-01	
  4.080581E+02	  3.357211E+04	  6.307259E-01	
  4.082065E+02	  3.400466E+04	  6.891960E-01	
  4.083549E+02	  3.410498E+04	  7.051173E-01	
  4.085033E+02	  3.447593E+04	  7.559137E-01	
  4.086516E+02	  3.462426E+04	  7.784284E-01	
  4.088000E+02	  3.485613E+04	  8.119214E-01	
  4.089484E+02	  3.480025E+04	  8.084023E-01	
  4.091082E+02	  3.491759E+04	  8.273898E-01	
  4.092566E+02	  3.515879E+04	  8.621823E-01	
  4.094050E+02	  3.533182E+04	  8.880824E-01	
  4.095534E+02	  3.515168E+04	  8.683072E-01	
  4.097017E+02	  3.535538E+04	  8.984188E-01	
  4.098501E+02	  3.530166E+04	  8.951337E-01	
  4.099985E+02	  3.553439E+04	  9.290248E-01	
  4.101583E+02	  3.567217E+04	  9.509227E-01	
  4.103067E+02	  3.528877E+04	  9.047403E-01	
  4.104551E+02	  3.551739E+04	  9.383156E-01	
  4.106035E+02	  3.563520E+04	  9.573581E-01	
  4.107519E+02	  3.597077E+04	  1.005086E+00	
  4.109002E+02	  3.606516E+04	  1.021240E+00	
  4.110486E+02	  3.605141E+04	  1.023265E+00	
  4.112084E+02	  3.612899E+04	  1.037530E+00	
  4.113568E+02	  3.639236E+04	  1.075907E+00	
  4.115052E+02	  3.639800E+04	  1.080590E+00	
  4.116536E+02	  3.661621E+04	  1.113216E+00	
  4.118020E+02	  3.659630E+04	  1.114471E+00	
  4.119504E+02	  3.693994E+04	  1.163630E+00	
  4.120987E+02	  3.685537E+04	  1.156471E+00	
  4.122585E+02	  3.697597E+04	  1.176636E+00	
  4.124069E+02	  3.698510E+04	  1.181735E+00	
  4.125553E+02	  3.706833E+04	  1.196662E+00	
  4.127037E+02	  3.718609E+04	  1.216176E+00	
  4.128521E+02	  3.748577E+04	  1.259856E+00	
  4.130139E+02	  3.743574E+04	  1.257453E+00	
  4.132080E+02	  3.733048E+04	  1.248541E+00	
  4.134136E+02	  3.719754E+04	  1.236060E+00	
  4.136192E+02	  3.735327E+04	  1.262025E+00	
  4.138134E+02	  3.720739E+04	  1.247652E+00	
  4.140190E+02	  3.708221E+04	  1.236210E+00	
  4.142245E+02	  3.659057E+04	  1.175601E+00	
  4.144187E+02	  3.634835E+04	  1.148140E+00	
  4.146243E+02	  3.609625E+04	  1.119549E+00	
  4.148298E+02	  3.651123E+04	  1.180701E+00	
  4.150240E+02	  3.587492E+04	  1.099878E+00	
  4.152296E+02	  3.563273E+04	  1.072412E+00	
  4.154352E+02	  3.523465E+04	  1.023748E+00	
  4.156293E+02	  3.499915E+04	  9.967281E-01	
  4.158349E+02	  3.475744E+04	  9.690682E-01	
  4.160405E+02	  3.469348E+04	  9.654904E-01	
  4.162347E+02	  3.415655E+04	  8.973167E-01	
  4.164403E+02	  3.411756E+04	  8.969890E-01	
  4.166459E+02	  3.394521E+04	  8.783417E-01	
  4.168400E+02	  3.375245E+04	  8.565605E-01	
  4.170457E+02	  3.355836E+04	  8.348371E-01	
  4.172513E+02	  3.371389E+04	  8.608263E-01	
  4.174454E+02	  3.334274E+04	  8.143898E-01	
  4.176510E+02	  3.331414E+04	  8.151388E-01	
  4.178565E+02	  3.338021E+04	  8.288792E-01	
  4.180508E+02	  3.345292E+04	  8.432878E-01	
  4.182563E+02	  3.322908E+04	  8.170959E-01	
  4.184619E+02	  3.309440E+04	  8.031437E-01	
  4.186560E+02	  3.326710E+04	  8.313606E-01	
  4.188616E+02	  3.306995E+04	  8.087306E-01	
  4.190672E+02	  3.299619E+04	  8.030969E-01	
  4.192614E+02	  3.281555E+04	  7.823981E-01	
  4.194670E+02	  3.264962E+04	  7.639298E-01	
  4.196725E+02	  3.270746E+04	  7.768383E-01	
  4.198667E+02	  3.252578E+04	  7.558288E-01	
  4.200723E+02	  3.207290E+04	  6.971381E-01	
  4.202780E+02	  3.243955E+04	  7.531838E-01	
  4.204720E+02	  3.195561E+04	  6.896123E-01	
  4.206776E+02	  3.190883E+04	  6.876354E-01	
  4.208718E+02	  3.181276E+04	  6.783301E-01	
  4.210775E+02	  3.168928E+04	  6.654757E-01	
  4.212831E+02	  3.147338E+04	  6.395044E-01	
  4.214771E+02	  3.145432E+04	  6.409484E-01	
  4.216827E+02	  3.179899E+04	  6.943330E-01	
  4.218883E+02	  3.136644E+04	  6.374930E-01	
  4.220826E+02	  3.133078E+04	  6.365620E-01	
  4.222880E+02	  3.115547E+04	  6.160486E-01	
  4.224937E+02	  3.098253E+04	  5.957925E-01	
  4.226878E+02	  3.120159E+04	  6.312661E-01	
  4.228934E+02	  3.110484E+04	  6.219224E-01	
  4.230990E+02	  3.108652E+04	  6.235395E-01	
  4.232404E+02	  3.074881E+04	  5.782127E-01	
  4.234917E+02	  3.041254E+04	  5.350713E-01	
  4.237430E+02	  3.076135E+04	  5.905203E-01	
  4.239942E+02	  3.057280E+04	  5.685312E-01	
  4.242455E+02	  3.054075E+04	  5.691852E-01	
  4.244968E+02	  3.067157E+04	  5.932203E-01	
  4.247480E+02	  3.049410E+04	  5.728082E-01	
  4.249993E+02	  3.055392E+04	  5.866448E-01	
  4.252506E+02	  3.025125E+04	  5.478904E-01	
  4.255018E+02	  3.061907E+04	  6.066695E-01	
  4.257531E+02	  3.015712E+04	  5.445333E-01	
  4.260044E+02	  3.026029E+04	  5.646452E-01	
  4.262556E+02	  3.024870E+04	  5.680824E-01	
  4.265069E+02	  3.030471E+04	  5.815125E-01	
  4.267582E+02	  3.025504E+04	  5.793884E-01	
  4.270094E+02	  2.989795E+04	  5.319470E-01	
  4.272607E+02	  2.997216E+04	  5.479644E-01	
  4.275121E+02	  3.023002E+04	  5.911152E-01	
  4.277633E+02	  2.998725E+04	  5.603766E-01	
  4.280031E+02	  2.996996E+04	  5.625849E-01	
  4.282544E+02	  2.977645E+04	  5.389595E-01	
  4.285057E+02	  2.991784E+04	  5.650540E-01	
  4.287569E+02	  2.966622E+04	  5.325094E-01	
  4.290082E+02	  2.995671E+04	  5.808561E-01	
  4.292596E+02	  2.964517E+04	  5.393240E-01	
  4.295108E+02	  2.940135E+04	  5.076928E-01	
  4.297621E+02	  2.932970E+04	  5.017936E-01	
  4.300133E+02	  2.959366E+04	  5.465165E-01	
  4.302646E+02	  2.942899E+04	  5.267054E-01	
  4.305158E+02	  2.958937E+04	  5.558762E-01	
  4.307672E+02	  2.948314E+04	  5.447462E-01	
  4.310184E+02	  2.924637E+04	  5.137272E-01	
  4.312697E+02	  2.929299E+04	  5.256789E-01	
  4.315209E+02	  2.909600E+04	  5.005288E-01	
  4.317722E+02	  2.924061E+04	  5.274549E-01	
  4.320235E+02	  2.947950E+04	  5.688656E-01	
  4.322747E+02	  2.905916E+04	  5.095297E-01	
  4.325260E+02	  2.934458E+04	  5.580785E-01	
  4.327659E+02	  2.931101E+04	  5.575794E-01	
  4.330172E+02	  2.935369E+04	  5.691562E-01	
  4.332684E+02	  2.908716E+04	  5.329714E-01	
  4.335197E+02	  2.875250E+04	  4.861241E-01	
  4.337710E+02	  2.928586E+04	  5.733894E-01	
  4.340222E+02	  2.880548E+04	  5.038930E-01	
  4.342735E+02	  2.897879E+04	  5.355611E-01	
  4.345248E+02	  2.917409E+04	  5.707414E-01	
  4.347760E+02	  2.908743E+04	  5.621278E-01	
  4.350273E+02	  2.887496E+04	  5.338188E-01	
  4.352786E+02	  2.867014E+04	  5.066061E-01	
  4.355298E+02	  2.890801E+04	  5.486782E-01	
  4.357811E+02	  2.867186E+04	  5.163186E-01	
  4.360324E+02	  2.923799E+04	  6.101205E-01	
  4.362836E+02	  2.888759E+04	  5.598058E-01	
  4.365349E+02	  2.868424E+04	  5.325626E-01	
  4.367863E+02	  2.877555E+04	  5.517243E-01	
  4.370375E+02	  2.847575E+04	  5.090641E-01	
  4.372887E+02	  2.877508E+04	  5.611603E-01	
  4.375286E+02	  2.871572E+04	  5.563117E-01	
  4.377799E+02	  2.844885E+04	  5.186198E-01	
  4.380311E+02	  2.846630E+04	  5.260890E-01	
  4.382824E+02	  2.866290E+04	  5.621484E-01	
  4.385338E+02	  2.860030E+04	  5.568585E-01	
  4.387850E+02	  2.831306E+04	  5.155913E-01	
  4.390363E+02	  2.866197E+04	  5.763044E-01	
  4.392875E+02	  2.822323E+04	  5.105066E-01	
  4.395388E+02	  2.819186E+04	  5.100581E-01	
  4.397900E+02	  2.825208E+04	  5.243078E-01	
  4.400414E+02	  2.834310E+04	  5.437223E-01	
  4.402926E+02	  2.866036E+04	  5.996882E-01	
  4.405439E+02	  2.809519E+04	  5.128302E-01	
  4.407951E+02	  2.828118E+04	  5.476530E-01	
  4.410464E+02	  2.847981E+04	  5.847511E-01	
  4.412977E+02	  2.821684E+04	  5.464827E-01	
  4.415490E+02	  2.827511E+04	  5.606204E-01	
  4.418002E+02	  2.799483E+04	  5.194755E-01	
  4.420401E+02	  2.805908E+04	  5.343763E-01	
  4.422914E+02	  2.834559E+04	  5.859458E-01	
  4.425426E+02	  2.824625E+04	  5.742548E-01	
  4.427939E+02	  2.779393E+04	  5.044617E-01	
  4.430452E+02	  2.778985E+04	  5.082369E-01	
  4.432964E+02	  2.790937E+04	  5.325302E-01	
  4.435477E+02	  2.774929E+04	  5.105483E-01	
  4.437990E+02	  2.770152E+04	  5.071138E-01	
  4.440502E+02	  2.788581E+04	  5.422539E-01	
  4.443015E+02	  2.792862E+04	  5.539222E-01	
  4.445528E+02	  2.789206E+04	  5.524120E-01	
  4.448041E+02	  2.766689E+04	  5.192957E-01	
  4.450553E+02	  2.784660E+04	  5.539064E-01	
  4.453066E+02	  2.754978E+04	  5.086371E-01	
  4.455580E+02	  2.767519E+04	  5.341427E-01	
  4.458091E+02	  2.714879E+04	  4.500001E-01	
  4.460604E+02	  2.743259E+04	  5.022060E-01	
  4.463117E+02	  2.771883E+04	  5.550695E-01	
  4.465629E+02	  2.734231E+04	  4.958489E-01	
  4.468028E+02	  2.749571E+04	  5.259780E-01	
  4.470541E+02	  2.742434E+04	  5.182807E-01	
  4.473053E+02	  2.741265E+04	  5.207362E-01	
  4.475566E+02	  2.717244E+04	  4.842517E-01	
  4.478080E+02	  2.757970E+04	  5.581066E-01	
  4.480592E+02	  2.736092E+04	  5.252114E-01	
  4.483104E+02	  2.709639E+04	  4.841761E-01	
  4.485617E+02	  2.728522E+04	  5.209401E-01	
  4.488130E+02	  2.714117E+04	  5.007120E-01	
  4.490643E+02	  2.723889E+04	  5.218309E-01	
  4.493156E+02	  2.726173E+04	  5.301637E-01	
  4.495668E+02	  2.717286E+04	  5.191848E-01	
  4.498181E+02	  2.703118E+04	  4.989779E-01	
  4.500693E+02	  2.709952E+04	  5.151981E-01	
  4.503206E+02	  2.689790E+04	  4.844446E-01	
  4.505719E+02	  2.669921E+04	  4.541150E-01	
  4.508232E+02	  2.680715E+04	  4.772103E-01	
  4.510744E+02	  2.681393E+04	  4.826614E-01	
  4.513257E+02	  2.679762E+04	  4.840076E-01	
  4.515656E+02	  2.693861E+04	  5.127363E-01	
  4.518168E+02	  2.696088E+04	  5.209559E-01	
  4.520681E+02	  2.685885E+04	  5.073147E-01	
  4.523194E+02	  2.661138E+04	  4.679365E-01	
  4.525706E+02	  2.667854E+04	  4.839407E-01	
  4.528219E+02	  2.672814E+04	  4.969601E-01	
  4.530732E+02	  2.686818E+04	  5.259885E-01	