*********************  Core Excitation Data  ********************
****************  A.P. Hitchcock & D.C. Mancini  ****************
*
* Formula: C6H5CH2CONH2
* Name: benzyl carbamate
* Edge: O 1s
* Alpha Formula: C8H9NO
* Data Source: Hitchcock
* Filename:  im-0ookk.os
* Ref. Code: UH&95b
* Write Date: 98/08/07
* Reference: J. Pol. Sci. B. Pol. Phys. 33 (1995) 1603.
* Source and Purity: Aldrich (Dow)
* Acquisition Mode: EELS, 2 deg, 2500eV CRE mode, 0.7eV fwhm
*--------------------------------------------------------------
* No. of Spectra: 2     name1- 0imos1.  name2- 0imo.os
*   E (eV)        Raw data             Osc. Str. per atom (E-2)
*--------------------------------------------------------------
  5.221028E+02	  6.590056E+03	  7.665558E-03	
  5.222557E+02	  6.574914E+03	  2.193649E-03	
  5.224085E+02	  6.511989E+03	 -2.621283E-02	
  5.225613E+02	  6.474474E+03	 -4.247292E-02	
  5.227142E+02	  6.603844E+03	  2.143838E-02	
  5.228670E+02	  6.646323E+03	  4.366587E-02	
  5.230198E+02	  6.524821E+03	 -1.301851E-02	
  5.231727E+02	  6.567745E+03	  9.426677E-03	
  5.233255E+02	  6.597657E+03	  2.563397E-02	
  5.234783E+02	  6.431666E+03	 -5.270392E-02	
  5.236312E+02	  6.629890E+03	  4.479634E-02	
  5.237840E+02	  6.483891E+03	 -2.400186E-02	
  5.239368E+02	  6.412740E+03	 -5.669615E-02	
  5.240897E+02	  6.468338E+03	 -2.804428E-02	
  5.242425E+02	  6.512335E+03	 -4.969276E-03	
  5.243953E+02	  6.558776E+03	  1.933095E-02	
  5.245482E+02	  6.601934E+03	  4.207683E-02	
  5.247010E+02	  6.488059E+03	 -1.149116E-02	
  5.248538E+02	  6.454113E+03	 -2.625977E-02	
  5.250067E+02	  6.509439E+03	  2.425286E-03	
  5.251595E+02	  6.455157E+03	 -2.227674E-02	
  5.253123E+02	  6.457362E+03	 -1.946242E-02	
  5.254651E+02	  6.492381E+03	 -6.198492E-04	
  5.256180E+02	  6.527610E+03	  1.835676E-02	
  5.257708E+02	  6.461353E+03	 -1.228917E-02	
  5.259236E+02	  6.478674E+03	 -2.063558E-03	
  5.260765E+02	  6.497005E+03	  8.672257E-03	
  5.262293E+02	  6.521372E+03	  2.238615E-02	
  5.263821E+02	  6.530592E+03	  2.868409E-02	
  5.265350E+02	  6.615507E+03	  3.926729E-02	
  5.266878E+02	  6.566402E+03	  4.985050E-02	
  5.268406E+02	  6.501166E+03	  1.952521E-02	
  5.269935E+02	  6.571137E+03	  5.576879E-02	
  5.271463E+02	  6.540006E+03	  4.221013E-02	
  5.272991E+02	  6.511522E+03	  2.993167E-02	
  5.274520E+02	  6.464100E+03	  8.271295E-03	
  5.276048E+02	  6.431582E+03	 -6.059154E-03	
  5.277576E+02	  6.464653E+03	  1.204628E-02	
  5.279105E+02	  6.425655E+03	 -5.522351E-03	
  5.280633E+02	  6.435273E+03	  9.813252E-04	
  5.282161E+02	  6.379032E+03	 -2.519079E-02	
  5.283690E+02	  6.505823E+03	 -2.738408E-02	
  5.285218E+02	  6.363308E+03	 -2.957737E-02	
  5.286746E+02	  6.370102E+03	 -2.448748E-02	
  5.288275E+02	  6.402890E+03	 -6.444212E-03	
  5.289803E+02	  6.371285E+03	 -2.047138E-02	
  5.291331E+02	  6.203355E+03	 -2.002037E-02	
  5.292859E+02	  6.366225E+03	 -1.956937E-02	
  5.294388E+02	  6.308109E+03	 -4.690328E-02	
  5.295916E+02	  6.345147E+03	 -2.668688E-02	
  5.297444E+02	  6.458244E+03	 -1.441039E-02	
  5.298973E+02	  6.387337E+03	 -2.133906E-03	
  5.300501E+02	  6.392131E+03	  1.995374E-03	
  5.302029E+02	  6.361667E+03	 -1.157179E-02	
  5.303558E+02	  6.440644E+03	  2.982655E-02	
  5.305086E+02	  6.423237E+03	  2.282201E-02	
  5.306614E+02	  6.526525E+03	  1.653519E-02	
  5.308143E+02	  6.391363E+03	  1.024836E-02	
  5.309671E+02	  6.421629E+03	  2.723952E-02	
  5.311199E+02	  6.479570E+03	  5.822564E-02	
  5.312728E+02	  6.450938E+03	  4.553190E-02	
  5.314256E+02	  6.555867E+03	  1.003407E-01	
  5.315784E+02	  6.634804E+03	  1.420905E-01	
  5.317313E+02	  6.864778E+03	  2.604102E-01	
  5.318841E+02	  7.186052E+03	  4.252191E-01	
  5.320369E+02	  7.603560E+03	  6.391428E-01	
  5.321898E+02	  7.821702E+03	  7.521970E-01	
  5.323426E+02	  7.870109E+03	  7.791752E-01	
  5.324954E+02	  8.210853E+03	  9.549159E-01	
  5.326483E+02	  8.242020E+03	  9.733348E-01	
  5.328011E+02	  8.015521E+03	  8.604710E-01	
  5.329539E+02	  7.781868E+03	  7.437559E-01	
  5.331068E+02	  7.545356E+03	  6.253726E-01	
  5.332596E+02	  7.383607E+03	  5.449792E-01	
  5.334124E+02	  7.256546E+03	  4.821808E-01	
  5.335652E+02	  7.017046E+03	  3.617153E-01	
  5.337181E+02	  6.895750E+03	  3.015931E-01	
  5.338709E+02	  6.973348E+03	  3.433483E-01	
  5.340237E+02	  6.837277E+03	  2.755158E-01	
  5.341766E+02	  6.870543E+03	  2.945440E-01	
  5.343294E+02	  6.904999E+03	  3.142141E-01	
  5.344822E+02	  6.928917E+03	  3.284940E-01	
  5.346351E+02	  7.031115E+03	  3.831117E-01	
  5.347879E+02	  7.327872E+03	  5.381119E-01	
  5.349407E+02	  7.351630E+03	  5.525347E-01	
  5.350936E+02	  7.440405E+03	  6.005525E-01	
  5.352464E+02	  7.794501E+03	  7.857766E-01	
  5.353992E+02	  7.857098E+03	  8.205354E-01	
  5.355521E+02	  7.935924E+03	  8.637537E-01	
  5.357049E+02	  7.930596E+03	  8.634375E-01	
  5.358577E+02	  7.805833E+03	  8.011731E-01	
  5.360106E+02	  7.842620E+03	  8.226561E-01	
  5.361634E+02	  7.848371E+03	  8.280492E-01	
  5.363162E+02	  7.705462E+03	  7.561446E-01	
  5.364691E+02	  7.845953E+03	  8.316078E-01	
  5.366219E+02	  7.609654E+03	  7.109264E-01	
  5.367747E+02	  7.542407E+03	  6.781682E-01	
  5.369276E+02	  7.636145E+03	  7.293545E-01	
  5.370804E+02	  7.585851E+03	  7.054034E-01	
  5.372332E+02	  7.623104E+03	  7.271698E-01	
  5.373860E+02	  7.683092E+03	  7.608667E-01	
  5.375389E+02	  7.593540E+03	  7.163132E-01	
  5.376917E+02	  7.645970E+03	  7.460914E-01	
  5.378445E+02	  7.928979E+03	  8.968703E-01	
  5.379974E+02	  7.776423E+03	  8.192306E-01	
  5.381502E+02	  7.909686E+03	  8.916424E-01	
  5.383030E+02	  7.879608E+03	  8.782712E-01	
  5.384559E+02	  8.022518E+03	  9.559311E-01	
  5.386087E+02	  8.123370E+03	  1.011566E+00	
  5.387615E+02	  8.080655E+03	  9.915903E-01	
  5.389144E+02	  8.154559E+03	  1.033123E+00	
  5.390672E+02	  8.132741E+03	  1.024163E+00	
  5.392200E+02	  8.036624E+03	  9.759026E-01	
  5.393729E+02	  8.095176E+03	  1.009397E+00	
  5.395257E+02	  8.198941E+03	  1.066891E+00	
  5.396785E+02	  8.195293E+03	  1.067545E+00	
  5.398314E+02	  8.078400E+03	  1.008119E+00	
  5.399842E+02	  8.089075E+03	  1.016322E+00	
  5.401370E+02	  8.175829E+03	  1.064967E+00	
  5.402899E+02	  8.041727E+03	  9.962196E-01	
  5.404427E+02	  8.059276E+03	  1.008083E+00	
  5.405955E+02	  8.011600E+03	  9.852099E-01	
  5.407484E+02	  8.064121E+03	  1.015727E+00	
  5.409012E+02	  8.068883E+03	  1.020803E+00	
  5.410540E+02	  8.039916E+03	  1.007865E+00	
  5.412068E+02	  8.048102E+03	  1.014766E+00	
  5.413597E+02	  7.899582E+03	  9.378170E-01	
  5.415125E+02	  7.877369E+03	  9.283814E-01	
  5.416653E+02	  7.905043E+03	  9.456677E-01	
  5.418182E+02	  7.836948E+03	  9.115990E-01	
  5.419710E+02	  7.838941E+03	  9.151040E-01	
  5.421238E+02	  7.810679E+03	  9.023508E-01	
  5.422767E+02	  7.698802E+03	  8.445946E-01	
  5.424295E+02	  7.724760E+03	  8.609430E-01	
  5.425823E+02	  7.816565E+03	  9.127983E-01	
  5.427352E+02	  7.773820E+03	  8.921749E-01	
  5.428880E+02	  7.750910E+03	  8.822190E-01	
  5.430408E+02	  7.782265E+03	  9.015586E-01	
  5.431937E+02	  7.621912E+03	  8.172711E-01	
  5.433465E+02	  7.562291E+03	  7.873482E-01	
  5.434993E+02	  7.536740E+03	  7.758240E-01	
  5.436522E+02	  7.543427E+03	  7.817533E-01	
  5.438050E+02	  7.530561E+03	  7.770804E-01	
  5.439578E+02	  7.478861E+03	  7.513079E-01	
  5.441107E+02	  7.554102E+03	  7.944812E-01	
  5.442635E+02	  7.592832E+03	  8.178648E-01	
  5.444163E+02	  7.392915E+03	  7.113556E-01	
  5.445692E+02	  7.434694E+03	  7.363629E-01	
  5.447220E+02	  7.500487E+03	  7.745071E-01	
  5.448748E+02	  7.404248E+03	  7.242678E-01	
  5.450276E+02	  7.436358E+03	  7.440594E-01	
  5.451805E+02	  7.415671E+03	  7.350127E-01	
  5.453333E+02	  7.488002E+03	  7.768521E-01	
  5.454861E+02	  7.425029E+03	  7.446508E-01	
  5.456390E+02	  7.562714E+03	  8.223907E-01	
  5.457918E+02	  7.408440E+03	  7.400725E-01	
  5.459446E+02	  7.365598E+03	  7.188019E-01	
  5.460975E+02	  7.263918E+03	  6.651537E-01	
  5.462503E+02	  7.375610E+03	  7.287822E-01	
  5.464031E+02	  7.395603E+03	  7.420308E-01	
  5.465560E+02	  7.347058E+03	  7.175336E-01	
  5.467088E+02	  7.434491E+03	  7.679825E-01	
  5.468616E+02	  7.234492E+03	  6.598617E-01	
  5.470145E+02	  7.308892E+03	  7.031418E-01	
  5.471673E+02	  7.304483E+03	  7.029181E-01	
  5.473201E+02	  7.289605E+03	  6.968980E-01	
  5.474730E+02	  7.366465E+03	  7.416737E-01	
  5.476258E+02	  7.345146E+03	  7.320997E-01	
  5.477786E+02	  7.187741E+03	  6.470045E-01	
  5.479315E+02	  7.229614E+03	  6.724162E-01	
  5.480843E+02	  7.300280E+03	  7.138695E-01	
  5.482371E+02	  7.336233E+03	  7.360827E-01	
  5.483900E+02	  7.322768E+03	  7.308191E-01	
  5.485428E+02	  7.388442E+03	  7.696384E-01	
  5.486956E+02	  7.105525E+03	  6.141284E-01	
  5.488484E+02	  7.176226E+03	  6.557134E-01	
  5.490013E+02	  7.304853E+03	  7.297244E-01	
  5.491541E+02	  7.063670E+03	  5.971058E-01	
  5.493069E+02	  7.203178E+03	  6.772751E-01	
  5.494598E+02	  7.170746E+03	  6.612865E-01	
  5.496126E+02	  7.184937E+03	  6.714007E-01	
  5.497654E+02	  7.147124E+03	  6.523547E-01	
  5.499183E+02	  7.109648E+03	  6.334631E-01	
  5.500711E+02	  6.968010E+03	  5.560033E-01	
  5.502239E+02	  7.011186E+03	  5.823514E-01	
  5.503768E+02	  6.996906E+03	  5.763999E-01	
  5.505296E+02	  6.972611E+03	  5.647933E-01	
  5.506824E+02	  7.001275E+03	  5.830254E-01	
  5.508353E+02	  7.054812E+03	  6.153217E-01	
  5.509881E+02	  7.033635E+03	  6.054707E-01	
  5.511409E+02	  7.038144E+03	  6.101199E-01	
  5.512938E+02	  6.854046E+03	  5.080657E-01	
  5.514466E+02	  6.945278E+03	  5.617415E-01	
  5.515994E+02	  6.932892E+03	  5.567818E-01	
  5.517523E+02	  6.889932E+03	  5.344692E-01	
  5.519051E+02	  6.917702E+03	  5.522685E-01	
  5.520579E+02	  6.900849E+03	  5.447413E-01	
  5.522108E+02	  6.880429E+03	  5.351705E-01	
  5.523636E+02	  6.754243E+03	  4.653851E-01	
  5.525164E+02	  6.771783E+03	  4.773475E-01	
  5.526693E+02	  6.838646E+03	  5.174472E-01	
  5.528221E+02	  6.893673E+03	  5.508580E-01	
  5.529749E+02	  6.725869E+03	  4.570711E-01	
  5.531277E+02	  6.738097E+03	  4.660200E-01	
  5.532806E+02	  6.840107E+03	  5.263400E-01	
  5.534334E+02	  6.723459E+03	  4.615730E-01	
  5.535862E+02	  6.760729E+03	  4.848891E-01	
  5.537391E+02	  6.762797E+03	  4.880542E-01	
  5.538919E+02	  6.802829E+03	  5.130118E-01	
  5.540447E+02	  6.687117E+03	  4.485415E-01	
  5.541976E+02	  6.709390E+03	  4.632922E-01	
  5.543504E+02	  6.800390E+03	  5.176121E-01	
  5.545032E+02	  6.672760E+03	  4.461099E-01	
  5.546561E+02	  6.755167E+03	  4.955484E-01	
  5.548089E+02	  6.723579E+03	  4.793060E-01	
  5.549617E+02	  6.708030E+03	  4.722943E-01	
  5.551146E+02	  6.605596E+03	  4.150606E-01	
  5.552674E+02	  6.657398E+03	  4.469293E-01	
  5.554202E+02	  6.704159E+03	  4.759303E-01	
  5.555731E+02	  6.689424E+03	  4.693526E-01	
  5.557259E+02	  6.765134E+03	  5.152004E-01	
  5.558787E+02	  6.734572E+03	  4.994549E-01	
  5.560316E+02	  6.657022E+03	  4.563903E-01	
  5.561844E+02	  6.650484E+03	  4.545270E-01	
  5.563372E+02	  6.660879E+03	  4.625091E-01	
  5.564901E+02	  6.662872E+03	  4.656093E-01	
  5.566429E+02	  6.643660E+03	  4.563557E-01	
  5.567957E+02	  6.615428E+03	  4.418233E-01	
  5.569485E+02	  6.633512E+03	  4.542983E-01	
  5.571014E+02	  6.661233E+03	  4.724220E-01	
  5.572542E+02	  6.727709E+03	  5.132328E-01	
  5.574070E+02	  6.588958E+03	  4.340142E-01	
  5.575599E+02	  6.590239E+03	  4.366733E-01	
  5.577127E+02	  6.661146E+03	  4.801461E-01	
  5.578655E+02	  6.591155E+03	  4.410304E-01	
  5.580184E+02	  6.589832E+03	  4.421647E-01	
  5.581712E+02	  6.599664E+03	  4.498531E-01	
  5.583240E+02	  6.608823E+03	  4.571562E-01	
  5.584769E+02	  6.607495E+03	  4.582961E-01	
  5.586297E+02	  6.629681E+03	  4.732870E-01	
  5.587825E+02	  6.651519E+03	  4.880951E-01	
  5.589354E+02	  6.692085E+03	  5.139772E-01	
  5.590882E+02	  6.574037E+03	  4.462233E-01	
  5.592410E+02	  6.571706E+03	  4.467520E-01	
  5.593939E+02	  6.612351E+03	  4.727026E-01	
  5.595467E+02	  6.639188E+03	  4.905187E-01	
  5.596995E+02	  6.464182E+03	  3.887563E-01	
  5.598524E+02	  6.506967E+03	  4.159848E-01	
  5.600052E+02	  6.642009E+03	  4.980158E-01	
  5.601580E+02	  6.653864E+03	  5.070014E-01	
  5.603109E+02	  6.581572E+03	  4.659699E-01	
  5.604637E+02	  6.557830E+03	  4.537570E-01	
  5.606165E+02	  6.542481E+03	  4.465194E-01	
  5.607693E+02	  6.511836E+03	  4.301494E-01	
  5.609222E+02	  6.559585E+03	  4.605142E-01	
  5.610750E+02	  6.498356E+03	  4.258642E-01	
  5.612278E+02	  6.548680E+03	  4.578097E-01	
  5.613807E+02	  6.411555E+03	  3.777063E-01	
  5.615335E+02	  6.421893E+03	  3.857268E-01	