*********************  Core Excitation Data  ********************
****************  A.P. Hitchcock & D.C. Mancini  ****************
*
* Formula: C6H5CH2CONH2
* Name: benzyl carbamate
* Edge: C 1s
* Alpha Formula: C8H9NO
* Data Source: Hitchcock
* Filename:  im-0cckk.os
* Ref. Code: UH&95b
* Write Date: 98/08/07
* Reference: J. Pol. Sci. B. Pol. Phys. 33 (1995) 1603.
* Source and Purity: Aldrich (Dow)
* Acquisition Mode: EELS, 2 deg, 2500eV CRE mode, 0.7eV fwhm
*--------------------------------------------------------------
* No. of Spectra: 2     name1- 0imc3.   name2- 0imc.os
*   E (eV)        Raw data             Osc. Str. per atom (E-2)
*--------------------------------------------------------------
  2.804019E+02	  1.479000E+03	  7.352156E-04	
  2.805334E+02	  1.481000E+03	  5.006757E-04	
  2.806649E+02	  1.528000E+03	  4.535333E-03	
  2.807964E+02	  1.448000E+03	 -3.499016E-03	
  2.809279E+02	  1.524000E+03	  3.329094E-03	
  2.810594E+02	  1.502000E+03	  7.969802E-04	
  2.811909E+02	  1.453000E+03	 -4.361516E-03	
  2.813224E+02	  1.532000E+03	  2.841586E-03	
  2.814539E+02	  1.460000E+03	 -4.588868E-03	
  2.815854E+02	  1.534000E+03	  2.186258E-03	
  2.817169E+02	  1.510000E+03	 -5.980738E-04	
  2.818484E+02	  1.522000E+03	  1.422389E-04	
  2.819799E+02	  1.557000E+03	  3.165137E-03	
  2.821115E+02	  1.499000E+03	 -3.027115E-03	
  2.822430E+02	  1.572000E+03	  3.800505E-03	
  2.823745E+02	  1.512000E+03	 -2.640366E-03	
  2.825060E+02	  1.561000E+03	  1.832384E-03	
  2.826375E+02	  1.524000E+03	 -2.345863E-03	
  2.827690E+02	  1.579000E+03	  2.775369E-03	
  2.829005E+02	  1.522000E+03	 -3.470397E-03	
  2.830320E+02	  1.607000E+03	  4.759088E-03	
  2.831635E+02	  1.569000E+03	  4.222326E-04	
  2.832950E+02	  1.517000E+03	 -5.394440E-03	
  2.834265E+02	  1.496000E+03	 -8.047891E-03	
  2.835580E+02	  1.652000E+03	  7.687836E-03	
  2.836895E+02	  1.658000E+03	  7.888020E-03	
  2.838210E+02	  1.703000E+03	  1.218061E-02	
  2.839525E+02	  1.828000E+03	  2.493458E-02	
  2.840840E+02	  2.046000E+03	  4.762993E-02	
  2.842155E+02	  2.398000E+03	  8.474358E-02	
  2.843470E+02	  3.043000E+03	  1.534085E-01	
  2.844785E+02	  4.400000E+03	  2.988799E-01	
  2.846100E+02	  6.755000E+03	  5.528596E-01	
  2.847415E+02	  9.611000E+03	  8.630294E-01	
  2.848730E+02	  1.302800E+04	  1.236579E+00	
  2.850045E+02	  1.552400E+04	  1.512946E+00	
  2.851360E+02	  1.693200E+04	  1.672644E+00	
  2.852675E+02	  1.653100E+04	  1.635075E+00	
  2.853990E+02	  1.511100E+04	  1.484851E+00	
  2.855305E+02	  1.290600E+04	  1.246476E+00	
  2.856620E+02	  1.013100E+04	  9.427590E-01	
  2.857935E+02	  7.856000E+03	  6.923044E-01	
  2.859250E+02	  6.212000E+03	  5.104695E-01	
  2.860565E+02	  4.765000E+03	  3.492858E-01	
  2.861880E+02	  3.884000E+03	  2.507083E-01	
  2.863195E+02	  3.312000E+03	  1.863661E-01	
  2.864510E+02	  2.804000E+03	  1.287795E-01	
  2.865825E+02	  2.696000E+03	  1.164678E-01	
  2.867140E+02	  2.690000E+03	  1.157678E-01	
  2.868455E+02	  2.870000E+03	  1.365110E-01	
  2.869770E+02	  3.234000E+03	  1.787305E-01	
  2.871085E+02	  3.681000E+03	  2.309468E-01	
  2.872400E+02	  3.812000E+03	  2.466954E-01	
  2.873715E+02	  4.099000E+03	  2.808581E-01	
  2.875030E+02	  4.025000E+03	  2.728022E-01	
  2.876345E+02	  3.995000E+03	  2.698762E-01	
  2.877660E+02	  4.251000E+03	  3.008658E-01	
  2.878975E+02	  4.430000E+03	  3.229295E-01	
  2.880290E+02	  4.681000E+03	  3.537850E-01	
  2.881605E+02	  4.880000E+03	  3.786400E-01	
  2.882920E+02	  5.299000E+03	  4.302354E-01	
  2.884235E+02	  5.610000E+03	  4.691643E-01	
  2.885550E+02	  6.227000E+03	  5.456256E-01	
  2.886865E+02	  6.562000E+03	  5.882638E-01	
  2.888180E+02	  7.216000E+03	  6.703617E-01	
  2.889495E+02	  7.509000E+03	  7.086694E-01	
  2.890810E+02	  7.619000E+03	  7.246524E-01	
  2.892125E+02	  7.673000E+03	  7.338014E-01	
  2.893440E+02	  8.195000E+03	  8.013514E-01	
  2.894755E+02	  8.942000E+03	  8.976023E-01	
  2.896070E+02	  9.854000E+03	  1.015362E+00	
  2.897385E+02	  1.093000E+04	  1.154763E+00	
  2.898700E+02	  1.181700E+04	  1.271338E+00	
  2.900015E+02	  1.234100E+04	  1.342661E+00	
  2.901330E+02	  1.219800E+04	  1.329342E+00	
  2.902645E+02	  1.132500E+04	  1.222260E+00	
  2.903960E+02	  1.068500E+04	  1.144287E+00	
  2.905275E+02	  9.694000E+03	  1.020271E+00	
  2.906590E+02	  9.283000E+03	  9.705287E-01	
  2.907905E+02	  8.550000E+03	  8.783859E-01	
  2.909220E+02	  8.274000E+03	  8.452955E-01	
  2.910535E+02	  8.154000E+03	  8.324229E-01	
  2.911850E+02	  7.834000E+03	  7.930384E-01	
  2.913165E+02	  8.004000E+03	  8.182434E-01	
  2.914480E+02	  7.988000E+03	  8.188950E-01	
  2.915795E+02	  7.910000E+03	  8.112555E-01	
  2.917110E+02	  7.995000E+03	  8.254014E-01	
  2.918425E+02	  7.987000E+03	  8.271252E-01	
  2.919740E+02	  8.159000E+03	  8.531855E-01	
  2.921055E+02	  8.288000E+03	  8.736057E-01	
  2.922370E+02	  8.388000E+03	  8.902245E-01	
  2.923685E+02	  8.515000E+03	  9.106569E-01	
  2.925000E+02	  8.714000E+03	  9.411342E-01	
  2.926315E+02	  9.034000E+03	  9.885368E-01	
  2.927630E+02	  9.049000E+03	  9.940560E-01	
  2.928945E+02	  9.375000E+03	  1.042860E+00	
  2.930260E+02	  9.634000E+03	  1.082684E+00	
  2.931575E+02	  9.790000E+03	  1.108370E+00	
  2.932890E+02	  9.969000E+03	  1.137483E+00	
  2.934205E+02	  1.007700E+04	  1.156776E+00	
  2.935520E+02	  1.036300E+04	  1.201468E+00	
  2.936835E+02	  1.039700E+04	  1.210592E+00	
  2.938150E+02	  1.028100E+04	  1.198307E+00	
  2.939465E+02	  1.034200E+04	  1.211329E+00	
  2.940780E+02	  1.014000E+04	  1.186502E+00	
  2.942095E+02	  1.021500E+04	  1.201566E+00	
  2.943410E+02	  1.013800E+04	  1.194633E+00	
  2.944725E+02	  1.009300E+04	  1.192294E+00	
  2.946040E+02	  1.004400E+04	  1.189329E+00	
  2.947355E+02	  9.861000E+03	  1.166601E+00	
  2.948670E+02	  9.964000E+03	  1.185926E+00	
  2.949985E+02	  9.746000E+03	  1.157768E+00	
  2.951300E+02	  9.558000E+03	  1.133831E+00	
  2.952615E+02	  9.511000E+03	  1.130768E+00	
  2.953930E+02	  9.505000E+03	  1.133816E+00	
  2.955245E+02	  9.353000E+03	  1.114861E+00	
  2.956560E+02	  9.355000E+03	  1.119042E+00	
  2.957875E+02	  9.321000E+03	  1.117767E+00	
  2.959190E+02	  9.441000E+03	  1.139958E+00	
  2.960505E+02	  9.452000E+03	  1.145612E+00	
  2.961820E+02	  9.345000E+03	  1.133144E+00	
  2.963135E+02	  9.399000E+03	  1.145417E+00	
  2.964450E+02	  9.459000E+03	  1.158698E+00	
  2.965765E+02	  9.546000E+03	  1.176270E+00	
  2.967080E+02	  9.353000E+03	  1.150207E+00	
  2.968395E+02	  9.273000E+03	  1.141644E+00	
  2.969710E+02	  9.362000E+03	  1.159615E+00	
  2.971025E+02	  9.226000E+03	  1.142127E+00	
  2.972340E+02	  9.467000E+03	  1.184339E+00	
  2.973655E+02	  9.318000E+03	  1.164698E+00	
  2.974970E+02	  9.316000E+03	  1.168408E+00	
  2.976285E+02	  9.385000E+03	  1.183536E+00	
  2.977600E+02	  9.334000E+03	  1.179406E+00	
  2.978915E+02	  9.489000E+03	  1.208590E+00	
  2.980230E+02	  9.608000E+03	  1.232133E+00	
  2.981545E+02	  9.235000E+03	  1.175513E+00	
  2.982860E+02	  9.565000E+03	  1.233660E+00	
  2.984175E+02	  9.289000E+03	  1.192516E+00	
  2.985490E+02	  9.227000E+03	  1.186384E+00	
  2.986805E+02	  9.418000E+03	  1.222153E+00	
  2.988120E+02	  9.315000E+03	  1.209222E+00	
  2.989435E+02	  9.289000E+03	  1.209042E+00	
  2.990750E+02	  9.592000E+03	  1.264072E+00	
  2.992065E+02	  9.488000E+03	  1.250922E+00	
  2.993380E+02	  9.238000E+03	  1.212942E+00	
  2.994695E+02	  9.178000E+03	  1.206918E+00	
  2.996010E+02	  9.258000E+03	  1.224702E+00	
  2.997325E+02	  9.115000E+03	  1.204424E+00	
  2.998640E+02	  9.047000E+03	  1.196858E+00	
  2.999955E+02	  9.197000E+03	  1.226836E+00	
  3.001270E+02	  9.036000E+03	  1.203144E+00	
  3.002585E+02	  9.057000E+03	  1.210904E+00	
  3.003900E+02	  9.145000E+03	  1.230409E+00	
  3.005215E+02	  8.989000E+03	  1.207264E+00	
  3.006530E+02	  9.026000E+03	  1.217890E+00	
  3.007845E+02	  8.931000E+03	  1.205251E+00	
  3.009160E+02	  9.039000E+03	  1.228513E+00	
  3.010475E+02	  9.098000E+03	  1.243209E+00	
  3.011790E+02	  8.917000E+03	  1.215079E+00	
  3.013105E+02	  8.790000E+03	  1.196403E+00	
  3.014420E+02	  8.773000E+03	  1.197387E+00	
  3.015735E+02	  8.872000E+03	  1.219350E+00	
  3.017050E+02	  8.857000E+03	  1.220757E+00	
  3.018365E+02	  8.877000E+03	  1.228538E+00	
  3.019680E+02	  8.959000E+03	  1.247714E+00	
  3.020995E+02	  8.803000E+03	  1.223268E+00	
  3.022310E+02	  8.754000E+03	  1.218356E+00	
  3.023625E+02	  8.765000E+03	  1.224504E+00	
  3.024940E+02	  8.782000E+03	  1.231797E+00	
  3.026255E+02	  8.455000E+03	  1.174884E+00	
  3.027570E+02	  8.885000E+03	  1.259429E+00	
  3.028885E+02	  8.721000E+03	  1.232817E+00	
  3.030200E+02	  8.773000E+03	  1.246790E+00	
  3.031515E+02	  8.788000E+03	  1.253835E+00	
  3.032830E+02	  8.565000E+03	  1.215588E+00	
  3.034145E+02	  8.431000E+03	  1.194035E+00	
  3.035460E+02	  8.581000E+03	  1.226807E+00	
  3.036775E+02	  8.513000E+03	  1.217810E+00	
  3.038090E+02	  8.433000E+03	  1.206399E+00	
  3.039405E+02	  8.570000E+03	  1.237025E+00	
  3.040720E+02	  8.371000E+03	  1.202358E+00	
  3.042035E+02	  8.316000E+03	  1.195587E+00	
  3.043350E+02	  8.186000E+03	  1.174006E+00	
  3.044665E+02	  8.168000E+03	  1.174331E+00	
  3.045980E+02	  8.224000E+03	  1.189295E+00	
  3.047295E+02	  8.231000E+03	  1.194615E+00	
  3.048610E+02	  8.118000E+03	  1.176006E+00	
  3.049925E+02	  8.099000E+03	  1.176068E+00	
  3.051240E+02	  7.933000E+03	  1.146541E+00	
  3.052555E+02	  8.042000E+03	  1.172300E+00	
  3.053870E+02	  7.953000E+03	  1.158100E+00	
  3.055185E+02	  7.807000E+03	  1.132170E+00	
  3.056500E+02	  7.842000E+03	  1.143000E+00	
  3.057815E+02	  7.664000E+03	  1.110208E+00	
  3.059130E+02	  7.773000E+03	  1.136240E+00	
  3.060445E+02	  7.561000E+03	  1.096100E+00	
  3.061760E+02	  7.579000E+03	  1.103360E+00	
  3.063075E+02	  7.468000E+03	  1.083784E+00	
  3.064390E+02	  7.344000E+03	  1.061319E+00	
  3.065705E+02	  7.430000E+03	  1.082754E+00	
  3.067020E+02	  7.290000E+03	  1.056703E+00	
  3.068335E+02	  7.281000E+03	  1.058152E+00	
  3.069650E+02	  7.154000E+03	  1.034531E+00	
  3.070965E+02	  7.089000E+03	  1.023930E+00	
  3.072280E+02	  7.072000E+03	  1.023506E+00	
  3.073595E+02	  6.821000E+03	  9.727759E-01	
  3.074910E+02	  7.027000E+03	  1.020227E+00	
  3.076225E+02	  6.947000E+03	  1.006091E+00	
  3.077540E+02	  6.930000E+03	  1.005527E+00	
  3.078855E+02	  6.767000E+03	  9.730772E-01	
  3.080170E+02	  6.677000E+03	  9.563549E-01	
  3.081485E+02	  6.902000E+03	  1.008772E+00	
  3.082800E+02	  6.666000E+03	  9.597907E-01	
  3.084115E+02	  6.797000E+03	  9.917630E-01	
  3.085430E+02	  6.691000E+03	  9.712316E-01	
  3.086745E+02	  6.508000E+03	  9.333261E-01	
  3.088060E+02	  6.527000E+03	  9.404089E-01	
  3.089375E+02	  6.647000E+03	  9.702680E-01	
  3.090690E+02	  6.625000E+03	  9.682536E-01	
  3.092005E+02	  6.476000E+03	  9.374007E-01	
  3.093320E+02	  6.387000E+03	  9.199578E-01	
  3.094635E+02	  6.492000E+03	  9.467135E-01	
  3.095950E+02	  6.228000E+03	  8.889832E-01	
  3.097265E+02	  6.342000E+03	  9.178720E-01	
  3.098580E+02	  6.224000E+03	  8.933183E-01	
  3.099895E+02	  6.240000E+03	  8.996695E-01	
  3.101210E+02	  6.055000E+03	  8.592150E-01	
  3.102525E+02	  6.200000E+03	  8.956339E-01	
  3.103840E+02	  6.207000E+03	  8.999133E-01	
  3.105155E+02	  6.119000E+03	  8.818169E-01	
  3.106470E+02	  6.188000E+03	  9.007201E-01	
  3.107785E+02	  6.075000E+03	  8.765207E-01	
  3.109100E+02	  6.010000E+03	  8.635682E-01	
  3.110415E+02	  6.147000E+03	  8.988591E-01	
  3.111730E+02	  6.103000E+03	  8.909128E-01	
  3.113045E+02	  5.971000E+03	  8.616632E-01	
  3.114360E+02	  6.087000E+03	  8.922307E-01	
  3.115675E+02	  5.957000E+03	  8.632205E-01	
  3.116990E+02	  6.111000E+03	  9.032755E-01	
  3.118305E+02	  5.807000E+03	  8.314365E-01	
  3.119620E+02	  5.847000E+03	  8.436201E-01	
  3.120935E+02	  5.722000E+03	  8.151561E-01	
  3.122250E+02	  5.814000E+03	  8.402309E-01	
  3.123565E+02	  5.791000E+03	  8.368813E-01	
  3.124880E+02	  5.752000E+03	  8.294981E-01	
  3.126195E+02	  5.819000E+03	  8.486143E-01	
  3.127510E+02	  5.473000E+03	  7.639560E-01	
  3.128825E+02	  5.761000E+03	  8.387571E-01	
  3.130140E+02	  5.714000E+03	  8.291903E-01	
  3.131455E+02	  5.707000E+03	  8.297175E-01	
  3.132770E+02	  5.759000E+03	  8.453082E-01	
  3.134085E+02	  5.704000E+03	  8.335671E-01	
  3.135400E+02	  5.514000E+03	  7.869738E-01	
  3.136715E+02	  5.639000E+03	  8.214063E-01	
  3.138030E+02	  5.655000E+03	  8.278183E-01	
  3.139345E+02	  5.510000E+03	  7.923470E-01	
  3.140660E+02	  5.527000E+03	  7.989337E-01	
  3.141975E+02	  5.468000E+03	  7.856207E-01	
  3.143290E+02	  5.460000E+03	  7.856251E-01	
  3.144605E+02	  5.568000E+03	  8.162835E-01	
  3.145920E+02	  5.524000E+03	  8.068292E-01	
  3.147235E+02	  5.569000E+03	  8.209977E-01	
  3.148550E+02	  5.459000E+03	  7.938172E-01	
  3.149865E+02	  5.382000E+03	  7.752759E-01	
  3.151180E+02	  5.427000E+03	  7.894517E-01	
  3.152495E+02	  5.408000E+03	  7.864150E-01	
  3.153810E+02	  5.408000E+03	  7.885023E-01	
  3.155125E+02	  5.366000E+03	  7.791484E-01	
  3.156440E+02	  5.248000E+03	  7.489239E-01	
  3.157755E+02	  5.524000E+03	  8.266409E-01	
  3.159070E+02	  5.374000E+03	  7.875239E-01	
  3.160385E+02	  5.336000E+03	  7.790849E-01	
  3.161700E+02	  5.319000E+03	  7.764029E-01	
  3.163015E+02	  5.278000E+03	  7.669985E-01	
  3.164330E+02	  5.165000E+03	  7.373654E-01	
  3.165645E+02	  5.177000E+03	  7.426065E-01	
  3.166960E+02	  5.419000E+03	  8.127205E-01	
  3.168275E+02	  5.219000E+03	  7.582698E-01	
  3.169590E+02	  5.237000E+03	  7.653224E-01	
  3.170905E+02	  5.284000E+03	  7.806858E-01	
  3.172220E+02	  5.295000E+03	  7.858506E-01	
  3.173535E+02	  5.181000E+03	  7.551317E-01	
  3.174850E+02	  5.246000E+03	  7.757896E-01	
  3.176165E+02	  5.121000E+03	  7.415938E-01	
  3.177480E+02	  5.247000E+03	  7.800600E-01	
  3.178795E+02	  5.232000E+03	  7.776815E-01	
  3.180110E+02	  5.264000E+03	  7.890344E-01	
  3.181425E+02	  5.211000E+03	  7.754840E-01	
  3.182740E+02	  5.143000E+03	  7.573948E-01	
  3.184055E+02	  5.091000E+03	  7.438962E-01	
  3.185370E+02	  5.141000E+03	  7.605995E-01	
  3.186685E+02	  5.228000E+03	  7.884543E-01	
  3.188000E+02	  5.119000E+03	  7.578204E-01	
  3.189315E+02	  5.159000E+03	  7.717275E-01	
  3.190630E+02	  5.112000E+03	  7.594817E-01	
  3.191945E+02	  5.021000E+03	  7.338099E-01	
  3.193260E+02	  5.041000E+03	  7.416728E-01	
  3.194575E+02	  5.123000E+03	  7.685009E-01	
  3.195890E+02	  5.135000E+03	  7.740836E-01	
  3.197205E+02	  5.086000E+03	  7.609457E-01	
  3.198520E+02	  5.095000E+03	  7.655951E-01	
  3.199835E+02	  5.155000E+03	  7.860628E-01	
  3.201150E+02	  5.097000E+03	  7.699918E-01	
  3.202465E+02	  5.122000E+03	  7.796876E-01	
  3.203780E+02	  4.957000E+03	  7.299390E-01	
  3.205095E+02	  5.130000E+03	  7.860615E-01	
  3.206410E+02	  4.999000E+03	  7.466703E-01	
  3.207725E+02	  4.928000E+03	  7.259772E-01	
  3.209040E+02	  4.992000E+03	  7.480349E-01	
  3.210355E+02	  4.982000E+03	  7.466359E-01	
  3.211670E+02	  4.936000E+03	  7.336859E-01	
  3.212985E+02	  4.953000E+03	  7.408812E-01	
  3.214300E+02	  4.950000E+03	  7.416670E-01	
  3.215615E+02	  5.035000E+03	  7.709509E-01	
  3.216930E+02	  4.972000E+03	  7.523287E-01	
  3.218245E+02	  4.899000E+03	  7.302948E-01	
  3.219560E+02	  4.982000E+03	  7.591793E-01	
  3.220875E+02	  4.933000E+03	  7.448745E-01	
  3.222190E+02	  4.847000E+03	  7.182454E-01	