   264.00       0.000000       0.000000       0.000000       0.000000
   264.06       0.000000       0.000000       0.000000       0.000000
   264.11       0.000000       0.000000       0.000000       0.000000
   264.17       0.000000       0.000000       0.000000       0.000000
   264.22       0.000000       0.000000       0.000000       0.000000
   264.28       0.000000       0.000000       0.000000       0.000000
   264.34       0.000000       0.000000       0.000000       0.000000
   264.39       0.000000       0.000000       0.000000       0.000000
   264.45       0.000000       0.000000       0.000000       0.000000
   264.51       0.000000       0.000000       0.000000       0.000000
   264.56       0.000000       0.000000       0.000000       0.000000
   264.62       0.000000       0.000000       0.000000       0.000000
   264.67       0.000000       0.000000       0.000000       0.000000
   264.73       0.000000       0.000000       0.000000       0.000000
   264.79       0.000000       0.000000       0.000000       0.000000
   264.84       0.000000       0.000000       0.000000       0.000000
   264.90       0.000000       0.000000       0.000000       0.000000
   264.95       0.000000       0.000000       0.000000       0.000000
   265.01       0.000000       0.000000       0.000000       0.000000
   265.07       0.000000       0.000000       0.000000       0.000000
   265.12       0.000000       0.000000       0.000000       0.000000
   265.18       0.000000       0.000000       0.000000       0.000000
   265.23       0.000000       0.000000       0.000000       0.000000
   265.29       0.000000       0.000000       0.000000       0.000000
   265.35       0.000000       0.000000       0.000000       0.000000
   265.40       0.000000       0.000000       0.000000       0.000000
   265.46       0.000000       0.000000       0.000000       0.000000
   265.52       0.000000       0.000000       0.000000       0.000000
   265.57       0.000000       0.000000       0.000000       0.000000
   265.63       0.000000       0.000000       0.000000       0.000000
   265.68       0.000000       0.000000       0.000000       0.000000
   265.74       0.000000       0.000000       0.000000       0.000000
   265.80       0.000000       0.000000       0.000000       0.000000
   265.85       0.000000       0.000000       0.000000       0.000000
   265.91       0.000000       0.000000       0.000000       0.000000
   265.96       0.000000       0.000000       0.000000       0.000000
   266.02       0.000000       0.000000       0.000000       0.000000
   266.08       0.000000       0.000000       0.000000       0.000000
   266.13       0.000000       0.000000       0.000000       0.000000
   266.19       0.000000       0.000000       0.000000       0.000000
   266.24       0.000000       0.000000       0.000000       0.000000
   266.30       0.000000       0.000000       0.000000       0.000000
   266.36       0.000000       0.000000       0.000000       0.000000
   266.41       0.000000       0.000000       0.000000       0.000000
   266.47       0.000000       0.000000       0.000000       0.000000
   266.53       0.000000       0.000000       0.000000       0.000000
   266.58       0.000000       0.000000       0.000000       0.000000
   266.64       0.000000       0.000000       0.000000       0.000000
   266.69       0.000000       0.000000       0.000000       0.000000
   266.75       0.000000       0.000000       0.000000       0.000000
   266.81       0.000000       0.000000       0.000000       0.000000
   266.86       0.000000       0.000000       0.000000       0.000000
   266.92       0.000000       0.000000       0.000000       0.000000
   266.97       0.000000       0.000000       0.000000       0.000000
   267.03       0.000000       0.000000       0.000000       0.000000
   267.09       0.000000       0.000000       0.000000       0.000000
   267.14       0.000000       0.000000       0.000000       0.000000
   267.20       0.000000       0.000000       0.000000       0.000000
   267.25       0.000000       0.000000       0.000000       0.000000
   267.31       0.000000       0.000000       0.000000       0.000000
   267.37       0.000000       0.000000       0.000000       0.000000
   267.42       0.000000       0.000000       0.000000       0.000000
   267.48       0.000000       0.000000       0.000000       0.000000
   267.54       0.000000       0.000000       0.000000       0.000000
   267.59       0.000000       0.000000       0.000000       0.000000
   267.65       0.000000       0.000000       0.000000       0.000000
   267.70       0.000000       0.000000       0.000000       0.000000
   267.76       0.000000       0.000000       0.000000       0.000000
   267.82       0.000000       0.000000       0.000000       0.000000
   267.87       0.000000       0.000000       0.000000       0.000000
   267.93       0.000000       0.000000       0.000000       0.000000
   267.98       0.000000       0.000000       0.000000       0.000000
   268.04       0.000000       0.000000       0.000000       0.000000
   268.10       0.000000       0.000000       0.000000       0.000000
   268.15       0.000000       0.000000       0.000000       0.000000
   268.21       0.000000       0.000000       0.000000       0.000000
   268.26       0.000000       0.000000       0.000000       0.000000
   268.32       0.000000       0.000000       0.000000       0.000000
   268.38       0.000000       0.000000       0.000000       0.000000
   268.43       0.000000       0.000000       0.000000       0.000000
   268.49       0.000000       0.000000       0.000000       0.000000
   268.55       0.000000       0.000000       0.000000       0.000000
   268.60       0.000000       0.000000       0.000000       0.000000
   268.66       0.000000       0.000000       0.000000       0.000000
   268.71       0.000000       0.000000       0.000000       0.000000
   268.77       0.000000       0.000000       0.000000       0.000000
   268.83       0.000000       0.000000       0.000000       0.000000
   268.88       0.000000       0.000000       0.000000       0.000000
   268.94       0.000000       0.000000       0.000000       0.000000
   268.99       0.000000       0.000000       0.000000       0.000000
   269.05       0.000000       0.000000       0.000000       0.000000
   269.11       0.000000       0.000000       0.000000       0.000000
   269.16       0.000000       0.000000       0.000000       0.000000
   269.22       0.000000       0.000000       0.000000       0.000000
   269.27       0.000000       0.000000       0.000000       0.000000
   269.33       0.000000       0.000000       0.000000       0.000000
   269.39       0.000000       0.000000       0.000000       0.000000
   269.44       0.000000       0.000000       0.000000       0.000000
   269.50       0.000000       0.000000       0.000000       0.000000
   269.56       0.000000       0.000000       0.000000       0.000000
   269.61       0.000000       0.000000       0.000000       0.000000
   269.67       0.000000       0.000000       0.000000       0.000000
   269.72       0.000000       0.000000       0.000000       0.000000
   269.78       0.000000       0.000000       0.000000       0.000000
   269.84       0.000000       0.000000       0.000000       0.000000
   269.89       0.000000       0.000000       0.000000       0.000000
   269.95       0.000000       0.000000       0.000000       0.000000
   270.00       0.000000       0.000000       0.000000       0.000000
   270.06       0.000000       0.000000       0.000000       0.000000
   270.12       0.000000       0.000000       0.000000       0.000000
   270.17       0.000000       0.000000       0.000000       0.000000
   270.23       0.000000       0.000000       0.000000       0.000000
   270.28       0.000000       0.000000       0.000000       0.000000
   270.34       0.000000       0.000000       0.000000       0.000000
   270.40       0.000000       0.000000       0.000000       0.000000
   270.45       0.000000       0.000000       0.000000       0.000000
   270.51       0.000000       0.000000       0.000000       0.000000
   270.57       0.000000       0.000000       0.000000       0.000000
   270.62       0.000000       0.000000       0.000000       0.000000
   270.68       0.000000       0.000000       0.000000       0.000000
   270.73       0.000000       0.000000       0.000000       0.000000
   270.79       0.000000       0.000000       0.000000       0.000000
   270.85       0.000000       0.000000       0.000000       0.000000
   270.90       0.000000       0.000000       0.000000       0.000000
   270.96       0.000000       0.000000       0.000000       0.000000
   271.01       0.000000       0.000000       0.000000       0.000000
   271.07       0.000000       0.000000       0.000000       0.000000
   271.13       0.000000       0.000000       0.000000       0.000000
   271.18       0.000000       0.000000       0.000000       0.000000
   271.24       0.000000       0.000000       0.000000       0.000000
   271.29       0.000000       0.000000       0.000000       0.000000
   271.35       0.000000       0.000000       0.000000       0.000000
   271.41       0.000000       0.000000       0.000000       0.000000
   271.46       0.000000       0.000000       0.000000       0.000000
   271.52       0.000000       0.000000       0.000000       0.000000
   271.58       0.000000       0.000000       0.000000       0.000000
   271.63       0.000000       0.000000       0.000000       0.000000
   271.69       0.000000       0.000000       0.000000       0.000000
   271.74       0.000000       0.000000       0.000000       0.000000
   271.80       0.000000       0.000000       0.000000       0.000000
   271.86       0.000000       0.000000       0.000000       0.000000
   271.91       0.000000       0.000000       0.000000       0.000000
   271.97       0.000000       0.000000       0.000000       0.000000
   272.02       0.000000       0.000000       0.000000       0.000000
   272.08       0.000000       0.000000       0.000000       0.000000
   272.14       0.000000       0.000000       0.000000       0.000000
   272.19       0.000000       0.000000       0.000000       0.000000
   272.25       0.000000       0.000000       0.000000       0.000000
   272.30       0.000000       0.000000       0.000000       0.000000
   272.36       0.000000       0.000000       0.000000       0.000000
   272.42       0.000000       0.000000       0.000000       0.000000
   272.47       0.000000       0.000000       0.000000       0.000000
   272.53       0.000000       0.000000       0.000000       0.000000
   272.59       0.000000       0.000000       0.000000       0.000000
   272.64       0.000000       0.000000       0.000000       0.000000
   272.70       0.000000       0.000000       0.000000       0.000000
   272.75       0.000000       0.000000       0.000000       0.000000
   272.81       0.000000       0.000000       0.000000       0.000000
   272.87       0.000000       0.000000       0.000000       0.000000
   272.92       0.000000       0.000000       0.000000       0.000000
   272.98       0.000000       0.000000       0.000000       0.000000
   273.03       0.000000       0.000000       0.000000       0.000000
   273.09       0.000000       0.000000       0.000000       0.000000
   273.15       0.000000       0.000000       0.000000       0.000000
   273.20       0.000000       0.000000       0.000000       0.000000
   273.26       0.000000       0.000000       0.000000       0.000000
   273.31       0.000000       0.000000       0.000000       0.000000
   273.37       0.000000       0.000000       0.000000       0.000000
   273.43       0.000000       0.000000       0.000000       0.000000
   273.48       0.000000       0.000000       0.000000       0.000000
   273.54       0.000000       0.000000       0.000000       0.000000
   273.60       0.000319       0.000000       0.000000       0.000319
   273.65       0.001049       0.000000       0.000000       0.001049
   273.71       0.003933       0.000000       0.000000       0.003933
   273.76       0.012223       0.000000       0.000000       0.012223
   273.82       0.035526       0.000001       0.000000       0.035525
   273.88       0.098898       0.000002       0.000001       0.098895
   273.93       0.262189       0.000006       0.000002       0.262180
   273.99       0.663884       0.000016       0.000006       0.663861
   274.04       1.605801       0.000039       0.000015       1.605747
   274.10       3.711180       0.000089       0.000035       3.711056
   274.16       8.196872       0.000197       0.000077       8.196598
   274.21      17.306045       0.000416       0.000162      17.305466
   274.27      34.935041       0.000840       0.000328      34.933873
   274.32      67.443549       0.001623       0.000633      67.441293
   274.38     124.548464       0.002998       0.001169     124.544296
   274.44     220.068813       0.005300       0.002067     220.061447
   274.49     372.137935       0.008964       0.003497     372.125474
   274.55     602.388639       0.014515       0.005663     602.368461
   274.61     933.635296       0.022501       0.008782     933.604013
   274.66    1385.808397       0.033405       0.013042    1385.761950
   274.72    1970.376117       0.047502       0.018552    1970.310063
   274.77    2684.144095       0.064713       0.025285    2684.054097
   274.83    3503.963030       0.084478       0.033022    3503.845531
   274.89    4384.211191       0.105690       0.041334    4384.064167
   274.94    5258.690890       0.126747       0.049596    5258.514546
   275.00    6047.679645       0.145723       0.057053    6047.476869
   275.05    6669.467881       0.160646       0.062931    6669.244304
   275.11    7054.219836       0.169833       0.066568    7053.983436
   275.17    7156.965868       0.172209       0.067535    7156.726125
   275.22    6966.425409       0.167514       0.065724    6966.192171
   275.28    6507.307196       0.156360       0.061369    6507.089466
   275.33    5835.466631       0.140106       0.054998    5835.271527
   275.39    5027.234295       0.120603       0.047334    5027.066359
   275.45    4165.704032       0.099855       0.039162    4165.565015
   275.50    3327.318665       0.079703       0.031208    3327.207755
   275.56    2571.620938       0.061571       0.024034    2571.535333
   275.62    1935.824073       0.046342       0.017994    1935.759737
   275.67    1434.396418       0.034353       0.013226    1434.348839
   275.73    1062.637596       0.025478       0.009686    1062.602432
   275.78     802.565272       0.019277       0.007209     802.538786
   275.84     629.365817       0.015149       0.005561     629.345106
   275.90     517.055155       0.012469       0.004500     517.038185
   275.95     442.578608       0.010685       0.003809     442.564114
   276.01     388.139777       0.009372       0.003320     388.127085
   276.06     341.954164       0.008252       0.002919     341.942993
   276.12     297.844388       0.007180       0.002545     297.834662
   276.18     254.163320       0.006119       0.002179     254.155022
   276.23     212.499446       0.005180       0.001861     212.492404
   276.29     176.522039       0.004472       0.001634     176.515933
   276.34     151.184369       0.004362       0.001647     151.178360
   276.40     142.329809       0.005616       0.002225     142.321968
   276.46     156.566133       0.010058       0.004144     156.551932
   276.51     201.122117       0.021951       0.009235     201.090931
   276.57     283.330697       0.051118       0.021794     283.257784
   276.63     409.456196       0.119108       0.051089     409.285998
   276.68     582.806639       0.270625       0.116543     582.419470
   276.74     801.430045       0.593529       0.256452     800.580064
   276.79    1056.071841       1.249962       0.541774    1054.280105
   276.85    1329.278768       2.520824       1.096446    1325.661498
   276.91    1596.453570       4.860101       2.123025    1589.470445
   276.96    1829.171739       8.949982       3.931424    1816.290334
   277.02    2000.314070      15.735657       6.963400    1977.615013
   277.07    2089.798214      26.411592      11.803754    2051.582868
   277.13    2089.260985      42.328697      19.168387    2027.763901
   277.19    2004.199679      64.804745      29.864227    1909.530708
   277.24    1852.828960      94.850780      44.725820    1713.252360
   277.30    1661.980090     132.869742      64.545574    1464.564774
   277.35    1461.328646     178.424238      90.022357    1192.882051
   277.41    1277.695250     230.184828     121.748866     925.761557
   277.47    1130.959005     286.137366     160.237699     684.583940
   277.52    1032.385516     344.043819     205.954293     482.387404
   277.58     985.246251     402.038291     259.296796     323.911165
   277.64     986.875666     459.145562     320.458442     207.271663
   277.69    1031.032478     515.485624     389.140834     126.406021
   277.75    1109.635754     572.005381     464.153662      73.476711
   277.80    1213.473426     629.745233     543.013990      40.714203
   277.86    1332.066865     688.845649     621.710322      21.510894
   277.92    1453.277655     747.644605     694.791646      10.841404
   277.97    1563.327615     802.240770     755.869392       5.217453
   278.03    1647.677386     846.775050     798.499139       2.403198
   278.08    1692.795007     874.449972     817.279569       1.065466
   278.14    1688.421824     879.045891     808.914965       0.460969
   278.20    1629.673087     856.503364     772.968922       0.200802
   278.25    1518.290573     806.096182     712.100891       0.093500
   278.31    1362.595203     730.838548     631.706416       0.050239
   278.36    1176.079391     637.009543     539.037649       0.032200
   278.42     974.987737     532.949566     442.014699       0.023472
   278.48     775.516256     427.489223     348.009006       0.018027
   278.53     591.323793     328.443472     262.866708       0.013613
   278.59     431.892758     241.530859     190.351648       0.010251
   278.65     301.968799     169.903112     132.058311       0.007376
   278.70     201.995342     114.269769      87.720508       0.005066
   278.76     129.211895      73.448147      55.760429       0.003319
   278.81      79.006086      45.101823      33.902189       0.002074
   278.87      46.158654      26.450645      19.706773       0.001236
   278.93      25.759502      14.811178      10.947622       0.000702
   278.98      13.727385       7.916819       5.810186       0.000380
   279.04       6.983827       4.038579       2.945052       0.000196
   279.09       3.391192       1.965789       1.425306       0.000097
   279.15       1.571409       0.912889       0.658475       0.000045
   279.21       0.694738       0.404389       0.290329       0.000020
   279.26       0.293009       0.170854       0.122146       0.000009
   279.32       0.117868       0.068838       0.049027       0.000003
   279.37       0.045222       0.026449       0.018772       0.000001
   279.43       0.016531       0.009689       0.006842       0.000000
   279.49       0.005729       0.003359       0.002370       0.000000
   279.54       0.001908       0.001120       0.000788       0.000000
   279.60       0.000593       0.000356       0.000238       0.000000
   279.66       0.000171       0.000101       0.000069       0.000000
   279.71       0.000000       0.000000       0.000000       0.000000
   279.77       0.000000       0.000000       0.000000       0.000000
   279.82       0.000000       0.000000       0.000000       0.000000
   279.88       0.000000       0.000000       0.000000       0.000000
   279.94       0.000000       0.000000       0.000000       0.000000
   279.99       0.000000       0.000000       0.000000       0.000000
   280.05       0.000000       0.000000       0.000000       0.000000
   280.10       0.000000       0.000000       0.000000       0.000000
   280.16       0.000000       0.000000       0.000000       0.000000
   280.22       0.000000       0.000000       0.000000       0.000000
   280.27       0.000000       0.000000       0.000000       0.000000
   280.33       0.000000       0.000000       0.000000       0.000000
   280.38       0.000000       0.000000       0.000000       0.000000
   280.44       0.000000       0.000000       0.000000       0.000000
   280.50       0.000000       0.000000       0.000000       0.000000
   280.55       0.000000       0.000000       0.000000       0.000000
   280.61       0.000000       0.000000       0.000000       0.000000
   280.67       0.000000       0.000000       0.000000       0.000000
   280.72       0.000000       0.000000       0.000000       0.000000
   280.78       0.000000       0.000000       0.000000       0.000000
   280.83       0.000000       0.000000       0.000000       0.000000
   280.89       0.000000       0.000000       0.000000       0.000000
   280.95       0.000000       0.000000       0.000000       0.000000
   281.00       0.000000       0.000000       0.000000       0.000000
   281.06       0.000000       0.000000       0.000000       0.000000
   281.11       0.000000       0.000000       0.000000       0.000000
   281.17       0.000000       0.000000       0.000000       0.000000
   281.23       0.000000       0.000000       0.000000       0.000000
   281.28       0.000000       0.000000       0.000000       0.000000
   281.34       0.000000       0.000000       0.000000       0.000000
   281.39       0.000000       0.000000       0.000000       0.000000
   281.45       0.000000       0.000000       0.000000       0.000000
   281.51       0.000000       0.000000       0.000000       0.000000
   281.56       0.000000       0.000000       0.000000       0.000000
   281.62       0.000000       0.000000       0.000000       0.000000
   281.68       0.000000       0.000000       0.000000       0.000000
   281.73       0.000000       0.000000       0.000000       0.000000
   281.79       0.000000       0.000000       0.000000       0.000000
   281.84       0.000000       0.000000       0.000000       0.000000
   281.90       0.000000       0.000000       0.000000       0.000000
   281.96       0.000000       0.000000       0.000000       0.000000
   282.01       0.000000       0.000000       0.000000       0.000000
   282.07       0.000000       0.000000       0.000000       0.000000
   282.12       0.000000       0.000000       0.000000       0.000000
   282.18       0.000000       0.000000       0.000000       0.000000
   282.24       0.000000       0.000000       0.000000       0.000000
   282.29       0.000000       0.000000       0.000000       0.000000
   282.35       0.000000       0.000000       0.000000       0.000000
   282.40       0.000000       0.000000       0.000000       0.000000
   282.46       0.000000       0.000000       0.000000       0.000000
   282.52       0.000000       0.000000       0.000000       0.000000
   282.57       0.000000       0.000000       0.000000       0.000000
   282.63       0.000000       0.000000       0.000000       0.000000
   282.69       0.000000       0.000000       0.000000       0.000000
   282.74       0.000000       0.000000       0.000000       0.000000
   282.80       0.000000       0.000000       0.000000       0.000000
   282.85       0.000000       0.000000       0.000000       0.000000
   282.91       0.000000       0.000000       0.000000       0.000000
   282.97       0.000000       0.000000       0.000000       0.000000
   283.02       0.000000       0.000000       0.000000       0.000000
   283.08       0.000000       0.000000       0.000000       0.000000
   283.13       0.000000       0.000000       0.000000       0.000000
   283.19       0.000000       0.000000       0.000000       0.000000
   283.25       0.000000       0.000000       0.000000       0.000000
   283.30       0.000000       0.000000       0.000000       0.000000
   283.36       0.000000       0.000000       0.000000       0.000000
   283.41       0.000000       0.000000       0.000000       0.000000
   283.47       0.000000       0.000000       0.000000       0.000000
   283.53       0.000000       0.000000       0.000000       0.000000
   283.58       0.000000       0.000000       0.000000       0.000000
   283.64       0.000000       0.000000       0.000000       0.000000
   283.70       0.000000       0.000000       0.000000       0.000000
   283.75       0.000000       0.000000       0.000000       0.000000
   283.81       0.000000       0.000000       0.000000       0.000000
   283.86       0.000000       0.000000       0.000000       0.000000
   283.92       0.000000       0.000000       0.000000       0.000000
   283.98       0.000000       0.000000       0.000000       0.000000
   284.03       0.000000       0.000000       0.000000       0.000000
   284.09       0.000000       0.000000       0.000000       0.000000
   284.14       0.000000       0.000000       0.000000       0.000000
   284.20       0.000000       0.000000       0.000000       0.000000
   284.26       0.000000       0.000000       0.000000       0.000000
   284.31       0.000000       0.000000       0.000000       0.000000
   284.37       0.000000       0.000000       0.000000       0.000000
   284.42       0.000000       0.000000       0.000000       0.000000
   284.48       0.000000       0.000000       0.000000       0.000000
   284.54       0.000000       0.000000       0.000000       0.000000
   284.59       0.000000       0.000000       0.000000       0.000000
   284.65       0.000000       0.000000       0.000000       0.000000
   284.71       0.000000       0.000000       0.000000       0.000000
   284.76       0.000000       0.000000       0.000000       0.000000
   284.82       0.000000       0.000000       0.000000       0.000000
   284.87       0.000000       0.000000       0.000000       0.000000
   284.93       0.000000       0.000000       0.000000       0.000000
   284.99       0.000000       0.000000       0.000000       0.000000
   285.04       0.000000       0.000000       0.000000       0.000000
   285.10       0.000000       0.000000       0.000000       0.000000
   285.15       0.000000       0.000000       0.000000       0.000000
   285.21       0.000000       0.000000       0.000000       0.000000
   285.27       0.000000       0.000000       0.000000       0.000000
   285.32       0.000000       0.000000       0.000000       0.000000
   285.38       0.000000       0.000000       0.000000       0.000000
   285.43       0.000000       0.000000       0.000000       0.000000
   285.49       0.000000       0.000000       0.000000       0.000000
   285.55       0.000000       0.000000       0.000000       0.000000
   285.60       0.000000       0.000000       0.000000       0.000000
   285.66       0.000000       0.000000       0.000000       0.000000
   285.72       0.000000       0.000000       0.000000       0.000000
   285.77       0.000000       0.000000       0.000000       0.000000
   285.83       0.000000       0.000000       0.000000       0.000000
   285.88       0.000000       0.000000       0.000000       0.000000
   285.94       0.000000       0.000000       0.000000       0.000000
   286.00       0.000000       0.000000       0.000000       0.000000
   286.05       0.000000       0.000000       0.000000       0.000000
   286.11       0.000000       0.000000       0.000000       0.000000
   286.16       0.000000       0.000000       0.000000       0.000000
   286.22       0.000000       0.000000       0.000000       0.000000
   286.28       0.000000       0.000000       0.000000       0.000000
   286.33       0.000000       0.000000       0.000000       0.000000
   286.39       0.000000       0.000000       0.000000       0.000000
   286.44       0.000000       0.000000       0.000000       0.000000
   286.50       0.000000       0.000000       0.000000       0.000000
   286.56       0.000000       0.000000       0.000000       0.000000
   286.61       0.000000       0.000000       0.000000       0.000000
   286.67       0.000000       0.000000       0.000000       0.000000
   286.73       0.000000       0.000000       0.000000       0.000000
   286.78       0.000000       0.000000       0.000000       0.000000
   286.84       0.000000       0.000000       0.000000       0.000000
   286.89       0.000000       0.000000       0.000000       0.000000
   286.95       0.000000       0.000000       0.000000       0.000000
   287.01       0.000000       0.000000       0.000000       0.000000
   287.06       0.000000       0.000000       0.000000       0.000000
   287.12       0.000000       0.000000       0.000000       0.000000
   287.17       0.000000       0.000000       0.000000       0.000000
   287.23       0.000000       0.000000       0.000000       0.000000
   287.29       0.000000       0.000000       0.000000       0.000000
   287.34       0.000000       0.000000       0.000000       0.000000
   287.40       0.000000       0.000000       0.000000       0.000000
   287.45       0.000000       0.000000       0.000000       0.000000
   287.51       0.000000       0.000000       0.000000       0.000000
   287.57       0.000000       0.000000       0.000000       0.000000
   287.62       0.000000       0.000000       0.000000       0.000000
   287.68       0.000000       0.000000       0.000000       0.000000
   287.74       0.000000       0.000000       0.000000       0.000000
   287.79       0.000000       0.000000       0.000000       0.000000
   287.85       0.000000       0.000000       0.000000       0.000000
   287.90       0.000000       0.000000       0.000000       0.000000
   287.96       0.000000       0.000000       0.000000       0.000000
   288.02       0.000000       0.000000       0.000000       0.000000
   288.07       0.000000       0.000000       0.000000       0.000000
   288.13       0.000000       0.000000       0.000000       0.000000
   288.18       0.000000       0.000000       0.000000       0.000000
   288.24       0.000000       0.000000       0.000000       0.000000
   288.30       0.000000       0.000000       0.000000       0.000000
   288.35       0.000000       0.000000       0.000000       0.000000
   288.41       0.000000       0.000000       0.000000       0.000000
   288.46       0.000000       0.000000       0.000000       0.000000
   288.52       0.000000       0.000000       0.000000       0.000000
   288.58       0.000000       0.000000       0.000000       0.000000
   288.63       0.000000       0.000000       0.000000       0.000000
   288.69       0.000000       0.000000       0.000000       0.000000
   288.75       0.000000       0.000000       0.000000       0.000000
   288.80       0.000000       0.000000       0.000000       0.000000
   288.86       0.000000       0.000000       0.000000       0.000000
   288.91       0.000000       0.000000       0.000000       0.000000
   288.97       0.000000       0.000000       0.000000       0.000000
   289.03       0.000000       0.000000       0.000000       0.000000
   289.08       0.000000       0.000000       0.000000       0.000000
   289.14       0.000000       0.000000       0.000000       0.000000
   289.19       0.000000       0.000000       0.000000       0.000000
   289.25       0.000000       0.000000       0.000000       0.000000
   289.31       0.000000       0.000000       0.000000       0.000000
   289.36       0.000000       0.000000       0.000000       0.000000
   289.42       0.000000       0.000000       0.000000       0.000000
   289.47       0.000000       0.000000       0.000000       0.000000
   289.53       0.000000       0.000000       0.000000       0.000000
   289.59       0.000000       0.000000       0.000000       0.000000
   289.64       0.000000       0.000000       0.000000       0.000000
   289.70       0.000000       0.000000       0.000000       0.000000
   289.76       0.000000       0.000000       0.000000       0.000000
   289.81       0.000000       0.000000       0.000000       0.000000
   289.87       0.000000       0.000000       0.000000       0.000000
   289.92       0.000000       0.000000       0.000000       0.000000
   289.98       0.000000       0.000000       0.000000       0.000000
   290.04       0.000000       0.000000       0.000000       0.000000
   290.09       0.000000       0.000000       0.000000       0.000000
   290.15       0.000000       0.000000       0.000000       0.000000
   290.20       0.000000       0.000000       0.000000       0.000000
   290.26       0.000000       0.000000       0.000000       0.000000
   290.32       0.000000       0.000000       0.000000       0.000000
   290.37       0.000000       0.000000       0.000000       0.000000
   290.43       0.000000       0.000000       0.000000       0.000000
   290.48       0.000000       0.000000       0.000000       0.000000
   290.54       0.000000       0.000000       0.000000       0.000000
   290.60       0.000000       0.000000       0.000000       0.000000
   290.65       0.000000       0.000000       0.000000       0.000000
   290.71       0.000000       0.000000       0.000000       0.000000
   290.77       0.000000       0.000000       0.000000       0.000000
   290.82       0.000000       0.000000       0.000000       0.000000
   290.88       0.000000       0.000000       0.000000       0.000000
   290.93       0.000000       0.000000       0.000000       0.000000
   290.99       0.000000       0.000000       0.000000       0.000000
   291.05       0.000000       0.000000       0.000000       0.000000
   291.10       0.000000       0.000000       0.000000       0.000000
   291.16       0.000000       0.000000       0.000000       0.000000
   291.21       0.000000       0.000000       0.000000       0.000000
   291.27       0.000000       0.000000       0.000000       0.000000
   291.33       0.000000       0.000000       0.000000       0.000000
   291.38       0.000000       0.000000       0.000000       0.000000
   291.44       0.000000       0.000000       0.000000       0.000000
   291.49       0.000000       0.000000       0.000000       0.000000
   291.55       0.000000       0.000000       0.000000       0.000000
   291.61       0.000000       0.000000       0.000000       0.000000
   291.66       0.000000       0.000000       0.000000       0.000000
   291.72       0.000000       0.000000       0.000000       0.000000
   291.78       0.000000       0.000000       0.000000       0.000000
   291.83       0.000000       0.000000       0.000000       0.000000
   291.89       0.000000       0.000000       0.000000       0.000000
   291.94       0.000000       0.000000       0.000000       0.000000
   292.00       0.000000       0.000000       0.000000       0.000000
